Value	Count
52.0	38.0
48.0	35.0
26.0	19.0
22.0	14.0
36.0	11.0
25.0	11.0
108.0	11.0
6.0	10.0
96.0	10.0
100.0	9.0
32.0	9.0
40.0	9.0
436.0	9.0
129.0	8.0
88.0	8.0
92.0	8.0
112.0	8.0
44.0	7.0
176.0	7.0
346.0	6.0
116.0	6.0
51.0	6.0
164.0	6.0
274.0	6.0
170.0	6.0
53.0	6.0
243.0	5.0
64.0	5.0
43.0	5.0
260.0	5.0
68.0	5.0
228.0	5.0
8.0	5.0
267.0	4.0
42.0	4.0
184.0	4.0
204.0	4.0
137.0	4.0
288.0	4.0
156.0	4.0
342.0	4.0
817.0	4.0
39.0	4.0
162.0	4.0
59.0	4.0
54.0	4.0
72.0	4.0
124.0	4.0
298.0	3.0
24.0	3.0
70.0	3.0
236.0	3.0
659.0	3.0
21.0	3.0
74.0	3.0
205.0	3.0
157.0	3.0
248.0	3.0
249.0	3.0
90.0	3.0
611.0	3.0
178.0	3.0
263.0	3.0
646.0	3.0
200.0	3.0
393.0	3.0
506.0	3.0
461.0	3.0
325.0	3.0
291.0	3.0
145.0	3.0
315.0	3.0
191.0	3.0
122.0	3.0
341.0	3.0
470.0	2.0
960.0	2.0
161.0	2.0
374.0	2.0
585.0	2.0
720.0	2.0
1028.0	2.0
823.0	2.0
697.0	2.0
406.0	2.0
427.0	2.0
456.0	2.0
821.0	2.0
222.0	2.0
1073.0	2.0
594.0	2.0
319.0	2.0
1833.0	2.0
255.0	2.0
494.0	2.0
1834.0	2.0
362.0	2.0
69.0	2.0
246.0	2.0
509.0	2.0
347.0	2.0
848.0	2.0
211.0	2.0
385.0	2.0
317.0	2.0
753.0	2.0
181.0	2.0
1158.0	2.0
229.0	2.0
802.0	2.0
649.0	2.0
479.0	2.0
421.0	2.0
94.0	2.0
206.0	2.0
836.0	2.0
153.0	2.0
343.0	2.0
57.0	2.0
23.0	2.0
106.0	2.0
11.0	2.0
597.0	2.0
82.0	2.0
918.0	2.0
663.0	2.0
643.0	2.0
193.0	2.0
254.0	2.0
665.0	2.0
151.0	2.0
217.0	2.0
455.0	2.0
454.0	2.0
445.0	2.0
399.0	2.0
150.0	2.0
125.0	2.0
167.0	2.0
136.0	2.0
220.0	2.0
363.0	2.0
290.0	2.0
199.0	2.0
152.0	2.0
65.0	2.0
192.0	2.0
133.0	2.0
241.0	2.0
66.0	2.0
345.0	2.0
364.0	2.0
61.0	2.0
46.0	2.0
175.0	2.0
128.0	2.0
265.0	2.0
601.0	1.0
994.0	1.0
284.0	1.0
542.0	1.0
361.0	1.0
458.0	1.0
428.0	1.0
218.0	1.0
1050.0	1.0
793.0	1.0
737.0	1.0
224.0	1.0
681.0	1.0
190.0	1.0
139.0	1.0
207.0	1.0
16.0	1.0
642.0	1.0
332.0	1.0
1052.0	1.0
86.0	1.0
271.0	1.0
292.0	1.0
914.0	1.0
186.0	1.0
860.0	1.0
764.0	1.0
939.0	1.0
894.0	1.0
592.0	1.0
586.0	1.0
231.0	1.0
675.0	1.0
352.0	1.0
671.0	1.0
146.0	1.0
443.0	1.0
383.0	1.0
533.0	1.0
938.0	1.0
563.0	1.0
709.0	1.0
1468.0	1.0
631.0	1.0
466.0	1.0
513.0	1.0
414.0	1.0
431.0	1.0
437.0	1.0
85.0	1.0
294.0	1.0
169.0	1.0
339.0	1.0
1943.0	1.0
197.0	1.0
370.0	1.0
182.0	1.0
138.0	1.0
262.0	1.0
15.0	1.0
110.0	1.0
483.0	1.0
328.0	1.0
313.0	1.0
948.0	1.0
213.0	1.0
584.0	1.0
173.0	1.0
230.0	1.0
278.0	1.0
219.0	1.0
340.0	1.0
462.0	1.0
771.0	1.0
538.0	1.0
331.0	1.0
395.0	1.0
376.0	1.0
1025.0	1.0
580.0	1.0
209.0	1.0
55.0	1.0
329.0	1.0
637.0	1.0
12.0	1.0
27.0	1.0
662.0	1.0
119.0	1.0
570.0	1.0
474.0	1.0
309.0	1.0
1020.0	1.0
746.0	1.0
403.0	1.0
529.0	1.0
256.0	1.0
29.0	1.0
195.0	1.0
634.0	1.0
316.0	1.0
308.0	1.0
409.0	1.0
353.0	1.0
188.0	1.0
412.0	1.0
420.0	1.0
757.0	1.0
588.0	1.0
312.0	1.0
177.0	-1.0
603.0	-1.0
366.0	-1.0
856.0	-1.0
504.0	-1.0
772.0	-1.0
411.0	-1.0
484.0	-1.0
77.0	-1.0
320.0	-1.0
522.0	-1.0
378.0	-1.0
463.0	-1.0
468.0	-1.0
416.0	-1.0
991.0	-1.0
444.0	-1.0
451.0	-1.0
279.0	-1.0
1109.0	-1.0
628.0	-1.0
795.0	-1.0
379.0	-1.0
1069.0	-1.0
310.0	-1.0
778.0	-1.0
1033.0	-1.0
336.0	-1.0
557.0	-1.0
424.0	-1.0
442.0	-1.0
813.0	-1.0
1170.0	-1.0
698.0	-1.0
326.0	-1.0
453.0	-1.0
1081.0	-1.0
401.0	-1.0
638.0	-1.0
147.0	-1.0
561.0	-1.0
797.0	-1.0
389.0	-1.0
929.0	-1.0
459.0	-1.0
672.0	-1.0
202.0	-1.0
1174.0	-1.0
293.0	-1.0
126.0	-1.0
384.0	-1.0
868.0	-1.0
419.0	-1.0
1096.0	-1.0
314.0	-1.0
1013.0	-1.0
356.0	-1.0
321.0	-1.0
302.0	-1.0
486.0	-1.0
391.0	-1.0
652.0	-1.0
109.0	-1.0
985.0	-1.0
372.0	-1.0
812.0	-1.0
297.0	-1.0
680.0	-1.0
250.0	-1.0
423.0	-1.0
839.0	-1.0
365.0	-1.0
131.0	-1.0
950.0	-1.0
495.0	-1.0
543.0	-1.0
844.0	-1.0
333.0	-1.0
38.0	-1.0
242.0	-1.0
240.0	-1.0
568.0	-1.0
498.0	-1.0
327.0	-1.0
465.0	-1.0
33.0	-1.0
134.0	-1.0
496.0	-1.0
318.0	-1.0
98.0	-1.0
908.0	-1.0
283.0	-1.0
525.0	-1.0
619.0	-1.0
367.0	-1.0
1024.0	-1.0
502.0	-1.0
275.0	-1.0
187.0	-1.0
232.0	-1.0
141.0	-1.0
440.0	-1.0
67.0	-1.0
521.0	-1.0
359.0	-1.0
304.0	-1.0
104.0	-2.0
34.0	-2.0
10.0	-2.0
154.0	-2.0
102.0	-2.0
78.0	-2.0
287.0	-2.0
132.0	-2.0
144.0	-2.0
348.0	-2.0
196.0	-2.0
212.0	-2.0
56.0	-2.0
149.0	-2.0
179.0	-2.0
19.0	-2.0
148.0	-2.0
295.0	-2.0
127.0	-2.0
1044.0	-2.0
626.0	-2.0
735.0	-2.0
776.0	-2.0
487.0	-2.0
475.0	-2.0
780.0	-2.0
1281.0	-2.0
270.0	-2.0
337.0	-2.0
282.0	-2.0
590.0	-2.0
488.0	-2.0
73.0	-2.0
216.0	-2.0
517.0	-2.0
615.0	-2.0
556.0	-2.0
551.0	-2.0
473.0	-2.0
644.0	-2.0
63.0	-2.0
1056.0	-2.0
299.0	-2.0
130.0	-2.0
368.0	-2.0
884.0	-2.0
530.0	-2.0
898.0	-2.0
264.0	-2.0
296.0	-2.0
142.0	-2.0
618.0	-2.0
239.0	-3.0
140.0	-3.0
84.0	-3.0
158.0	-3.0
258.0	-3.0
449.0	-3.0
221.0	-3.0
160.0	-3.0
306.0	-3.0
234.0	-3.0
716.0	-3.0
350.0	-3.0
266.0	-3.0
37.0	-3.0
324.0	-3.0
31.0	-3.0
276.0	-4.0
76.0	-4.0
62.0	-4.0
226.0	-4.0
344.0	-4.0
381.0	-4.0
259.0	-4.0
168.0	-5.0
14.0	-5.0
208.0	-5.0
80.0	-5.0
41.0	-5.0
20.0	-5.0
174.0	-5.0
49.0	-6.0
253.0	-6.0
252.0	-7.0
60.0	-8.0
58.0	-9.0
28.0	-10.0
18.0	-10.0
50.0	-16.0
120.0	-17.0
30.0	-17.0
13.0	-28.0
