Value	Count
4.0	59
7.0	54
5.0	51
3.0	49
32.0	48
11.0	47
29.0	45
20.0	43
21.0	43
27.0	42
17.0	41
8.0	40
37.0	37
57.0	37
9.0	36
23.0	36
61.0	36
14.0	35
12.0	34
33.0	34
34.0	34
148.0	33
22.0	33
53.0	33
73.0	33
13.0	32
50.0	32
59.0	32
36.0	32
47.0	32
51.0	31
62.0	31
54.0	31
78.0	31
97.0	30
173.0	30
150.0	30
35.0	30
71.0	30
25.0	30
108.0	29
100.0	29
104.0	29
6.0	29
2.0	29
98.0	29
31.0	28
119.0	28
30.0	28
28.0	28
145.0	27
58.0	27
44.0	27
16.0	27
18.0	27
82.0	26
189.0	26
56.0	26
49.0	26
26.0	25
194.0	25
180.0	25
381.0	25
74.0	25
187.0	25
175.0	25
295.0	25
245.0	24
312.0	24
24.0	24
288.0	24
91.0	24
45.0	23
120.0	23
10.0	23
72.0	23
66.0	23
94.0	23
275.0	23
177.0	23
101.0	23
83.0	23
76.0	23
225.0	23
282.0	23
166.0	22
114.0	22
138.0	22
90.0	22
176.0	22
231.0	22
48.0	22
55.0	22
113.0	22
106.0	22
197.0	22
207.0	22
121.0	22
272.0	22
200.0	22
107.0	21
123.0	21
208.0	21
105.0	21
163.0	21
253.0	21
69.0	21
64.0	21
19.0	21
201.0	21
103.0	21
124.0	21
43.0	20
251.0	20
234.0	20
278.0	20
126.0	20
140.0	20
79.0	20
89.0	20
136.0	20
52.0	20
155.0	20
164.0	20
88.0	20
170.0	20
247.0	19
267.0	19
81.0	19
220.0	19
362.0	19
70.0	19
77.0	19
63.0	19
95.0	19
290.0	19
109.0	19
205.0	19
87.0	19
115.0	19
143.0	19
284.0	19
125.0	19
146.0	18
504.0	18
41.0	18
273.0	18
156.0	18
38.0	18
117.0	18
93.0	18
134.0	18
437.0	18
171.0	18
153.0	18
118.0	18
235.0	18
67.0	18
75.0	18
221.0	18
219.0	18
39.0	17
325.0	17
15.0	17
385.0	17
276.0	17
182.0	17
92.0	17
188.0	17
133.0	17
316.0	17
132.0	17
324.0	17
60.0	17
158.0	17
243.0	17
248.0	17
269.0	16
252.0	16
238.0	16
354.0	16
223.0	16
317.0	16
151.0	16
330.0	16
46.0	16
142.0	15
162.0	15
327.0	15
260.0	15
629.0	15
361.0	15
172.0	15
209.0	15
193.0	15
348.0	15
137.0	15
372.0	15
277.0	15
196.0	15
192.0	15
586.0	15
169.0	15
227.0	15
122.0	14
40.0	14
224.0	14
68.0	14
291.0	14
494.0	14
179.0	14
326.0	14
682.0	14
236.0	14
292.0	14
307.0	14
244.0	14
402.0	14
183.0	14
228.0	14
485.0	14
159.0	14
131.0	14
250.0	14
302.0	14
323.0	14
436.0	14
254.0	14
442.0	14
99.0	13
382.0	13
202.0	13
567.0	13
349.0	13
314.0	13
102.0	13
298.0	13
147.0	13
271.0	13
242.0	13
421.0	13
300.0	13
65.0	13
195.0	13
347.0	13
433.0	13
144.0	13
447.0	13
472.0	13
257.0	13
830.0	13
285.0	13
430.0	13
141.0	12
111.0	12
214.0	12
474.0	12
112.0	12
157.0	12
443.0	12
154.0	12
216.0	12
507.0	12
357.0	12
478.0	12
96.0	12
345.0	12
130.0	12
210.0	12
350.0	12
212.0	12
241.0	12
222.0	12
259.0	12
460.0	12
322.0	12
204.0	12
532.0	12
450.0	12
517.0	12
249.0	12
319.0	12
139.0	12
342.0	11
582.0	11
371.0	11
618.0	11
315.0	11
339.0	11
552.0	11
524.0	11
675.0	11
294.0	11
186.0	11
261.0	11
512.0	11
389.0	11
226.0	11
233.0	11
592.0	11
199.0	11
483.0	11
116.0	11
644.0	11
538.0	11
398.0	11
306.0	11
287.0	11
335.0	11
270.0	11
218.0	11
543.0	11
415.0	11
746.0	11
174.0	11
321.0	11
127.0	10
373.0	10
258.0	10
407.0	10
548.0	10
603.0	10
456.0	10
185.0	10
419.0	10
336.0	10
318.0	10
332.0	10
352.0	10
85.0	10
404.0	10
303.0	10
441.0	10
84.0	10
453.0	10
515.0	10
184.0	10
395.0	10
388.0	10
544.0	10
359.0	10
340.0	10
370.0	10
609.0	10
152.0	10
790.0	10
630.0	10
344.0	10
778.0	10
435.0	10
392.0	10
191.0	10
217.0	10
533.0	10
286.0	10
255.0	10
387.0	9
262.0	9
482.0	9
310.0	9
283.0	9
246.0	9
455.0	9
129.0	9
386.0	9
465.0	9
232.0	9
229.0	9
367.0	9
296.0	9
568.0	9
198.0	9
265.0	9
337.0	9
516.0	9
308.0	9
429.0	9
580.0	9
461.0	9
762.0	9
281.0	9
559.0	9
690.0	9
167.0	9
341.0	9
420.0	9
736.0	8
796.0	8
678.0	8
804.0	8
883.0	8
356.0	8
431.0	8
509.0	8
240.0	8
411.0	8
406.0	8
358.0	8
391.0	8
526.0	8
649.0	8
715.0	8
575.0	8
587.0	8
412.0	8
616.0	8
313.0	8
754.0	8
309.0	8
423.0	8
397.0	8
463.0	8
654.0	8
1020.0	8
393.0	7
563.0	7
535.0	7
553.0	7
1157.0	7
425.0	7
462.0	7
481.0	7
42.0	7
418.0	7
368.0	7
531.0	7
521.0	7
375.0	7
168.0	7
1268.0	7
400.0	7
165.0	7
1034.0	7
446.0	7
274.0	7
268.0	7
365.0	7
299.0	7
215.0	7
605.0	7
213.0	7
1094.0	7
600.0	7
741.0	7
594.0	7
401.0	7
520.0	7
613.0	7
876.0	7
704.0	7
655.0	7
426.0	7
160.0	7
522.0	7
542.0	7
473.0	7
577.0	7
606.0	7
230.0	7
589.0	7
403.0	7
695.0	7
758.0	7
366.0	7
749.0	7
1139.0	6
819.0	6
829.0	6
491.0	6
493.0	6
632.0	6
320.0	6
503.0	6
203.0	6
976.0	6
716.0	6
767.0	6
497.0	6
597.0	6
128.0	6
256.0	6
934.0	6
190.0	6
584.0	6
86.0	6
346.0	6
355.0	6
264.0	6
360.0	6
374.0	6
625.0	6
110.0	6
672.0	6
161.0	6
802.0	6
879.0	6
617.0	6
713.0	6
1154.0	6
178.0	6
384.0	6
773.0	6
705.0	6
467.0	6
206.0	6
394.0	6
1009.0	6
211.0	6
634.0	6
80.0	6
557.0	6
263.0	6
591.0	6
181.0	6
813.0	6
487.0	6
689.0	6
611.0	6
304.0	6
1265.0	5
598.0	5
886.0	5
953.0	5
1075.0	5
992.0	5
438.0	5
637.0	5
887.0	5
408.0	5
293.0	5
489.0	5
334.0	5
677.0	5
464.0	5
417.0	5
599.0	5
601.0	5
680.0	5
913.0	5
301.0	5
668.0	5
693.0	5
1015.0	5
800.0	5
1244.0	5
1054.0	5
639.0	5
664.0	5
817.0	5
1090.0	5
239.0	5
857.0	5
961.0	5
621.0	5
1289.0	5
1215.0	5
1046.0	5
1194.0	5
351.0	5
923.0	5
1394.0	5
911.0	5
958.0	5
513.0	5
457.0	5
338.0	5
280.0	5
329.0	5
149.0	5
825.0	5
943.0	5
590.0	5
950.0	5
1105.0	5
529.0	5
1069.0	5
720.0	5
135.0	5
555.0	5
525.0	5
499.0	5
376.0	5
781.0	5
1029.0	5
369.0	5
1618.0	5
454.0	5
410.0	5
820.0	5
448.0	5
547.0	5
657.0	5
449.0	5
959.0	5
1081.0	5
1444.0	5
527.0	5
714.0	5
925.0	5
498.0	4
771.0	4
707.0	4
479.0	4
1019.0	4
628.0	4
396.0	4
721.0	4
508.0	4
861.0	4
706.0	4
737.0	4
924.0	4
534.0	4
477.0	4
1078.0	4
1293.0	4
1716.0	4
484.0	4
558.0	4
687.0	4
787.0	4
1333.0	4
719.0	4
667.0	4
541.0	4
523.0	4
378.0	4
624.0	4
871.0	4
379.0	4
1160.0	4
579.0	4
364.0	4
502.0	4
470.0	4
569.0	4
458.0	4
506.0	4
602.0	4
1369.0	4
514.0	4
1032.0	4
488.0	4
712.0	4
409.0	4
343.0	4
671.0	4
390.0	4
468.0	4
747.0	4
1294.0	4
574.0	4
724.0	4
1104.0	4
1144.0	4
266.0	4
237.0	4
656.0	4
945.0	4
989.0	4
856.0	4
1002.0	4
838.0	4
537.0	4
572.0	4
486.0	4
723.0	4
896.0	4
1011.0	4
647.0	4
660.0	4
978.0	4
1120.0	4
333.0	4
578.0	4
1150.0	4
983.0	4
583.0	4
809.0	4
380.0	4
807.0	4
673.0	4
427.0	4
405.0	4
966.0	4
920.0	4
1086.0	4
596.0	4
560.0	4
511.0	4
452.0	4
1123.0	4
561.0	4
496.0	4
444.0	4
519.0	4
899.0	4
466.0	4
674.0	4
884.0	4
839.0	4
626.0	4
702.0	4
610.0	4
805.0	4
703.0	4
459.0	4
495.0	4
841.0	4
1919.0	3
890.0	3
1271.0	3
1507.0	3
1315.0	3
1007.0	3
643.0	3
1161.0	3
1057.0	3
1548.0	3
849.0	3
1576.0	3
779.0	3
685.0	3
669.0	3
1675.0	3
878.0	3
663.0	3
2164.0	3
1103.0	3
1174.0	3
928.0	3
965.0	3
1379.0	3
1492.0	3
740.0	3
847.0	3
967.0	3
422.0	3
1183.0	3
619.0	3
1330.0	3
972.0	3
903.0	3
1690.0	3
1108.0	3
752.0	3
894.0	3
2226.0	3
683.0	3
440.0	3
623.0	3
432.0	3
743.0	3
907.0	3
1280.0	3
900.0	3
416.0	3
571.0	3
694.0	3
546.0	3
949.0	3
836.0	3
1476.0	3
1682.0	3
1461.0	3
1731.0	3
918.0	3
960.0	3
353.0	3
755.0	3
1045.0	3
2101.0	3
641.0	3
942.0	3
581.0	3
893.0	3
1296.0	3
888.0	3
1041.0	3
1580.0	3
681.0	3
659.0	3
822.0	3
1332.0	3
986.0	3
1523.0	3
761.0	3
1171.0	3
2236.0	3
698.0	3
917.0	3
870.0	3
858.0	3
1036.0	3
413.0	3
615.0	3
1014.0	3
739.0	3
789.0	3
1013.0	3
1455.0	3
1152.0	3
2078.0	3
593.0	3
777.0	3
648.0	3
744.0	3
735.0	3
2300.0	3
1142.0	3
897.0	3
1240.0	3
889.0	3
1181.0	3
1326.0	3
1005.0	3
1106.0	3
1089.0	2
772.0	2
1536.0	2
718.0	2
1616.0	2
1173.0	2
1169.0	2
2018.0	2
808.0	2
1551.0	2
1276.0	2
536.0	2
1341.0	2
1063.0	2
1428.0	2
1372.0	2
570.0	2
1312.0	2
588.0	2
1684.0	2
1211.0	2
646.0	2
1167.0	2
1378.0	2
1059.0	2
363.0	2
1337.0	2
828.0	2
612.0	2
926.0	2
867.0	2
1448.0	2
780.0	2
1458.0	2
650.0	2
759.0	2
471.0	2
711.0	2
1213.0	2
895.0	2
1297.0	2
279.0	2
1210.0	2
328.0	2
750.0	2
383.0	2
742.0	2
1676.0	2
686.0	2
708.0	2
910.0	2
1567.0	2
627.0	2
1781.0	2
651.0	2
1006.0	2
645.0	2
1822.0	2
1145.0	2
902.0	2
1424.0	2
1454.0	2
2053.0	2
996.0	2
1243.0	2
1717.0	2
652.0	2
1080.0	2
414.0	2
1091.0	2
1260.0	2
1262.0	2
434.0	2
492.0	2
1554.0	2
869.0	2
912.0	2
792.0	2
2054.0	2
653.0	2
874.0	2
699.0	2
1591.0	2
1256.0	2
803.0	2
1274.0	2
475.0	2
469.0	2
636.0	2
1026.0	2
1004.0	2
734.0	2
1556.0	2
919.0	2
2458.0	2
833.0	2
840.0	2
1340.0	2
1327.0	2
1409.0	2
1199.0	2
1050.0	2
1445.0	2
823.0	2
1113.0	2
1239.0	2
1087.0	2
566.0	2
1273.0	2
554.0	2
1664.0	2
1202.0	2
576.0	2
1708.0	2
604.0	2
1159.0	2
1569.0	2
764.0	2
1221.0	2
1388.0	2
1697.0	2
732.0	2
951.0	2
855.0	2
815.0	2
1066.0	2
549.0	2
445.0	2
1116.0	2
1155.0	2
1001.0	2
1140.0	2
834.0	2
1270.0	2
607.0	2
1000.0	2
1541.0	2
1353.0	2
885.0	2
1216.0	2
821.0	2
1549.0	2
1627.0	2
852.0	2
999.0	2
793.0	2
938.0	2
1450.0	2
551.0	2
935.0	2
1245.0	2
1391.0	2
1668.0	2
726.0	2
697.0	2
1356.0	2
1361.0	2
932.0	2
898.0	2
864.0	2
786.0	2
881.0	2
505.0	2
964.0	2
676.0	2
666.0	2
770.0	2
709.0	2
1481.0	2
638.0	2
1016.0	2
722.0	2
585.0	2
377.0	2
565.0	2
530.0	2
801.0	2
1135.0	2
875.0	2
1403.0	2
1552.0	2
1352.0	2
1867.0	2
2044.0	2
882.0	2
806.0	2
1303.0	2
774.0	2
827.0	2
700.0	2
1023.0	2
1592.0	2
635.0	2
995.0	2
846.0	2
768.0	2
399.0	2
985.0	2
696.0	2
2074.0	2
1322.0	2
962.0	2
622.0	2
564.0	2
1229.0	2
845.0	2
922.0	2
769.0	2
988.0	2
311.0	2
854.0	2
831.0	2
1948.0	2
765.0	2
1062.0	2
540.0	2
1560.0	2
1235.0	2
788.0	2
500.0	2
480.0	2
1193.0	2
738.0	2
1060.0	2
956.0	2
1249.0	2
1233.0	2
1365.0	2
1092.0	2
873.0	2
748.0	2
684.0	1
439.0	1
1711.0	1
843.0	1
