Brightness	Occurrences
0.0	646
12.0	573
4.0	512
6.0	502
11.0	471
5.0	467
7.0	446
8.0	445
13.0	442
9.0	404
16.0	398
14.0	381
20.0	376
19.0	375
21.0	371
27.0	369
17.0	369
26.0	367
15.0	362
28.0	356
37.0	330
23.0	330
22.0	326
10.0	318
24.0	317
31.0	315
36.0	306
34.0	305
55.0	301
25.0	300
50.0	300
44.0	299
40.0	298
18.0	298
30.0	296
49.0	296
63.0	295
67.0	290
35.0	287
33.0	283
38.0	283
45.0	282
43.0	275
47.0	274
32.0	273
29.0	271
51.0	269
251.0	260
42.0	259
57.0	258
52.0	255
87.0	253
83.0	252
244.0	252
74.0	249
206.0	249
119.0	249
151.0	248
48.0	247
113.0	247
72.0	247
66.0	246
64.0	245
39.0	244
114.0	243
106.0	242
239.0	242
93.0	240
62.0	240
224.0	238
41.0	237
103.0	237
97.0	237
99.0	237
282.0	236
235.0	236
243.0	236
203.0	236
46.0	236
174.0	235
171.0	235
173.0	233
95.0	233
211.0	232
134.0	231
121.0	230
53.0	229
157.0	229
269.0	229
160.0	228
201.0	228
232.0	228
60.0	228
54.0	227
180.0	227
226.0	227
112.0	227
124.0	226
325.0	226
85.0	226
186.0	226
191.0	226
158.0	226
284.0	225
177.0	224
76.0	224
199.0	224
81.0	224
274.0	223
296.0	223
68.0	223
80.0	223
138.0	223
275.0	223
185.0	223
290.0	223
237.0	223
70.0	222
133.0	222
214.0	222
125.0	222
277.0	221
61.0	221
147.0	221
190.0	220
128.0	220
129.0	220
178.0	219
252.0	219
163.0	219
89.0	218
79.0	218
69.0	218
300.0	218
273.0	217
159.0	217
236.0	217
304.0	217
299.0	216
91.0	215
117.0	215
153.0	214
249.0	214
135.0	214
130.0	214
101.0	214
154.0	213
168.0	213
146.0	212
58.0	212
98.0	212
266.0	211
86.0	211
59.0	211
184.0	211
169.0	211
145.0	211
216.0	211
73.0	211
182.0	211
301.0	211
292.0	210
230.0	210
256.0	210
100.0	209
247.0	209
261.0	209
71.0	208
132.0	208
281.0	207
77.0	207
78.0	207
195.0	207
92.0	207
127.0	207
102.0	207
238.0	206
329.0	206
183.0	206
164.0	206
255.0	206
108.0	206
271.0	205
120.0	205
210.0	205
161.0	204
202.0	204
220.0	204
162.0	204
215.0	203
221.0	203
250.0	202
144.0	202
257.0	202
351.0	202
317.0	202
96.0	201
90.0	201
219.0	201
104.0	201
56.0	201
264.0	201
122.0	201
200.0	200
88.0	200
140.0	200
139.0	200
136.0	199
331.0	199
209.0	199
82.0	199
111.0	199
193.0	198
314.0	198
313.0	198
207.0	198
126.0	198
75.0	198
286.0	197
142.0	197
324.0	197
181.0	197
166.0	197
109.0	197
260.0	196
179.0	196
176.0	196
227.0	196
315.0	195
192.0	195
143.0	195
242.0	194
155.0	194
283.0	194
172.0	193
289.0	193
208.0	193
241.0	193
311.0	193
110.0	192
253.0	192
259.0	192
156.0	192
280.0	192
123.0	191
319.0	191
305.0	191
212.0	191
342.0	191
150.0	191
316.0	191
279.0	191
213.0	191
272.0	189
197.0	189
341.0	189
116.0	188
65.0	188
222.0	188
234.0	188
231.0	188
327.0	187
328.0	187
94.0	186
228.0	186
268.0	186
276.0	186
362.0	186
246.0	185
198.0	185
223.0	185
291.0	185
285.0	185
326.0	185
322.0	185
310.0	185
258.0	184
306.0	184
364.0	184
248.0	184
297.0	183
358.0	183
321.0	183
240.0	183
165.0	183
148.0	183
287.0	183
149.0	182
141.0	182
312.0	182
229.0	182
308.0	182
265.0	182
307.0	182
302.0	182
105.0	181
245.0	179
262.0	179
288.0	178
337.0	178
371.0	177
263.0	177
118.0	176
137.0	176
339.0	176
359.0	175
187.0	175
355.0	175
107.0	175
368.0	174
267.0	174
131.0	173
218.0	173
376.0	172
175.0	172
334.0	172
167.0	172
196.0	172
330.0	171
336.0	171
217.0	170
254.0	170
344.0	170
194.0	170
335.0	169
189.0	169
345.0	169
188.0	167
225.0	166
377.0	166
205.0	166
84.0	166
318.0	165
152.0	165
294.0	164
357.0	163
204.0	163
343.0	163
295.0	162
396.0	162
354.0	162
398.0	161
278.0	161
349.0	161
115.0	161
417.0	160
293.0	160
338.0	158
346.0	158
382.0	158
426.0	158
386.0	157
381.0	157
394.0	157
385.0	156
353.0	156
363.0	156
360.0	155
389.0	155
361.0	155
320.0	155
369.0	153
432.0	153
233.0	153
379.0	152
303.0	151
440.0	151
340.0	150
352.0	149
423.0	148
170.0	148
380.0	147
367.0	146
323.0	146
2.0	145
378.0	144
347.0	144
404.0	143
356.0	143
387.0	143
309.0	143
332.0	142
373.0	142
388.0	142
413.0	141
392.0	141
383.0	141
390.0	141
384.0	141
370.0	140
408.0	140
409.0	139
411.0	139
397.0	138
365.0	138
403.0	138
270.0	136
401.0	136
447.0	136
441.0	135
395.0	135
458.0	134
407.0	134
438.0	133
375.0	132
298.0	131
399.0	131
429.0	131
333.0	131
406.0	130
439.0	130
415.0	130
3.0	130
456.0	129
366.0	129
433.0	128
454.0	127
418.0	127
463.0	126
348.0	126
468.0	126
434.0	125
425.0	125
350.0	124
462.0	123
422.0	123
431.0	123
445.0	123
435.0	123
372.0	122
419.0	122
477.0	120
400.0	119
444.0	118
470.0	118
509.0	117
442.0	117
421.0	117
459.0	117
493.0	116
473.0	116
512.0	116
428.0	116
374.0	116
466.0	115
393.0	115
448.0	115
469.0	114
412.0	114
446.0	113
430.0	113
416.0	113
450.0	112
424.0	112
483.0	112
414.0	111
436.0	110
474.0	109
461.0	109
484.0	109
420.0	108
443.0	108
451.0	107
449.0	107
405.0	106
402.0	106
503.0	105
427.0	105
437.0	104
500.0	104
452.0	104
505.0	103
491.0	103
479.0	103
476.0	103
504.0	103
508.0	101
523.0	101
457.0	101
460.0	100
391.0	100
410.0	99
472.0	99
475.0	98
541.0	98
522.0	98
532.0	98
538.0	98
581.0	95
519.0	95
533.0	94
499.0	94
497.0	93
540.0	93
481.0	93
464.0	93
521.0	92
506.0	92
453.0	91
549.0	91
480.0	89
513.0	89
525.0	89
494.0	89
488.0	89
495.0	89
552.0	89
526.0	88
471.0	88
545.0	88
531.0	87
465.0	87
482.0	86
553.0	86
486.0	86
515.0	86
565.0	85
535.0	85
485.0	85
520.0	84
501.0	84
562.0	84
564.0	84
455.0	84
498.0	84
574.0	83
573.0	82
524.0	82
527.0	81
496.0	81
478.0	81
518.0	81
502.0	80
492.0	80
627.0	80
490.0	80
605.0	78
511.0	78
547.0	77
529.0	74
467.0	74
603.0	74
550.0	74
557.0	74
567.0	74
609.0	73
514.0	73
551.0	73
539.0	72
487.0	72
489.0	72
579.0	72
517.0	71
596.0	70
586.0	70
555.0	70
558.0	69
600.0	69
575.0	69
599.0	69
516.0	69
569.0	69
554.0	69
528.0	68
591.0	68
544.0	67
583.0	67
510.0	67
576.0	67
543.0	67
563.0	66
546.0	66
588.0	66
507.0	66
566.0	66
608.0	66
590.0	65
548.0	65
534.0	65
530.0	64
594.0	64
584.0	64
612.0	64
633.0	64
638.0	64
570.0	63
604.0	62
536.0	61
589.0	61
580.0	61
542.0	61
593.0	60
568.0	60
592.0	60
640.0	60
578.0	59
694.0	58
585.0	58
693.0	57
636.0	57
556.0	56
643.0	56
602.0	56
620.0	56
663.0	55
647.0	55
691.0	55
618.0	55
661.0	55
646.0	54
582.0	53
560.0	53
701.0	53
617.0	53
537.0	53
611.0	53
709.0	52
613.0	52
668.0	52
644.0	51
641.0	51
559.0	51
632.0	51
626.0	51
761.0	51
699.0	50
623.0	50
639.0	50
637.0	50
610.0	50
571.0	50
676.0	49
652.0	48
621.0	48
587.0	48
664.0	48
561.0	48
654.0	47
631.0	47
619.0	46
677.0	46
635.0	46
628.0	46
597.0	46
730.0	45
660.0	45
682.0	45
606.0	45
577.0	44
634.0	44
665.0	44
658.0	44
688.0	43
616.0	43
684.0	43
572.0	43
624.0	43
653.0	42
724.0	42
642.0	42
629.0	42
622.0	41
686.0	41
656.0	41
721.0	41
670.0	41
738.0	41
700.0	40
607.0	40
695.0	40
751.0	40
743.0	40
690.0	40
655.0	40
595.0	39
649.0	39
672.0	39
731.0	39
729.0	39
744.0	38
687.0	38
667.0	38
666.0	38
692.0	38
702.0	38
598.0	38
732.0	38
645.0	38
614.0	37
601.0	37
792.0	37
671.0	37
698.0	36
778.0	36
657.0	36
679.0	36
882.0	36
651.0	36
673.0	35
675.0	35
630.0	35
615.0	35
794.0	34
739.0	34
719.0	33
650.0	33
762.0	33
727.0	33
716.0	32
685.0	32
662.0	32
707.0	32
737.0	32
774.0	31
747.0	31
758.0	31
674.0	31
714.0	31
717.0	31
669.0	31
678.0	31
706.0	31
809.0	31
697.0	30
746.0	30
769.0	30
728.0	30
703.0	30
756.0	30
722.0	30
849.0	30
828.0	30
740.0	30
659.0	30
935.0	29
867.0	29
770.0	29
725.0	29
750.0	29
742.0	29
720.0	29
648.0	29
715.0	29
787.0	28
768.0	28
824.0	28
736.0	28
763.0	28
789.0	27
708.0	27
733.0	27
884.0	27
735.0	27
766.0	27
790.0	27
718.0	26
704.0	26
776.0	26
870.0	26
780.0	26
749.0	26
625.0	26
723.0	26
705.0	26
755.0	26
712.0	26
811.0	26
838.0	26
713.0	26
816.0	25
767.0	25
872.0	25
696.0	25
810.0	25
848.0	24
680.0	24
823.0	24
796.0	24
757.0	24
919.0	24
710.0	24
759.0	24
825.0	23
837.0	23
785.0	23
822.0	23
681.0	23
806.0	23
853.0	22
898.0	22
826.0	22
752.0	22
775.0	22
1008.0	22
820.0	22
889.0	22
813.0	22
779.0	22
683.0	21
772.0	21
741.0	21
840.0	21
815.0	21
920.0	21
915.0	21
689.0	21
803.0	21
802.0	21
777.0	21
800.0	21
971.0	21
804.0	21
1021.0	21
832.0	21
765.0	21
782.0	20
805.0	20
835.0	20
850.0	20
851.0	20
879.0	20
842.0	20
852.0	20
841.0	20
845.0	19
891.0	19
799.0	19
836.0	19
791.0	19
916.0	19
914.0	19
784.0	19
963.0	19
812.0	18
831.0	18
745.0	18
781.0	18
783.0	18
857.0	18
821.0	18
875.0	18
754.0	18
1015.0	18
861.0	18
808.0	18
962.0	18
865.0	18
786.0	18
734.0	17
877.0	17
1154.0	17
860.0	17
801.0	17
874.0	17
748.0	17
711.0	17
972.0	17
797.0	16
922.0	16
945.0	16
939.0	16
829.0	16
830.0	16
859.0	16
941.0	16
1013.0	16
793.0	16
726.0	16
839.0	15
921.0	15
902.0	15
855.0	15
798.0	15
995.0	15
944.0	15
1057.0	15
1073.0	15
873.0	15
814.0	15
834.0	15
827.0	14
892.0	14
966.0	14
795.0	14
881.0	14
924.0	14
773.0	14
846.0	14
1035.0	14
977.0	14
817.0	14
938.0	14
1077.0	14
1023.0	13
771.0	13
888.0	13
753.0	13
764.0	13
908.0	13
788.0	13
896.0	13
912.0	13
1094.0	13
807.0	13
926.0	13
931.0	13
760.0	13
847.0	13
883.0	13
951.0	13
946.0	13
869.0	12
1009.0	12
928.0	12
973.0	12
1029.0	12
1125.0	12
844.0	12
894.0	12
955.0	12
868.0	12
943.0	12
1053.0	12
982.0	12
991.0	12
983.0	12
1074.0	12
956.0	12
1273.0	11
1020.0	11
1014.0	11
1003.0	11
960.0	11
967.0	11
1082.0	11
1026.0	11
1097.0	11
886.0	11
1234.0	11
986.0	11
906.0	11
990.0	11
819.0	11
1058.0	11
863.0	11
997.0	11
890.0	11
854.0	11
858.0	11
1064.0	10
952.0	10
818.0	10
880.0	10
1253.0	10
871.0	10
1327.0	10
1156.0	10
1024.0	10
900.0	10
942.0	10
1005.0	10
1091.0	10
957.0	10
910.0	10
843.0	10
925.0	10
937.0	10
876.0	10
1126.0	10
1022.0	10
1127.0	10
969.0	9
878.0	9
1116.0	9
1153.0	9
979.0	9
1123.0	9
959.0	9
911.0	9
833.0	9
1018.0	9
1016.0	9
1006.0	9
1185.0	9
856.0	9
953.0	9
987.0	9
1146.0	9
1001.0	9
862.0	9
1000.0	9
961.0	9
1075.0	9
970.0	8
1052.0	8
905.0	8
1059.0	8
1150.0	8
994.0	8
1432.0	8
893.0	8
923.0	8
1028.0	8
1145.0	8
1138.0	8
1069.0	8
1076.0	8
1235.0	8
927.0	8
1092.0	8
1334.0	8
1187.0	8
1206.0	8
1060.0	8
1084.0	8
1090.0	8
975.0	8
964.0	8
1072.0	8
917.0	8
1504.0	8
1065.0	8
1142.0	8
1036.0	8
1071.0	8
988.0	8
1241.0	8
895.0	7
1109.0	7
864.0	7
1418.0	7
1176.0	7
974.0	7
1162.0	7
1070.0	7
885.0	7
918.0	7
1384.0	7
1242.0	7
866.0	7
1306.0	7
907.0	7
1191.0	7
887.0	7
1317.0	7
1276.0	7
1038.0	7
1345.0	7
1152.0	7
913.0	7
1244.0	7
1178.0	7
940.0	7
1037.0	7
1012.0	7
950.0	7
1475.0	7
1441.0	7
1027.0	7
1079.0	7
1130.0	7
899.0	7
1044.0	7
1274.0	7
1011.0	7
897.0	7
1032.0	7
936.0	7
1034.0	7
1378.0	6
1101.0	6
909.0	6
930.0	6
1159.0	6
1103.0	6
1083.0	6
1041.0	6
992.0	6
1102.0	6
1460.0	6
1316.0	6
1359.0	6
1199.0	6
1186.0	6
1577.0	6
1167.0	6
934.0	6
1329.0	6
1017.0	6
1248.0	6
1040.0	6
1143.0	6
998.0	6
1337.0	6
1061.0	6
1135.0	6
1100.0	6
1278.0	6
980.0	6
1181.0	6
1043.0	6
1220.0	6
1232.0	6
1048.0	6
1470.0	6
1168.0	6
1857.0	6
1401.0	6
968.0	6
1218.0	6
903.0	6
1275.0	5
1114.0	5
1398.0	5
1205.0	5
1574.0	5
1246.0	5
1158.0	5
1292.0	5
1463.0	5
1164.0	5
1033.0	5
1371.0	5
1208.0	5
993.0	5
1352.0	5
1133.0	5
929.0	5
1063.0	5
1139.0	5
1151.0	5
1269.0	5
1080.0	5
1148.0	5
1486.0	5
1211.0	5
1031.0	5
1124.0	5
965.0	5
932.0	5
1462.0	5
1169.0	5
1563.0	5
1129.0	5
1098.0	5
1368.0	5
1025.0	5
1056.0	5
1010.0	5
1163.0	5
1202.0	5
948.0	5
1086.0	5
1590.0	5
1049.0	5
1215.0	5
1157.0	5
996.0	5
1549.0	5
1222.0	5
1172.0	5
985.0	4
1140.0	4
1087.0	4
1323.0	4
1204.0	4
1051.0	4
933.0	4
989.0	4
1655.0	4
1007.0	4
1161.0	4
1526.0	4
976.0	4
1254.0	4
1681.0	4
1280.0	4
1283.0	4
1200.0	4
999.0	4
1165.0	4
1081.0	4
1175.0	4
1403.0	4
1591.0	4
1238.0	4
1112.0	4
1493.0	4
1147.0	4
1122.0	4
1047.0	4
1155.0	4
1336.0	4
1002.0	4
1190.0	4
1067.0	4
1050.0	4
1093.0	4
1214.0	4
1530.0	4
1240.0	4
1236.0	4
1532.0	4
1221.0	4
1144.0	4
1004.0	4
1249.0	4
1445.0	4
1120.0	4
1261.0	4
954.0	4
1128.0	4
1107.0	4
1131.0	4
1289.0	4
1039.0	4
981.0	4
1304.0	4
1258.0	4
901.0	4
978.0	4
1250.0	4
1237.0	3
1189.0	3
1615.0	3
1356.0	3
1631.0	3
1539.0	3
1364.0	3
1268.0	3
1134.0	3
1450.0	3
1370.0	3
1203.0	3
1111.0	3
1474.0	3
1307.0	3
1457.0	3
1136.0	3
1838.0	3
1119.0	3
1628.0	3
1302.0	3
1193.0	3
1516.0	3
1194.0	3
958.0	3
1407.0	3
1630.0	3
1663.0	3
2115.0	3
1687.0	3
1251.0	3
1113.0	3
1213.0	3
1415.0	3
1291.0	3
1487.0	3
1239.0	3
1609.0	3
1381.0	3
1533.0	3
1195.0	3
1229.0	3
1341.0	3
1500.0	3
1089.0	3
1209.0	3
1141.0	3
1625.0	3
1459.0	3
1271.0	3
1085.0	3
1320.0	3
1321.0	3
1303.0	3
1706.0	3
1589.0	3
1523.0	3
1330.0	3
1894.0	3
1288.0	3
1677.0	3
1416.0	3
1197.0	3
1042.0	3
1683.0	3
1408.0	3
949.0	3
1406.0	3
1827.0	3
1434.0	3
1265.0	3
2236.0	3
1217.0	3
1569.0	3
1428.0	3
1375.0	3
2345.0	2
1564.0	2
1660.0	2
1442.0	2
2334.0	2
1579.0	2
1295.0	2
3606.0	2
1645.0	2
1996.0	2
2040.0	2
1473.0	2
1587.0	2
1354.0	2
2365.0	2
1653.0	2
1173.0	2
1171.0	2
1285.0	2
1714.0	2
1853.0	2
1266.0	2
1267.0	2
1196.0	2
1451.0	2
1472.0	2
1806.0	2
1019.0	2
2001.0	2
1469.0	2
1584.0	2
1944.0	2
1216.0	2
1399.0	2
1256.0	2
1588.0	2
1673.0	2
1279.0	2
1560.0	2
1363.0	2
1483.0	2
1105.0	2
1818.0	2
1055.0	2
1099.0	2
1228.0	2
2060.0	2
1832.0	2
1201.0	2
1505.0	2
1669.0	2
1567.0	2
1454.0	2
1149.0	2
1245.0	2
1188.0	2
1342.0	2
1856.0	2
1510.0	2
1272.0	2
1262.0	2
1296.0	2
1383.0	2
1753.0	2
1117.0	2
1226.0	2
1313.0	2
1449.0	2
1858.0	2
1088.0	2
1263.0	2
1422.0	2
1137.0	2
1315.0	2
2150.0	2
1160.0	2
1282.0	2
1595.0	2
1096.0	2
1427.0	2
1828.0	2
1439.0	2
1479.0	2
1325.0	2
1121.0	2
1225.0	2
1490.0	2
1115.0	2
2116.0	2
904.0	2
1437.0	2
1339.0	2
1798.0	2
1286.0	2
1478.0	2
1328.0	2
1947.0	2
1659.0	2
1652.0	2
1322.0	2
1767.0	2
1436.0	2
1626.0	2
1402.0	2
1223.0	2
1582.0	2
1212.0	2
1586.0	2
1981.0	2
1277.0	2
1633.0	2
1106.0	2
1284.0	2
1224.0	2
1166.0	2
1078.0	2
1233.0	2
1545.0	2
1876.0	2
1299.0	2
1308.0	2
1921.0	2
1287.0	2
1455.0	2
1331.0	2
1054.0	2
1562.0	2
1553.0	2
1557.0	2
1310.0	2
1231.0	2
1170.0	2
1294.0	2
1536.0	2
1642.0	2
1468.0	2
1668.0	2
1066.0	2
1768.0	2
2061.0	2
1192.0	2
1527.0	2
1977.0	2
1498.0	2
1433.0	2
1259.0	2
1300.0	2
1332.0	2
1558.0	2
1257.0	2
1298.0	2
2269.0	2
1443.0	2
1820.0	2
1311.0	2
1544.0	2
1727.0	2
1458.0	2
