#frame	event	cm_x	cm_y	size	size_r	size_g	size_b	sum	sum_r	sum_g	sum_b
0	5	1443.665924276169	217.66369710467703	7.0	4.0	0.0	5.0	898.0	748.0	0.0	150.0
0	17	596.6660746003553	864.6660746003553	7.0	4.0	5.0	4.0	563.0	84.0	19.0	460.0
0	24	821.4909090909091	1065.509090909091	4.0	4.0	0.0	1.0	110.0	108.0	0.0	2.0
0	34	918.6750418760467	1760.6750418760469	7.0	4.0	5.0	4.0	597.0	92.0	25.0	480.0
0	35	2194.658436213992	1760.6584362139918	7.0	4.0	5.0	4.0	486.0	68.0	18.0	400.0
1	5	1443.665924276169	217.66369710467703	7.0	4.0	0.0	5.0	898.0	748.0	0.0	150.0
1	17	596.6660746003553	864.6660746003553	7.0	4.0	5.0	4.0	563.0	84.0	19.0	460.0
1	24	821.4909090909091	1065.509090909091	4.0	4.0	0.0	1.0	110.0	108.0	0.0	2.0
1	34	918.6750418760467	1760.6750418760469	7.0	4.0	5.0	4.0	597.0	92.0	25.0	480.0
1	35	2194.658436213992	1760.6584362139918	7.0	4.0	5.0	4.0	486.0	68.0	18.0	400.0
2	9	1741.1888809693514	529.8218104062722	9.0	4.0	7.0	6.0	1403.0	636.0	621.0	144.0
2	12	1678.502325581395	674.2	6.0	1.0	4.0	4.0	215.0	2.0	65.0	148.0
2	32	2303.509578544061	1663.5095785440612	4.0	4.0	0.0	1.0	261.0	256.0	0.0	5.0
2	42	1528.6026490066224	2012.2980132450327	9.0	4.0	8.0	4.0	604.0	56.0	196.0	352.0
2	45	437.4961832061069	2037.496183206107	4.0	4.0	0.0	1.0	131.0	128.0	0.0	2.0
3	20	673.5178997613365	839.5178997613365	4.0	4.0	0.0	1.0	419.0	404.0	0.0	15.0
3	30	1038.5	1447.5593220338983	4.0	0.0	4.0	2.0	118.0	0.0	104.0	14.0
3	31	1326.5	1603.5675675675675	4.0	0.0	4.0	2.0	148.0	0.0	128.0	20.0
3	37	1705.502994011976	1797.508982035928	4.0	4.0	0.0	1.0	167.0	164.0	0.0	2.0
4	21	1500.6330749354006	956.6330749354004	7.0	4.0	1.0	4.0	387.0	48.0	3.0	332.0
4	25	200.51636363636365	1166.5163636363636	4.0	1.0	1.0	4.0	275.0	7.0	2.0	264.0
4	39	2109.5	1888.5	4.0	0.0	4.0	0.0	172.0	0.0	172.0	0.0
4	43	911.5	1952.5	4.0	0.0	4.0	0.0	216.0	0.0	216.0	0.0
5	21	1500.6330749354006	956.6330749354004	7.0	4.0	1.0	4.0	387.0	48.0	3.0	332.0
5	25	200.51636363636365	1166.5163636363636	4.0	1.0	1.0	4.0	275.0	7.0	2.0	264.0
5	39	2109.5	1888.5	4.0	0.0	4.0	0.0	172.0	0.0	172.0	0.0
5	43	911.5	1952.5	4.0	0.0	4.0	0.0	216.0	0.0	216.0	0.0
6	16	994.7122752150116	1254.7240031274432	9.0	6.0	7.0	6.0	1279.0	230.0	113.0	936.0
6	26	1208.661354581673	1716.661354581673	7.0	4.0	5.0	4.0	502.0	72.0	18.0	412.0
6	31	2239.520309477756	1863.520309477756	4.0	4.0	0.0	1.0	517.0	496.0	0.0	21.0
7	4	2223.505882352941	473.5058823529412	4.0	4.0	0.0	1.0	170.0	168.0	0.0	2.0
7	27	2439.6620046620046	1789.6643356643356	7.0	4.0	0.0	5.0	858.0	716.0	0.0	142.0
8	30	891.515923566879	1745.5095541401274	4.0	4.0	0.0	2.0	314.0	304.0	0.0	10.0
9	30	891.515923566879	1745.5095541401274	4.0	4.0	0.0	2.0	314.0	304.0	0.0	10.0
10	13	1002.6727879799666	528.6744574290484	7.0	4.0	5.0	4.0	599.0	92.0	26.0	480.0
10	39	513.5111111111111	1433.5111111111112	4.0	4.0	0.0	1.0	270.0	264.0	0.0	6.0
10	42	2380.663967611336	1566.663967611336	7.0	4.0	5.0	4.0	494.0	72.0	18.0	404.0
10	44	2266.6639344262294	1638.6639344262296	7.0	4.0	5.0	5.0	488.0	68.0	18.0	402.0
10	48	1172.5171102661598	1768.5171102661598	4.0	1.0	1.0	4.0	263.0	7.0	2.0	252.0
11	21	668.5	1577.5	4.0	0.0	4.0	4.0	256.0	0.0	248.0	8.0
11	23	1204.5	1669.5479452054794	4.0	0.0	4.0	2.0	146.0	0.0	132.0	14.0
11	24	389.5027027027027	1673.502702702703	4.0	4.0	0.0	2.0	185.0	180.0	0.0	5.0
11	28	1894.683823529412	1768.6823529411763	7.0	4.0	5.0	4.0	680.0	108.0	31.0	540.0
12	12	102.50898203592814	952.5089820359282	4.0	1.0	0.0	4.0	167.0	3.0	0.0	164.0
12	26	1726.5191082802548	1490.5191082802548	4.0	1.0	1.0	4.0	314.0	9.0	3.0	300.0
12	30	1696.7269180754226	1600.6879063719116	9.0	4.0	7.0	6.0	769.0	120.0	49.0	600.0
12	32	1911.463768115942	1608.5072463768115	4.0	0.0	4.0	2.0	69.0	0.0	65.0	4.0
12	35	2085.5149700598804	1875.51497005988	4.0	4.0	0.0	1.0	334.0	324.0	0.0	10.0
13	12	102.50898203592814	952.5089820359282	4.0	1.0	0.0	4.0	167.0	3.0	0.0	164.0
13	26	1726.5191082802548	1490.5191082802548	4.0	1.0	1.0	4.0	314.0	9.0	3.0	300.0
13	30	1696.7269180754226	1600.6879063719116	9.0	4.0	7.0	6.0	769.0	120.0	49.0	600.0
13	32	1911.463768115942	1608.5072463768115	4.0	0.0	4.0	2.0	69.0	0.0	65.0	4.0
13	35	2085.5149700598804	1875.51497005988	4.0	4.0	0.0	1.0	334.0	324.0	0.0	10.0
14	7	1528.5027624309391	714.1933701657458	6.0	0.0	4.0	4.0	181.0	0.0	56.0	124.0
14	16	462.6666666666667	1182.6666666666667	7.0	4.0	5.0	4.0	576.0	84.0	24.0	468.0
14	20	477.52062868369353	1673.5206286836935	4.0	4.0	0.0	1.0	509.0	488.0	0.0	21.0
14	25	78.65843621399176	1906.658436213992	7.0	4.0	5.0	4.0	486.0	68.0	18.0	400.0
15	10	1846.6724137931035	286.67241379310343	7.0	4.0	5.0	4.0	580.0	88.0	24.0	468.0
15	43	577.5075376884422	1755.5075376884422	4.0	4.0	0.0	1.0	199.0	196.0	0.0	3.0
15	48	1040.5136186770428	1972.5175097276265	4.0	1.0	0.0	4.0	257.0	7.0	0.0	248.0
16	14	306.6373056994819	1176.6295336787564	7.0	5.0	1.0	4.0	386.0	51.0	3.0	328.0
16	17	2358.5	1283.54375	4.0	0.0	4.0	2.0	320.0	0.0	292.0	28.0
16	19	1897.516883116883	1293.516883116883	4.0	4.0	0.0	1.0	385.0	372.0	0.0	13.0
16	24	802.6780185758514	1500.6780185758514	7.0	4.0	5.0	4.0	646.0	100.0	30.0	516.0
16	30	1187.5207207207206	1725.5207207207206	4.0	4.0	0.0	1.0	555.0	532.0	0.0	23.0
16	32	1358.5135135135135	1792.5135135135135	4.0	1.0	0.0	4.0	222.0	5.0	0.0	216.0
17	14	306.6373056994819	1176.6295336787564	7.0	5.0	1.0	4.0	386.0	51.0	3.0	328.0
17	17	2358.5	1283.54375	4.0	0.0	4.0	2.0	320.0	0.0	292.0	28.0
17	19	1897.516883116883	1293.516883116883	4.0	4.0	0.0	1.0	385.0	372.0	0.0	13.0
17	24	802.6780185758514	1500.6780185758514	7.0	4.0	5.0	4.0	646.0	100.0	30.0	516.0
17	30	1187.5207207207206	1725.5207207207206	4.0	4.0	0.0	1.0	555.0	532.0	0.0	23.0
17	32	1358.5135135135135	1792.5135135135135	4.0	1.0	0.0	4.0	222.0	5.0	0.0	216.0
18	20	1897.5157232704405	1613.5094339622642	4.0	4.0	0.0	2.0	318.0	308.0	0.0	10.0
19	7	371.5125448028674	347.7974910394265	6.0	4.0	4.0	2.0	558.0	392.0	152.0	14.0
19	20	1273.5072463768115	1315.5072463768115	4.0	4.0	0.0	1.0	207.0	204.0	0.0	3.0
20	9	586.5104166666666	316.1536458333333	6.0	1.0	4.0	4.0	384.0	6.0	137.0	240.0
20	13	106.5	589.5	4.0	0.0	4.0	0.0	236.0	0.0	236.0	0.0
20	22	61.50704225352113	1267.5023474178404	4.0	4.0	0.0	1.0	213.0	208.0	0.0	3.0
20	23	2151.5	1368.4727272727273	4.0	2.0	4.0	0.0	110.0	6.0	104.0	0.0
20	28	1373.5080213903743	1569.5080213903743	4.0	4.0	0.0	1.0	187.0	184.0	0.0	3.0
20	30	2342.7187733732235	1638.7187733732237	9.0	4.0	7.0	4.0	1337.0	232.0	121.0	984.0
20	38	826.6802507836991	2026.680250783699	7.0	4.0	5.0	4.0	638.0	100.0	30.0	508.0
21	9	586.5104166666666	316.1536458333333	6.0	1.0	4.0	4.0	384.0	6.0	137.0	240.0
21	13	106.5	589.5	4.0	0.0	4.0	0.0	236.0	0.0	236.0	0.0
21	22	61.50704225352113	1267.5023474178404	4.0	4.0	0.0	1.0	213.0	208.0	0.0	3.0
21	23	2151.5	1368.4727272727273	4.0	2.0	4.0	0.0	110.0	6.0	104.0	0.0
21	28	1373.5080213903743	1569.5080213903743	4.0	4.0	0.0	1.0	187.0	184.0	0.0	3.0
21	30	2342.7187733732235	1638.7187733732237	9.0	4.0	7.0	4.0	1337.0	232.0	121.0	984.0
21	38	826.6802507836991	2026.680250783699	7.0	4.0	5.0	4.0	638.0	100.0	30.0	508.0
22	20	1431.4904458598726	1589.2993630573249	6.0	4.0	4.0	2.0	157.0	124.0	28.0	4.0
22	22	1863.5176470588235	1659.4941176470588	4.0	4.0	0.0	2.0	170.0	164.0	0.0	6.0
22	25	322.5	1751.571428571429	4.0	0.0	4.0	2.0	98.0	0.0	84.0	14.0
22	35	583.519348268839	2003.5193482688392	4.0	4.0	0.0	1.0	491.0	472.0	0.0	19.0
23	25	1382.5	1093.5	4.0	0.0	4.0	0.0	256.0	0.0	256.0	0.0
23	31	1310.56940509915	1324.6543909348443	9.0	4.0	8.0	5.0	706.0	96.0	106.0	504.0
23	38	1211.5183486238532	1709.5183486238532	4.0	4.0	0.0	1.0	436.0	420.0	0.0	16.0
23	40	395.51236749116606	1783.512367491166	4.0	4.0	0.0	1.0	283.0	276.0	0.0	7.0
24	11	376.67123287671234	540.6712328767123	7.0	4.0	5.0	4.0	584.0	88.0	24.0	472.0
24	18	1948.676923076923	862.6769230769231	7.0	4.0	5.0	4.0	650.0	100.0	30.0	520.0
24	20	2049.5091575091574	949.4212454212454	6.0	4.0	4.0	1.0	273.0	244.0	24.0	5.0
24	48	1326.719855595668	2016.719855595668	9.0	4.0	7.0	4.0	1385.0	240.0	129.0	1016.0
25	11	376.67123287671234	540.6712328767123	7.0	4.0	5.0	4.0	584.0	88.0	24.0	472.0
25	18	1948.676923076923	862.6769230769231	7.0	4.0	5.0	4.0	650.0	100.0	30.0	520.0
25	20	2049.5091575091574	949.4212454212454	6.0	4.0	4.0	1.0	273.0	244.0	24.0	5.0
25	48	1326.719855595668	2016.719855595668	9.0	4.0	7.0	4.0	1385.0	240.0	129.0	1016.0
26	27	214.6421568627451	1504.6421568627452	7.0	4.0	5.0	4.0	408.0	52.0	12.0	344.0
26	29	580.5042735042736	1598.094017094017	6.0	1.0	4.0	4.0	234.0	2.0	96.0	136.0
26	32	169.5201342281879	1709.520134228188	4.0	4.0	0.0	2.0	596.0	568.0	0.0	28.0
27	10	1580.5855855855857	924.5855855855856	6.0	3.0	1.0	4.0	333.0	30.0	3.0	296.0
27	13	1569.5054545454543	1137.2581818181818	6.0	4.0	4.0	1.0	275.0	204.0	68.0	3.0
27	26	1751.5118644067798	1687.5118644067798	4.0	4.0	0.0	1.0	295.0	288.0	0.0	7.0
27	30	1353.5112781954888	1851.5112781954888	4.0	4.0	0.0	1.0	266.0	260.0	0.0	6.0
28	6	742.6975772765246	738.6307435254804	11.0	4.0	10.0	4.0	1197.0	188.0	177.0	832.0
28	12	1265.5061728395062	875.5061728395061	4.0	4.0	0.0	1.0	162.0	160.0	0.0	2.0
28	24	2432.507462686567	1248.5074626865671	4.0	1.0	0.0	4.0	134.0	2.0	0.0	132.0
29	6	742.6975772765246	738.6307435254804	11.0	4.0	10.0	4.0	1197.0	188.0	177.0	832.0
29	12	1265.5061728395062	875.5061728395061	4.0	4.0	0.0	1.0	162.0	160.0	0.0	2.0
29	24	2432.507462686567	1248.5074626865671	4.0	1.0	0.0	4.0	134.0	2.0	0.0	132.0
30	6	1278.5	375.48837209302326	4.0	0.0	4.0	0.0	86.0	0.0	84.0	0.0
30	14	257.5507246376812	959.4492753623188	4.0	4.0	0.0	1.0	69.0	60.0	0.0	7.0
30	24	1091.5147540983608	1839.5081967213116	4.0	4.0	0.0	2.0	305.0	296.0	0.0	9.0
30	26	31.49	1846.5	4.0	0.0	4.0	2.0	200.0	0.0	196.0	4.0
30	28	919.520979020979	1887.520979020979	4.0	4.0	0.0	1.0	572.0	548.0	0.0	24.0
31	7	2034.583798882681	492.58659217877096	6.0	3.0	2.0	4.0	358.0	33.0	5.0	316.0
31	10	1171.5149700598802	549.5149700598803	4.0	4.0	0.0	1.0	334.0	324.0	0.0	10.0
31	24	1430.503355704698	1156.3422818791946	6.0	0.0	4.0	4.0	149.0	0.0	24.0	124.0
32	35	2203.5	2016.5	4.0	0.0	4.0	0.0	336.0	0.0	336.0	0.0
33	35	2203.5	2016.5	4.0	0.0	4.0	0.0	336.0	0.0	336.0	0.0
34	6	179.5	557.9901960784314	6.0	4.0	4.0	0.0	204.0	104.0	100.0	0.0
34	23	628.6403712296984	1442.6403712296983	7.0	5.0	5.0	4.0	431.0	59.0	12.0	360.0
34	27	2129.522620904836	1739.5226209048362	4.0	4.0	0.0	1.0	641.0	612.0	0.0	29.0
34	28	62.507462686567166	1780.5074626865671	4.0	1.0	0.0	4.0	134.0	2.0	0.0	132.0
35	6	2438.5167286245355	552.5055762081785	4.0	1.0	3.0	4.0	269.0	7.0	9.0	252.0
35	13	242.5	997.4915254237288	4.0	0.0	4.0	0.0	118.0	0.0	116.0	0.0
35	17	2336.793686583991	1246.793686583991	9.0	4.0	7.0	5.0	887.0	216.0	56.0	615.0
35	18	2189.5	1282.4324324324325	4.0	2.0	4.0	0.0	148.0	20.0	128.0	0.0
35	28	611.5080213903743	1737.5080213903743	4.0	4.0	0.0	1.0	187.0	184.0	0.0	3.0
35	30	1629.514450867052	1851.514450867052	4.0	4.0	0.0	1.0	346.0	336.0	0.0	10.0
35	32	588.6542669584245	1908.6542669584248	7.0	4.0	5.0	4.0	457.0	64.0	13.0	380.0
35	33	607.5178997613365	1921.5178997613368	4.0	4.0	0.0	1.0	419.0	404.0	0.0	15.0
36	9	1163.512987012987	847.512987012987	4.0	4.0	0.0	1.0	308.0	300.0	0.0	8.0
36	18	1648.6676136363635	1182.5710227272727	9.0	4.0	8.0	5.0	704.0	100.0	98.0	506.0
37	9	1163.512987012987	847.512987012987	4.0	4.0	0.0	1.0	308.0	300.0	0.0	8.0
37	18	1648.6676136363635	1182.5710227272727	9.0	4.0	8.0	5.0	704.0	100.0	98.0	506.0
38	17	753.5	1343.861111111111	6.0	4.0	4.0	0.0	288.0	184.0	104.0	0.0
38	26	1537.7227138643068	1693.0501474926257	8.0	4.0	6.0	2.0	339.0	248.0	84.0	7.0
39	10	1881.512367491166	779.5123674911661	4.0	4.0	0.0	1.0	283.0	276.0	0.0	7.0
39	36	1199.6612903225807	1819.6612903225807	7.0	4.0	0.0	4.0	868.0	728.0	0.0	140.0
40	10	1141.5	716.5238095238095	4.0	2.0	4.0	0.0	294.0	14.0	280.0	0.0
40	17	1756.7008032128515	1074.6686746987953	11.0	4.0	10.0	4.0	996.0	160.0	112.0	724.0
41	10	1141.5	716.5238095238095	4.0	2.0	4.0	0.0	294.0	14.0	280.0	0.0
41	17	1756.7008032128515	1074.6686746987953	11.0	4.0	10.0	4.0	996.0	160.0	112.0	724.0
42	3	92.63446475195822	546.6344647519583	7.0	4.0	1.0	4.0	383.0	48.0	3.0	328.0
42	5	654.5115681233933	694.159383033419	6.0	1.0	5.0	6.0	389.0	7.0	119.0	262.0
42	12	963.5204678362574	1001.5204678362574	4.0	4.0	0.0	1.0	513.0	492.0	0.0	21.0
42	23	326.6818181818182	1514.6848484848483	7.0	4.0	5.0	5.0	660.0	104.0	30.0	526.0
42	26	1544.6600790513835	1744.6600790513835	7.0	4.0	5.0	4.0	506.0	72.0	18.0	416.0
42	34	1823.4656488549615	2035.503816793893	4.0	4.0	2.0	0.0	131.0	120.0	10.0	0.0
43	15	1009.5121951219512	789.5121951219512	4.0	4.0	0.0	1.0	287.0	280.0	0.0	7.0
43	17	246.53870967741932	830.5774193548388	5.0	2.0	1.0	5.0	310.0	18.0	3.0	286.0
43	28	1105.0	1421.0	1.0	1.0	1.0	0.0	10.0	7.0	3.0	0.0
43	29	1477.5183486238532	1523.5183486238532	4.0	4.0	0.0	1.0	436.0	420.0	0.0	16.0
43	34	1710.6507936507935	1684.5122655122657	9.0	4.0	8.0	4.0	693.0	92.0	121.0	480.0
44	17	1871.5249042145597	1341.5249042145597	4.0	4.0	0.0	1.0	261.0	248.0	0.0	13.0
44	18	823.5102040816327	1511.5102040816328	4.0	4.0	0.0	1.0	245.0	240.0	0.0	5.0
44	22	1320.3529411764705	1690.2254901960785	10.0	7.0	5.0	4.0	510.0	134.0	69.0	304.0
44	29	567.5	2022.1078431372548	6.0	4.0	4.0	0.0	204.0	80.0	124.0	0.0
45	17	1871.5249042145597	1341.5249042145597	4.0	4.0	0.0	1.0	261.0	248.0	0.0	13.0
45	18	823.5102040816327	1511.5102040816328	4.0	4.0	0.0	1.0	245.0	240.0	0.0	5.0
45	22	1320.3529411764705	1690.2254901960785	10.0	7.0	5.0	4.0	510.0	134.0	69.0	304.0
45	29	567.5	2022.1078431372548	6.0	4.0	4.0	0.0	204.0	80.0	124.0	0.0
46	18	1726.5	1229.5	4.0	0.0	4.0	0.0	200.0	0.0	200.0	0.0
46	27	749.504	1607.748	6.0	4.0	4.0	0.0	250.0	188.0	60.0	0.0
47	7	2403.520325203252	365.520325203252	4.0	4.0	0.0	1.0	492.0	472.0	0.0	20.0
47	8	2164.668316831683	384.5643564356436	11.0	4.0	10.0	4.0	808.0	112.0	132.0	564.0
47	12	2442.5	464.5067567567568	4.0	1.0	0.0	4.0	148.0	2.0	0.0	144.0
48	7	1418.648769574944	516.6465324384787	7.0	4.0	5.0	4.0	447.0	60.0	14.0	372.0
48	15	196.6186612576065	1070.4523326572007	9.0	4.0	8.0	4.0	493.0	52.0	93.0	348.0
48	24	145.51298701298705	1669.512987012987	4.0	4.0	0.0	1.0	308.0	300.0	0.0	8.0
49	7	1418.648769574944	516.6465324384787	7.0	4.0	5.0	4.0	447.0	60.0	14.0	372.0
49	15	196.6186612576065	1070.4523326572007	9.0	4.0	8.0	4.0	493.0	52.0	93.0	348.0
49	24	145.51298701298705	1669.512987012987	4.0	4.0	0.0	1.0	308.0	300.0	0.0	8.0
50	14	1370.502538071066	762.7842639593908	6.0	0.0	4.0	4.0	394.0	0.0	113.0	280.0
50	20	163.51170568561872	1305.5117056856188	4.0	4.0	0.0	1.0	299.0	292.0	0.0	7.0
51	22	2166.508737864078	1476.0427184466018	6.0	1.0	5.0	4.0	515.0	7.0	243.0	264.0
51	36	589.5102040816327	1973.5102040816328	4.0	4.0	0.0	1.0	245.0	240.0	0.0	5.0
51	38	1746.6974169741698	2008.6974169741695	9.0	4.0	7.0	4.0	813.0	132.0	57.0	624.0
52	22	1156.5542857142857	1140.2114285714283	8.0	3.0	5.0	4.0	525.0	30.0	184.0	308.0
53	22	1156.5542857142857	1140.2114285714283	8.0	3.0	5.0	4.0	525.0	30.0	184.0	308.0
54	10	1610.6888888888889	540.6888888888889	9.0	4.0	7.0	4.0	720.0	112.0	48.0	560.0
54	19	1510.5115207373271	1102.5115207373271	4.0	1.0	0.0	4.0	217.0	4.0	0.0	212.0
54	20	1767.504	1249.732	6.0	4.0	4.0	0.0	250.0	192.0	56.0	0.0
54	26	894.7009345794393	1630.7009345794393	9.0	4.0	7.0	4.0	856.0	140.0	64.0	652.0
55	4	78.68405365126677	190.6840536512668	7.0	4.0	5.0	4.0	671.0	108.0	31.0	532.0
55	11	2303.669565217391	1163.6695652173912	7.0	4.0	0.0	4.0	920.0	764.0	0.0	156.0
55	18	1089.5186813186813	1595.512087912088	4.0	4.0	2.0	1.0	455.0	432.0	6.0	17.0
55	23	1663.5	1674.5	4.0	0.0	4.0	0.0	148.0	0.0	148.0	0.0
55	28	384.514403292181	1914.514403292181	4.0	1.0	0.0	4.0	243.0	6.0	0.0	236.0
56	11	224.51202749140893	796.3745704467354	6.0	1.0	4.0	4.0	291.0	6.0	40.0	244.0
56	16	359.5	1006.5	4.0	0.0	4.0	0.0	200.0	0.0	200.0	0.0
56	24	1773.5037593984962	1365.5037593984962	4.0	4.0	0.0	0.0	133.0	132.0	0.0	0.0
57	11	224.51202749140893	796.3745704467354	6.0	1.0	4.0	4.0	291.0	6.0	40.0	244.0
57	16	359.5	1006.5	4.0	0.0	4.0	0.0	200.0	0.0	200.0	0.0
57	24	1773.5037593984962	1365.5037593984962	4.0	4.0	0.0	0.0	133.0	132.0	0.0	0.0
58	8	2440.675675675676	480.6792792792793	7.0	4.0	5.0	6.0	555.0	84.0	19.0	452.0
58	24	188.80645161290323	1182.21146953405	7.0	5.0	0.0	4.0	279.0	83.0	0.0	192.0
58	34	840.6584362139918	1646.6584362139918	7.0	4.0	5.0	4.0	486.0	68.0	18.0	400.0
58	35	1564.5	1727.5	4.0	0.0	4.0	0.0	284.0	0.0	284.0	0.0
58	42	1297.5	1914.5	4.0	0.0	4.0	0.0	248.0	0.0	248.0	0.0
59	13	510.6938775510204	1130.6938775510205	9.0	4.0	7.0	4.0	784.0	124.0	56.0	604.0
59	22	1141.5073170731707	1657.5024390243902	4.0	4.0	0.0	1.0	205.0	200.0	0.0	3.0
59	28	119.52107925801012	1963.52107925801	4.0	4.0	0.0	1.0	593.0	568.0	0.0	25.0
60	5	1716.6958762886595	418.6958762886598	9.0	4.0	7.0	4.0	776.0	124.0	56.0	596.0
60	26	1872.5	1617.470588235294	4.0	0.0	4.0	2.0	102.0	0.0	96.0	6.0
61	5	1716.6958762886595	418.6958762886598	9.0	4.0	7.0	4.0	776.0	124.0	56.0	596.0
61	26	1872.5	1617.470588235294	4.0	0.0	4.0	2.0	102.0	0.0	96.0	6.0
62	9	261.5111111111111	513.5111111111111	4.0	4.0	0.0	1.0	270.0	264.0	0.0	6.0
62	10	1297.502262443439	589.5022624434389	4.0	4.0	0.0	2.0	221.0	216.0	0.0	5.0
62	22	1271.512367491166	1061.512367491166	4.0	4.0	0.0	3.0	283.0	272.0	0.0	11.0
62	30	1255.5170603674542	1455.5170603674542	4.0	4.0	0.0	1.0	381.0	368.0	0.0	13.0
62	41	1829.5211267605637	2029.5211267605637	4.0	4.0	0.0	1.0	568.0	544.0	0.0	24.0
63	21	1358.508771929825	1478.508771929825	4.0	1.0	0.0	4.0	171.0	3.0	0.0	168.0
63	25	2397.512027491409	1741.5120274914088	4.0	4.0	0.0	1.0	291.0	284.0	0.0	7.0
63	27	2084.0	1835.0	1.0	1.0	1.0	0.0	10.0	7.0	3.0	0.0
63	33	1435.520325203252	2017.520325203252	4.0	4.0	0.0	1.0	492.0	472.0	0.0	20.0
63	34	377.5149700598802	2023.51497005988	4.0	4.0	0.0	1.0	334.0	324.0	0.0	10.0
63	36	1157.502538071066	2045.2868020304568	8.0	6.0	4.0	0.0	394.0	204.0	188.0	0.0
64	17	1074.5863095238096	724.5803571428571	6.0	3.0	2.0	4.0	336.0	30.0	6.0	296.0
64	19	1312.5837988826815	788.586592178771	6.0	3.0	2.0	4.0	358.0	33.0	5.0	316.0
64	26	1371.52	1125.52	4.0	4.0	0.0	1.0	475.0	456.0	0.0	19.0
64	34	228.49802371541503	1385.498023715415	4.0	0.0	4.0	0.0	253.0	0.0	253.0	0.0
64	37	1960.6626984126983	1560.6666666666667	7.0	4.0	5.0	5.0	504.0	72.0	18.0	414.0
65	17	1074.5863095238096	724.5803571428571	6.0	3.0	2.0	4.0	336.0	30.0	6.0	296.0
65	19	1312.5837988826815	788.586592178771	6.0	3.0	2.0	4.0	358.0	33.0	5.0	316.0
65	26	1371.52	1125.52	4.0	4.0	0.0	1.0	475.0	456.0	0.0	19.0
65	34	228.49802371541503	1385.498023715415	4.0	0.0	4.0	0.0	253.0	0.0	253.0	0.0
65	37	1960.6626984126983	1560.6666666666667	7.0	4.0	5.0	5.0	504.0	72.0	18.0	414.0
66	14	1866.7180936995155	1000.718901453958	9.0	4.0	7.0	4.0	1238.0	212.0	113.0	912.0
66	17	770.6506849315068	1240.648401826484	7.0	4.0	5.0	4.0	438.0	60.0	13.0	364.0
66	25	1248.5098039215686	1512.2614379084966	6.0	1.0	4.0	4.0	306.0	5.0	76.0	224.0
66	31	32.627049180327866	1748.4959016393443	9.0	4.0	8.0	4.0	488.0	56.0	76.0	356.0
66	35	525.5084745762712	1943.5084745762715	4.0	4.0	0.0	1.0	236.0	232.0	0.0	4.0
67	14	1824.689608636977	852.689608636977	9.0	4.0	7.0	4.0	741.0	116.0	49.0	576.0
67	20	2297.510373443984	1305.510373443983	4.0	4.0	0.0	1.0	241.0	236.0	0.0	5.0
67	22	1013.5175644028104	1395.5175644028102	4.0	4.0	0.0	1.0	427.0	412.0	0.0	15.0
67	31	685.5217391304348	1739.5177865612648	4.0	4.0	0.0	2.0	506.0	484.0	0.0	22.0
67	32	553.4966887417219	1785.4966887417218	4.0	4.0	0.0	1.0	151.0	148.0	0.0	2.0
68	16	1532.7188841201717	1082.7210300429183	9.0	4.0	8.0	4.0	1398.0	244.0	134.0	1020.0
68	25	1549.5178997613366	1807.5178997613368	4.0	4.0	0.0	1.0	419.0	404.0	0.0	15.0
69	16	1532.7188841201717	1082.7210300429183	9.0	4.0	8.0	4.0	1398.0	244.0	134.0	1020.0
69	25	1549.5178997613366	1807.5178997613368	4.0	4.0	0.0	1.0	419.0	404.0	0.0	15.0
70	9	1881.5205479452052	641.5159817351598	4.0	4.0	0.0	2.0	438.0	420.0	0.0	18.0
70	23	455.50344827586207	1255.503448275862	4.0	4.0	0.0	0.0	145.0	144.0	0.0	0.0
70	26	482.5139442231076	1336.5139442231075	4.0	1.0	0.0	4.0	251.0	6.0	0.0	244.0
70	27	339.48458149779736	1367.7312775330397	6.0	4.0	4.0	1.0	227.0	164.0	56.0	7.0
70	29	1768.5	1519.5	4.0	0.0	4.0	0.0	332.0	0.0	332.0	0.0
70	40	1452.696855345912	1940.6955974842767	9.0	4.0	7.0	4.0	795.0	128.0	58.0	608.0
71	16	2419.5	1440.5	4.0	0.0	4.0	0.0	244.0	0.0	244.0	0.0
72	17	2441.5	1144.5	4.0	0.0	4.0	0.0	172.0	0.0	172.0	0.0
72	19	1797.518453427065	1175.4481546572936	6.0	4.0	4.0	1.0	569.0	508.0	40.0	21.0
72	25	15.506445672191528	1471.0644567219151	6.0	4.0	4.0	1.0	543.0	296.0	240.0	7.0
72	33	1128.5	1787.5061728395062	4.0	0.0	4.0	0.0	162.0	0.0	160.0	0.0
72	35	859.5214285714286	1889.5214285714285	4.0	4.0	0.0	1.0	560.0	536.0	0.0	24.0
73	17	2441.5	1144.5	4.0	0.0	4.0	0.0	172.0	0.0	172.0	0.0
73	19	1797.518453427065	1175.4481546572936	6.0	4.0	4.0	1.0	569.0	508.0	40.0	21.0
73	25	15.506445672191528	1471.0644567219151	6.0	4.0	4.0	1.0	543.0	296.0	240.0	7.0
73	33	1128.5	1787.5061728395062	4.0	0.0	4.0	0.0	162.0	0.0	160.0	0.0
73	35	859.5214285714286	1889.5214285714285	4.0	4.0	0.0	1.0	560.0	536.0	0.0	24.0
74	14	261.5075376884422	757.5075376884422	4.0	4.0	0.0	1.0	199.0	196.0	0.0	3.0
74	33	2175.5205992509364	1719.5205992509364	4.0	4.0	0.0	1.0	534.0	512.0	0.0	22.0
74	34	614.5144032921811	1792.514403292181	4.0	1.0	0.0	4.0	243.0	6.0	0.0	236.0
75	0	1738.511961722488	44.51196172248804	4.0	1.0	0.0	4.0	209.0	4.0	0.0	204.0
75	6	2225.5126050420167	397.4957983193277	4.0	4.0	0.0	1.0	119.0	116.0	0.0	2.0
75	25	814.6700680272108	1198.6700680272108	7.0	4.0	5.0	4.0	588.0	88.0	24.0	476.0
75	44	1861.5	1991.5	4.0	4.0	0.0	2.0	282.0	268.0	0.0	14.0
76	32	1428.5159010600707	1326.5159010600707	4.0	1.0	1.0	4.0	283.0	7.0	2.0	272.0
76	36	1805.4895833333333	1416.5	4.0	0.0	4.0	2.0	192.0	0.0	188.0	4.0
76	44	1875.5225225225224	1873.5225225225224	4.0	4.0	0.0	1.0	666.0	636.0	0.0	30.0
76	47	2200.5762962962963	1992.143703703704	9.0	4.0	5.0	4.0	675.0	48.0	296.0	328.0
77	32	1428.5159010600707	1326.5159010600707	4.0	1.0	1.0	4.0	283.0	7.0	2.0	272.0
77	36	1805.4895833333333	1416.5	4.0	0.0	4.0	2.0	192.0	0.0	188.0	4.0
77	44	1875.5225225225224	1873.5225225225224	4.0	4.0	0.0	1.0	666.0	636.0	0.0	30.0
77	47	2200.5762962962963	1992.143703703704	9.0	4.0	5.0	4.0	675.0	48.0	296.0	328.0
78	13	1826.503787878788	670.7575757575758	6.0	0.0	5.0	4.0	528.0	0.0	140.0	388.0
78	15	327.5081081081081	743.7648648648649	6.0	4.0	4.0	2.0	370.0	272.0	92.0	6.0
78	28	29.514666666666667	1625.5146666666667	4.0	4.0	0.0	1.0	375.0	364.0	0.0	11.0
78	29	770.65548098434	1676.65548098434	7.0	4.0	5.0	5.0	447.0	60.0	13.0	374.0
79	10	654.6684684684685	588.6684684684685	7.0	4.0	5.0	4.0	555.0	84.0	19.0	452.0
79	15	274.5	723.5	4.0	0.0	4.0	0.0	292.0	0.0	292.0	0.0
79	22	1326.6958762886595	1174.6958762886595	9.0	4.0	7.0	4.0	776.0	124.0	56.0	596.0
79	28	509.109634551495	1391.7076411960134	8.0	4.0	4.0	1.0	301.0	236.0	60.0	5.0
79	29	1048.668449197861	1440.6720142602496	7.0	4.0	5.0	5.0	561.0	84.0	19.0	458.0
79	44	1868.5	1999.5	4.0	0.0	4.0	0.0	336.0	0.0	336.0	0.0
80	30	1141.5102040816328	1999.5102040816328	4.0	4.0	0.0	1.0	245.0	240.0	0.0	5.0
81	30	1141.5102040816328	1999.5102040816328	4.0	4.0	0.0	1.0	245.0	240.0	0.0	5.0
82	6	1008.6613545816732	730.6613545816733	7.0	4.0	5.0	4.0	502.0	72.0	18.0	412.0
82	19	1876.5	1357.5	4.0	0.0	4.0	0.0	180.0	0.0	180.0	0.0
82	28	1832.506024096385	1736.313253012048	6.0	1.0	4.0	4.0	166.0	2.0	32.0	132.0
82	29	2223.520295202952	1757.520295202952	4.0	4.0	0.0	1.0	542.0	520.0	0.0	22.0
82	31	1860.668549905838	1956.668549905838	7.0	4.0	5.0	4.0	531.0	80.0	19.0	432.0
83	18	1780.0	1170.0	1.0	0.0	1.0	1.0	10.0	0.0	6.0	4.0
83	19	1919.5283018867924	1185.6761006289307	6.0	4.0	4.0	4.0	636.0	524.0	68.0	44.0
83	22	70.58357771260997	1352.58357771261	6.0	3.0	1.0	4.0	341.0	30.0	3.0	304.0
84	11	920.5	739.5	4.0	0.0	4.0	0.0	292.0	0.0	292.0	0.0
84	14	628.59477124183	926.7843137254902	11.0	4.0	9.0	4.0	612.0	84.0	64.0	464.0
84	24	2125.510373443984	1391.510373443983	4.0	4.0	0.0	1.0	241.0	236.0	0.0	5.0
85	11	920.5	739.5	4.0	0.0	4.0	0.0	292.0	0.0	292.0	0.0
85	14	628.59477124183	926.7843137254902	11.0	4.0	9.0	4.0	612.0	84.0	64.0	464.0
85	24	2125.510373443984	1391.510373443983	4.0	4.0	0.0	1.0	241.0	236.0	0.0	5.0
86	8	1097.5244755244755	473.7237762237762	6.0	4.0	4.0	2.0	572.0	444.0	100.0	28.0
86	11	1788.6769759450171	556.6769759450171	7.0	4.0	5.0	5.0	582.0	88.0	24.0	470.0
86	12	68.57848837209302	702.578488372093	6.0	4.0	1.0	4.0	344.0	33.0	3.0	304.0
86	17	1161.5060240963855	935.5060240963855	4.0	4.0	0.0	1.0	166.0	164.0	0.0	2.0
86	32	1172.6494382022472	1912.6494382022472	7.0	4.0	5.0	4.0	445.0	60.0	13.0	372.0
87	14	1723.125	762.8828125	7.0	0.0	7.0	2.0	256.0	0.0	252.0	4.0
87	25	1567.509881422925	1725.509881422925	4.0	4.0	0.0	1.0	253.0	248.0	0.0	5.0
88	23	843.5046728971963	1583.696261682243	6.0	4.0	4.0	0.0	214.0	172.0	40.0	0.0
88	29	1112.5	1899.5	4.0	0.0	4.0	0.0	368.0	0.0	368.0	0.0
89	23	843.5046728971963	1583.696261682243	6.0	4.0	4.0	0.0	214.0	172.0	40.0	0.0
89	29	1112.5	1899.5	4.0	0.0	4.0	0.0	368.0	0.0	368.0	0.0
90	12	1725.8820224719102	641.8258426966293	8.0	4.0	7.0	0.0	356.0	104.0	252.0	0.0
90	33	2129.5	1846.512987012987	4.0	2.0	4.0	0.0	308.0	8.0	300.0	0.0
90	34	1433.5193482688392	1859.5193482688392	4.0	4.0	0.0	1.0	491.0	472.0	0.0	19.0
91	9	1546.693135935397	814.6931359353971	9.0	4.0	7.0	5.0	743.0	116.0	49.0	578.0
91	13	342.5	1025.4767441860463	4.0	0.0	4.0	4.0	172.0	0.0	116.0	56.0
91	30	1107.5097276264592	1705.5097276264592	4.0	4.0	0.0	1.0	257.0	252.0	0.0	5.0
91	33	377.9641744548287	1889.127725856698	8.0	6.0	1.0	6.0	642.0	366.0	2.0	270.0
91	34	1343.5170603674542	1983.5170603674544	4.0	4.0	0.0	1.0	381.0	368.0	0.0	13.0
92	18	1467.5037593984962	993.5037593984962	4.0	4.0	0.0	0.0	133.0	132.0	0.0	0.0
92	19	2414.5	997.5	4.0	0.0	4.0	0.0	320.0	0.0	320.0	0.0
92	30	2124.6625386996902	1676.5866873065015	9.0	4.0	8.0	4.0	646.0	92.0	74.0	480.0
93	18	1467.5037593984962	993.5037593984962	4.0	4.0	0.0	0.0	133.0	132.0	0.0	0.0
93	19	2414.5	997.5	4.0	0.0	4.0	0.0	320.0	0.0	320.0	0.0
93	30	2124.6625386996902	1676.5866873065015	9.0	4.0	8.0	4.0	646.0	92.0	74.0	480.0
94	13	1105.5	937.9594594594596	6.0	4.0	4.0	0.0	296.0	160.0	136.0	0.0
94	18	2267.5	1412.5	4.0	0.0	4.0	0.0	172.0	0.0	172.0	0.0
94	22	188.5	1643.4926470588234	4.0	0.0	4.0	2.0	272.0	0.0	268.0	4.0
94	23	1787.6674208144796	1713.6674208144796	7.0	4.0	0.0	4.0	884.0	736.0	0.0	148.0
94	24	1112.639423076923	1714.639423076923	7.0	4.0	5.0	4.0	416.0	52.0	12.0	352.0
95	40	2363.5	1876.4578313253007	4.0	2.0	4.0	0.0	166.0	14.0	152.0	0.0
95	45	1152.5080213903743	2016.5080213903743	4.0	1.0	0.0	4.0	187.0	3.0	0.0	184.0
