#	frame	event	cm_x	cm_y	size	size_r	size_g	size_b	sum	sum_r	sum_g	sum_b
0	5	1443.665924276169	217.66369710467703	7.0	4.0	0.0	5.0	898.0	748.0	0.0	150.0	
0	25	917.5128205128206	1087.5128205128206	4.0	4.0	0.0	1.0	312.0	304.0	0.0	8.0	
1	5	1443.665924276169	217.66369710467703	7.0	4.0	0.0	5.0	898.0	748.0	0.0	150.0	
1	25	917.5128205128206	1087.5128205128206	4.0	4.0	0.0	1.0	312.0	304.0	0.0	8.0	
2	9	1741.1888809693514	529.8218104062722	9.0	4.0	7.0	6.0	1403.0	636.0	621.0	144.0	
2	32	2303.509578544061	1663.5095785440612	4.0	4.0	0.0	1.0	261.0	256.0	0.0	5.0	
3	20	673.5178997613365	839.5178997613365	4.0	4.0	0.0	1.0	419.0	404.0	0.0	15.0	
6	16	994.7122752150116	1254.7240031274432	9.0	6.0	7.0	6.0	1279.0	230.0	113.0	936.0	
6	31	2239.520309477756	1863.520309477756	4.0	4.0	0.0	1.0	517.0	496.0	0.0	21.0	
7	4	2223.505882352941	473.5058823529412	4.0	4.0	0.0	1.0	170.0	168.0	0.0	2.0	
7	27	2439.6620046620046	1789.6643356643356	7.0	4.0	0.0	5.0	858.0	716.0	0.0	142.0	
8	30	891.515923566879	1745.5095541401274	4.0	4.0	0.0	2.0	314.0	304.0	0.0	10.0	
9	30	891.515923566879	1745.5095541401274	4.0	4.0	0.0	2.0	314.0	304.0	0.0	10.0	
10	38	15.51893095768374	1347.5189309576838	4.0	4.0	0.0	1.0	449.0	432.0	0.0	17.0	
10	39	513.5111111111111	1433.5111111111112	4.0	4.0	0.0	1.0	270.0	264.0	0.0	6.0	
12	30	1696.7269180754226	1600.6879063719116	9.0	4.0	7.0	6.0	769.0	120.0	49.0	600.0	
12	35	2085.5149700598804	1875.51497005988	4.0	4.0	0.0	1.0	334.0	324.0	0.0	10.0	
13	30	1696.7269180754226	1600.6879063719116	9.0	4.0	7.0	6.0	769.0	120.0	49.0	600.0	
13	35	2085.5149700598804	1875.51497005988	4.0	4.0	0.0	1.0	334.0	324.0	0.0	10.0	
14	20	477.52062868369353	1673.5206286836935	4.0	4.0	0.0	1.0	509.0	488.0	0.0	21.0	
16	14	306.6373056994819	1176.6295336787564	7.0	5.0	1.0	4.0	386.0	51.0	3.0	328.0	
16	19	1897.516883116883	1293.516883116883	4.0	4.0	0.0	1.0	385.0	372.0	0.0	13.0	
16	24	802.6780185758514	1500.6780185758514	7.0	4.0	5.0	4.0	646.0	100.0	30.0	516.0	
16	30	1187.5207207207206	1725.5207207207206	4.0	4.0	0.0	1.0	555.0	532.0	0.0	23.0	
17	14	306.6373056994819	1176.6295336787564	7.0	5.0	1.0	4.0	386.0	51.0	3.0	328.0	
17	19	1897.516883116883	1293.516883116883	4.0	4.0	0.0	1.0	385.0	372.0	0.0	13.0	
17	24	802.6780185758514	1500.6780185758514	7.0	4.0	5.0	4.0	646.0	100.0	30.0	516.0	
17	30	1187.5207207207206	1725.5207207207206	4.0	4.0	0.0	1.0	555.0	532.0	0.0	23.0	
19	20	1273.5072463768115	1315.5072463768115	4.0	4.0	0.0	1.0	207.0	204.0	0.0	3.0	
20	28	1373.5080213903743	1569.5080213903743	4.0	4.0	0.0	1.0	187.0	184.0	0.0	3.0	
20	30	2342.7187733732235	1638.7187733732237	9.0	4.0	7.0	4.0	1337.0	232.0	121.0	984.0	
20	38	826.6802507836991	2026.680250783699	7.0	4.0	5.0	4.0	638.0	100.0	30.0	508.0	
21	28	1373.5080213903743	1569.5080213903743	4.0	4.0	0.0	1.0	187.0	184.0	0.0	3.0	
21	30	2342.7187733732235	1638.7187733732237	9.0	4.0	7.0	4.0	1337.0	232.0	121.0	984.0	
21	38	826.6802507836991	2026.680250783699	7.0	4.0	5.0	4.0	638.0	100.0	30.0	508.0	
22	35	583.519348268839	2003.5193482688392	4.0	4.0	0.0	1.0	491.0	472.0	0.0	19.0	
23	31	1310.56940509915	1324.6543909348443	9.0	4.0	8.0	5.0	706.0	96.0	106.0	504.0	
23	38	1211.5183486238532	1709.5183486238532	4.0	4.0	0.0	1.0	436.0	420.0	0.0	16.0	
23	40	395.51236749116606	1783.512367491166	4.0	4.0	0.0	1.0	283.0	276.0	0.0	7.0	
24	18	1948.676923076923	862.6769230769231	7.0	4.0	5.0	4.0	650.0	100.0	30.0	520.0	
24	20	2049.5091575091574	949.4212454212454	6.0	4.0	4.0	1.0	273.0	244.0	24.0	5.0	
25	18	1948.676923076923	862.6769230769231	7.0	4.0	5.0	4.0	650.0	100.0	30.0	520.0	
25	20	2049.5091575091574	949.4212454212454	6.0	4.0	4.0	1.0	273.0	244.0	24.0	5.0	
26	32	169.5201342281879	1709.520134228188	4.0	4.0	0.0	2.0	596.0	568.0	0.0	28.0	
27	13	1569.5054545454543	1137.2581818181818	6.0	4.0	4.0	1.0	275.0	204.0	68.0	3.0	
27	26	1751.5118644067798	1687.5118644067798	4.0	4.0	0.0	1.0	295.0	288.0	0.0	7.0	
27	30	1353.5112781954888	1851.5112781954888	4.0	4.0	0.0	1.0	266.0	260.0	0.0	6.0	
30	24	1091.5147540983608	1839.5081967213116	4.0	4.0	0.0	2.0	305.0	296.0	0.0	9.0	
30	28	919.520979020979	1887.520979020979	4.0	4.0	0.0	1.0	572.0	548.0	0.0	24.0	
31	10	1171.5149700598802	549.5149700598803	4.0	4.0	0.0	1.0	334.0	324.0	0.0	10.0	
32	22	1073.507853403141	1451.497382198953	4.0	4.0	2.0	1.0	191.0	184.0	4.0	3.0	
33	22	1073.507853403141	1451.497382198953	4.0	4.0	2.0	1.0	191.0	184.0	4.0	3.0	
34	23	628.6403712296984	1442.6403712296983	7.0	5.0	5.0	4.0	431.0	59.0	12.0	360.0	
34	27	2129.522620904836	1739.5226209048362	4.0	4.0	0.0	1.0	641.0	612.0	0.0	29.0	
35	28	611.5080213903743	1737.5080213903743	4.0	4.0	0.0	1.0	187.0	184.0	0.0	3.0	
35	30	1629.514450867052	1851.514450867052	4.0	4.0	0.0	1.0	346.0	336.0	0.0	10.0	
35	33	607.5178997613365	1921.5178997613368	4.0	4.0	0.0	1.0	419.0	404.0	0.0	15.0	
36	18	1648.6676136363635	1182.5710227272727	9.0	4.0	8.0	5.0	704.0	100.0	98.0	506.0	
37	18	1648.6676136363635	1182.5710227272727	9.0	4.0	8.0	5.0	704.0	100.0	98.0	506.0	
38	17	753.5	1343.861111111111	6.0	4.0	4.0	0.0	288.0	184.0	104.0	0.0	
38	26	1537.7227138643068	1693.0501474926257	8.0	4.0	6.0	2.0	339.0	248.0	84.0	7.0	
39	10	1881.512367491166	779.5123674911661	4.0	4.0	0.0	1.0	283.0	276.0	0.0	7.0	
39	36	1199.6612903225807	1819.6612903225807	7.0	4.0	0.0	4.0	868.0	728.0	0.0	140.0	
42	12	963.5204678362574	1001.5204678362574	4.0	4.0	0.0	1.0	513.0	492.0	0.0	21.0	
42	19	1041.5	1303.5	4.0	4.0	0.0	0.0	112.0	112.0	0.0	0.0	
42	34	1823.4656488549615	2035.503816793893	4.0	4.0	2.0	0.0	131.0	120.0	10.0	0.0	
43	15	1009.5121951219512	789.5121951219512	4.0	4.0	0.0	1.0	287.0	280.0	0.0	7.0	
43	29	1477.5183486238532	1523.5183486238532	4.0	4.0	0.0	1.0	436.0	420.0	0.0	16.0	
44	17	1871.5249042145597	1341.5249042145597	4.0	4.0	0.0	1.0	261.0	248.0	0.0	13.0	
44	22	1320.3529411764705	1690.2254901960785	10.0	7.0	5.0	4.0	510.0	134.0	69.0	304.0	
45	17	1871.5249042145597	1341.5249042145597	4.0	4.0	0.0	1.0	261.0	248.0	0.0	13.0	
45	22	1320.3529411764705	1690.2254901960785	10.0	7.0	5.0	4.0	510.0	134.0	69.0	304.0	
47	7	2403.520325203252	365.520325203252	4.0	4.0	0.0	1.0	492.0	472.0	0.0	20.0	
47	8	2164.668316831683	384.5643564356436	11.0	4.0	10.0	4.0	808.0	112.0	132.0	564.0	
47	34	1869.9651898734176	1628.4430379746836	8.0	4.0	4.0	5.0	316.0	168.0	128.0	20.0	
50	20	163.51170568561872	1305.5117056856188	4.0	4.0	0.0	1.0	299.0	292.0	0.0	7.0	
54	10	1610.6888888888889	540.6888888888889	9.0	4.0	7.0	4.0	720.0	112.0	48.0	560.0	
55	11	2303.669565217391	1163.6695652173912	7.0	4.0	0.0	4.0	920.0	764.0	0.0	156.0	
55	18	1089.5186813186813	1595.512087912088	4.0	4.0	2.0	1.0	455.0	432.0	6.0	17.0	
58	24	188.80645161290323	1182.21146953405	7.0	5.0	0.0	4.0	279.0	83.0	0.0	192.0	
58	26	2227.522167487685	1381.512315270936	4.0	4.0	0.0	2.0	406.0	388.0	0.0	18.0	
59	19	1445.5	1567.5	4.0	4.0	0.0	0.0	96.0	96.0	0.0	0.0	
59	22	1141.5073170731707	1657.5024390243902	4.0	4.0	0.0	1.0	205.0	200.0	0.0	3.0	
59	28	119.52107925801012	1963.52107925801	4.0	4.0	0.0	1.0	593.0	568.0	0.0	25.0	
62	9	261.5111111111111	513.5111111111111	4.0	4.0	0.0	1.0	270.0	264.0	0.0	6.0	
62	22	1271.512367491166	1061.512367491166	4.0	4.0	0.0	3.0	283.0	272.0	0.0	11.0	
62	30	1255.5170603674542	1455.5170603674542	4.0	4.0	0.0	1.0	381.0	368.0	0.0	13.0	
62	41	1829.5211267605637	2029.5211267605637	4.0	4.0	0.0	1.0	568.0	544.0	0.0	24.0	
63	33	1435.520325203252	2017.520325203252	4.0	4.0	0.0	1.0	492.0	472.0	0.0	20.0	
63	34	377.5149700598802	2023.51497005988	4.0	4.0	0.0	1.0	334.0	324.0	0.0	10.0	
63	36	1157.502538071066	2045.2868020304568	8.0	6.0	4.0	0.0	394.0	204.0	188.0	0.0	
64	26	1371.52	1125.52	4.0	4.0	0.0	1.0	475.0	456.0	0.0	19.0	
65	26	1371.52	1125.52	4.0	4.0	0.0	1.0	475.0	456.0	0.0	19.0	
66	14	1866.7180936995155	1000.718901453958	9.0	4.0	7.0	4.0	1238.0	212.0	113.0	912.0	
66	35	525.5084745762712	1943.5084745762715	4.0	4.0	0.0	1.0	236.0	232.0	0.0	4.0	
67	14	1824.689608636977	852.689608636977	9.0	4.0	7.0	4.0	741.0	116.0	49.0	576.0	
67	20	2297.510373443984	1305.510373443983	4.0	4.0	0.0	1.0	241.0	236.0	0.0	5.0	
67	22	1013.5175644028104	1395.5175644028102	4.0	4.0	0.0	1.0	427.0	412.0	0.0	15.0	
67	31	685.5217391304348	1739.5177865612648	4.0	4.0	0.0	2.0	506.0	484.0	0.0	22.0	
68	16	1532.7188841201717	1082.7210300429183	9.0	4.0	8.0	4.0	1398.0	244.0	134.0	1020.0	
68	25	1549.5178997613366	1807.5178997613368	4.0	4.0	0.0	1.0	419.0	404.0	0.0	15.0	
69	16	1532.7188841201717	1082.7210300429183	9.0	4.0	8.0	4.0	1398.0	244.0	134.0	1020.0	
69	25	1549.5178997613366	1807.5178997613368	4.0	4.0	0.0	1.0	419.0	404.0	0.0	15.0	
70	9	1881.5205479452052	641.5159817351598	4.0	4.0	0.0	2.0	438.0	420.0	0.0	18.0	
70	23	455.50344827586207	1255.503448275862	4.0	4.0	0.0	0.0	145.0	144.0	0.0	0.0	
72	19	1797.518453427065	1175.4481546572936	6.0	4.0	4.0	1.0	569.0	508.0	40.0	21.0	
72	25	15.506445672191528	1471.0644567219151	6.0	4.0	4.0	1.0	543.0	296.0	240.0	7.0	
72	35	859.5214285714286	1889.5214285714285	4.0	4.0	0.0	1.0	560.0	536.0	0.0	24.0	
73	19	1797.518453427065	1175.4481546572936	6.0	4.0	4.0	1.0	569.0	508.0	40.0	21.0	
73	25	15.506445672191528	1471.0644567219151	6.0	4.0	4.0	1.0	543.0	296.0	240.0	7.0	
73	35	859.5214285714286	1889.5214285714285	4.0	4.0	0.0	1.0	560.0	536.0	0.0	24.0	
74	33	2175.5205992509364	1719.5205992509364	4.0	4.0	0.0	1.0	534.0	512.0	0.0	22.0	
75	6	2225.5126050420167	397.4957983193277	4.0	4.0	0.0	1.0	119.0	116.0	0.0	2.0	
75	44	1861.5	1991.5	4.0	4.0	0.0	2.0	282.0	268.0	0.0	14.0	
76	44	1875.5225225225224	1873.5225225225224	4.0	4.0	0.0	1.0	666.0	636.0	0.0	30.0	
77	44	1875.5225225225224	1873.5225225225224	4.0	4.0	0.0	1.0	666.0	636.0	0.0	30.0	
78	15	327.5081081081081	743.7648648648649	6.0	4.0	4.0	2.0	370.0	272.0	92.0	6.0	
79	28	509.109634551495	1391.7076411960134	8.0	4.0	4.0	1.0	301.0	236.0	60.0	5.0	
80	17	573.5137844611529	1285.513784461153	4.0	4.0	0.0	2.0	399.0	384.0	0.0	15.0	
81	17	573.5137844611529	1285.513784461153	4.0	4.0	0.0	2.0	399.0	384.0	0.0	15.0	
82	29	2223.520295202952	1757.520295202952	4.0	4.0	0.0	1.0	542.0	520.0	0.0	22.0	
83	19	1919.5283018867924	1185.6761006289307	6.0	4.0	4.0	4.0	636.0	524.0	68.0	44.0	
84	24	2125.510373443984	1391.510373443983	4.0	4.0	0.0	1.0	241.0	236.0	0.0	5.0	
85	24	2125.510373443984	1391.510373443983	4.0	4.0	0.0	1.0	241.0	236.0	0.0	5.0	
86	8	1097.5244755244755	473.7237762237762	6.0	4.0	4.0	2.0	572.0	444.0	100.0	28.0	
87	25	1567.509881422925	1725.509881422925	4.0	4.0	0.0	1.0	253.0	248.0	0.0	5.0	
87	27	397.5	1851.5	4.0	4.0	0.0	0.0	116.0	116.0	0.0	0.0	
88	22	1305.5	1545.5	4.0	4.0	0.0	0.0	100.0	100.0	0.0	0.0	
89	22	1305.5	1545.5	4.0	4.0	0.0	0.0	100.0	100.0	0.0	0.0	
90	34	1433.5193482688392	1859.5193482688392	4.0	4.0	0.0	1.0	491.0	472.0	0.0	19.0	
91	9	1546.693135935397	814.6931359353971	9.0	4.0	7.0	5.0	743.0	116.0	49.0	578.0	
91	16	847.5031055900621	1148.1180124223602	6.0	4.0	4.0	1.0	322.0	120.0	200.0	2.0	
91	30	1107.5097276264592	1705.5097276264592	4.0	4.0	0.0	1.0	257.0	252.0	0.0	5.0	
91	33	377.9641744548287	1889.127725856698	8.0	6.0	1.0	6.0	642.0	366.0	2.0	270.0	
91	34	1343.5170603674542	1983.5170603674544	4.0	4.0	0.0	1.0	381.0	368.0	0.0	13.0	
94	23	1787.6674208144796	1713.6674208144796	7.0	4.0	0.0	4.0	884.0	736.0	0.0	148.0	
