#frame	event	cm_x	cm_y	size	size_r	size_g	size_b	sum	sum_r	sum_g	sum_b
2	9	1741.1888809693514	529.8218104062722	9.0	4.0	7.0	6.0	1403.0	636.0	621.0	144.0
2	12	1678.502325581395	674.2	6.0	1.0	4.0	4.0	215.0	2.0	65.0	148.0
3	43	2244.5	1951.5	4.0	0.0	4.0	0.0	136.0	0.0	136.0	0.0
4	39	2109.5	1888.5	4.0	0.0	4.0	0.0	172.0	0.0	172.0	0.0
4	42	1070.5	1949.5	4.0	0.0	4.0	0.0	72.0	0.0	72.0	0.0
4	43	911.5	1952.5	4.0	0.0	4.0	0.0	216.0	0.0	216.0	0.0
5	39	2109.5	1888.5	4.0	0.0	4.0	0.0	172.0	0.0	172.0	0.0
5	42	1070.5	1949.5	4.0	0.0	4.0	0.0	72.0	0.0	72.0	0.0
5	43	911.5	1952.5	4.0	0.0	4.0	0.0	216.0	0.0	216.0	0.0
6	16	994.7122752150116	1254.7240031274432	9.0	6.0	7.0	6.0	1279.0	230.0	113.0	936.0
7	6	1202.5	599.5	4.0	0.0	4.0	0.0	360.0	0.0	360.0	0.0
7	26	2417.4938271604938	1760.530864197531	4.0	2.0	4.0	0.0	81.0	4.0	77.0	0.0
8	27	1984.2435897435896	1526.9038461538462	10.0	1.0	8.0	6.0	312.0	3.0	113.0	196.0
9	27	1984.2435897435896	1526.9038461538462	10.0	1.0	8.0	6.0	312.0	3.0	113.0	196.0
11	21	668.5	1577.5	4.0	0.0	4.0	4.0	256.0	0.0	248.0	8.0
11	28	1894.683823529412	1768.6823529411763	7.0	4.0	5.0	4.0	680.0	108.0	31.0	540.0
12	22	1505.5	1382.5	4.0	0.0	4.0	0.0	280.0	0.0	280.0	0.0
12	30	1696.7269180754226	1600.6879063719116	9.0	4.0	7.0	6.0	769.0	120.0	49.0	600.0
12	32	1911.463768115942	1608.5072463768115	4.0	0.0	4.0	2.0	69.0	0.0	65.0	4.0
12	33	2286.5	1635.4354838709678	4.0	0.0	4.0	2.0	372.0	0.0	324.0	48.0
13	22	1505.5	1382.5	4.0	0.0	4.0	0.0	280.0	0.0	280.0	0.0
13	30	1696.7269180754226	1600.6879063719116	9.0	4.0	7.0	6.0	769.0	120.0	49.0	600.0
13	32	1911.463768115942	1608.5072463768115	4.0	0.0	4.0	2.0	69.0	0.0	65.0	4.0
13	33	2286.5	1635.4354838709678	4.0	0.0	4.0	2.0	372.0	0.0	324.0	48.0
18	19	1904.5	1501.5	4.0	0.0	4.0	0.0	360.0	0.0	360.0	0.0
19	7	371.5125448028674	347.7974910394265	6.0	4.0	4.0	2.0	558.0	392.0	152.0	14.0
20	9	586.5104166666666	316.1536458333333	6.0	1.0	4.0	4.0	384.0	6.0	137.0	240.0
20	13	106.5	589.5	4.0	0.0	4.0	0.0	236.0	0.0	236.0	0.0
20	30	2342.7187733732235	1638.7187733732237	9.0	4.0	7.0	4.0	1337.0	232.0	121.0	984.0
21	9	586.5104166666666	316.1536458333333	6.0	1.0	4.0	4.0	384.0	6.0	137.0	240.0
21	13	106.5	589.5	4.0	0.0	4.0	0.0	236.0	0.0	236.0	0.0
21	30	2342.7187733732235	1638.7187733732237	9.0	4.0	7.0	4.0	1337.0	232.0	121.0	984.0
23	25	1382.5	1093.5	4.0	0.0	4.0	0.0	256.0	0.0	256.0	0.0
23	31	1310.56940509915	1324.6543909348443	9.0	4.0	8.0	5.0	706.0	96.0	106.0	504.0
23	41	1015.5142857142856	1894.5	4.0	0.0	4.0	2.0	140.0	0.0	136.0	4.0
24	48	1326.719855595668	2016.719855595668	9.0	4.0	7.0	4.0	1385.0	240.0	129.0	1016.0
24	49	590.5	2035.5096153846157	4.0	0.0	4.0	2.0	208.0	0.0	204.0	4.0
25	48	1326.719855595668	2016.719855595668	9.0	4.0	7.0	4.0	1385.0	240.0	129.0	1016.0
25	49	590.5	2035.5096153846157	4.0	0.0	4.0	2.0	208.0	0.0	204.0	4.0
28	6	742.6975772765246	738.6307435254804	11.0	4.0	10.0	4.0	1197.0	188.0	177.0	832.0
28	11	2425.010752688172	860.2688172043011	8.0	1.0	5.0	6.0	372.0	7.0	91.0	272.0
29	6	742.6975772765246	738.6307435254804	11.0	4.0	10.0	4.0	1197.0	188.0	177.0	832.0
29	11	2425.010752688172	860.2688172043011	8.0	1.0	5.0	6.0	372.0	7.0	91.0	272.0
32	16	362.65	1210.6454545454546	7.0	4.0	6.0	4.0	440.0	60.0	16.0	364.0
32	35	2203.5	2016.5	4.0	0.0	4.0	0.0	336.0	0.0	336.0	0.0
33	16	362.65	1210.6454545454546	7.0	4.0	6.0	4.0	440.0	60.0	16.0	364.0
33	35	2203.5	2016.5	4.0	0.0	4.0	0.0	336.0	0.0	336.0	0.0
35	22	1001.5	1418.5	4.0	0.0	4.0	0.0	136.0	0.0	136.0	0.0
35	29	352.5	1811.5	4.0	0.0	4.0	0.0	72.0	0.0	72.0	0.0
36	18	1648.6676136363635	1182.5710227272727	9.0	4.0	8.0	5.0	704.0	100.0	98.0	506.0
37	18	1648.6676136363635	1182.5710227272727	9.0	4.0	8.0	5.0	704.0	100.0	98.0	506.0
39	21	424.5	1203.509090909091	4.0	0.0	4.0	2.0	220.0	0.0	216.0	4.0
40	10	1141.5	716.5238095238095	4.0	2.0	4.0	0.0	294.0	14.0	280.0	0.0
41	10	1141.5	716.5238095238095	4.0	2.0	4.0	0.0	294.0	14.0	280.0	0.0
42	5	654.5115681233933	694.159383033419	6.0	1.0	5.0	6.0	389.0	7.0	119.0	262.0
43	34	1710.6507936507935	1684.5122655122657	9.0	4.0	8.0	4.0	693.0	92.0	121.0	480.0
44	22	1320.3529411764705	1690.2254901960785	10.0	7.0	5.0	4.0	510.0	134.0	69.0	304.0
45	22	1320.3529411764705	1690.2254901960785	10.0	7.0	5.0	4.0	510.0	134.0	69.0	304.0
46	18	1726.5	1229.5	4.0	0.0	4.0	0.0	200.0	0.0	200.0	0.0
48	15	196.6186612576065	1070.4523326572007	9.0	4.0	8.0	4.0	493.0	52.0	93.0	348.0
48	25	505.5	1704.0454545454545	6.0	4.0	4.0	0.0	132.0	60.0	72.0	0.0
49	15	196.6186612576065	1070.4523326572007	9.0	4.0	8.0	4.0	493.0	52.0	93.0	348.0
49	25	505.5	1704.0454545454545	6.0	4.0	4.0	0.0	132.0	60.0	72.0	0.0
50	14	1370.502538071066	762.7842639593908	6.0	0.0	4.0	4.0	394.0	0.0	113.0	280.0
51	22	2166.508737864078	1476.0427184466018	6.0	1.0	5.0	4.0	515.0	7.0	243.0	264.0
52	22	1156.5542857142857	1140.2114285714283	8.0	3.0	5.0	4.0	525.0	30.0	184.0	308.0
53	22	1156.5542857142857	1140.2114285714283	8.0	3.0	5.0	4.0	525.0	30.0	184.0	308.0
55	4	78.68405365126677	190.6840536512668	7.0	4.0	5.0	4.0	671.0	108.0	31.0	532.0
56	14	246.5	937.5050505050503	4.0	0.0	4.0	4.0	396.0	0.0	384.0	12.0
56	16	359.5	1006.5	4.0	0.0	4.0	0.0	200.0	0.0	200.0	0.0
57	14	246.5	937.5050505050503	4.0	0.0	4.0	4.0	396.0	0.0	384.0	12.0
57	16	359.5	1006.5	4.0	0.0	4.0	0.0	200.0	0.0	200.0	0.0
58	28	1176.5	1465.5	4.0	0.0	4.0	0.0	72.0	0.0	72.0	0.0
58	35	1564.5	1727.5	4.0	0.0	4.0	0.0	284.0	0.0	284.0	0.0
58	42	1297.5	1914.5	4.0	0.0	4.0	0.0	248.0	0.0	248.0	0.0
62	29	1290.5	1415.5	4.0	0.0	4.0	4.0	80.0	0.0	72.0	8.0
64	34	228.49802371541503	1385.498023715415	4.0	0.0	4.0	0.0	253.0	0.0	253.0	0.0
65	34	228.49802371541503	1385.498023715415	4.0	0.0	4.0	0.0	253.0	0.0	253.0	0.0
66	14	1866.7180936995155	1000.718901453958	9.0	4.0	7.0	4.0	1238.0	212.0	113.0	912.0
66	15	1502.5	1003.5	4.0	0.0	4.0	0.0	412.0	0.0	412.0	0.0
67	14	1824.689608636977	852.689608636977	9.0	4.0	7.0	4.0	741.0	116.0	49.0	576.0
68	14	550.5	995.5	4.0	0.0	4.0	0.0	184.0	0.0	184.0	0.0
68	16	1532.7188841201717	1082.7210300429183	9.0	4.0	8.0	4.0	1398.0	244.0	134.0	1020.0
69	14	550.5	995.5	4.0	0.0	4.0	0.0	184.0	0.0	184.0	0.0
69	16	1532.7188841201717	1082.7210300429183	9.0	4.0	8.0	4.0	1398.0	244.0	134.0	1020.0
70	10	813.5	666.5	4.0	0.0	4.0	0.0	152.0	0.0	152.0	0.0
70	29	1768.5	1519.5	4.0	0.0	4.0	0.0	332.0	0.0	332.0	0.0
70	40	1452.696855345912	1940.6955974842767	9.0	4.0	7.0	4.0	795.0	128.0	58.0	608.0
71	16	2419.5	1440.5	4.0	0.0	4.0	0.0	244.0	0.0	244.0	0.0
72	17	2441.5	1144.5	4.0	0.0	4.0	0.0	172.0	0.0	172.0	0.0
72	32	232.496	1713.496	4.0	0.0	4.0	0.0	125.0	0.0	125.0	0.0
73	17	2441.5	1144.5	4.0	0.0	4.0	0.0	172.0	0.0	172.0	0.0
73	32	232.496	1713.496	4.0	0.0	4.0	0.0	125.0	0.0	125.0	0.0
74	11	1382.5	647.5	4.0	0.0	4.0	0.0	136.0	0.0	136.0	0.0
76	47	2200.5762962962963	1992.143703703704	9.0	4.0	5.0	4.0	675.0	48.0	296.0	328.0
77	47	2200.5762962962963	1992.143703703704	9.0	4.0	5.0	4.0	675.0	48.0	296.0	328.0
79	41	1060.5	1955.5	4.0	0.0	4.0	0.0	184.0	0.0	184.0	0.0
79	44	1868.5	1999.5	4.0	0.0	4.0	0.0	336.0	0.0	336.0	0.0
82	19	1876.5	1357.5	4.0	0.0	4.0	0.0	180.0	0.0	180.0	0.0
82	30	1741.4736842105262	1932.5	4.0	0.0	4.0	2.0	76.0	0.0	72.0	4.0
86	10	824.5	533.5108695652174	4.0	0.0	4.0	2.0	184.0	0.0	180.0	4.0
87	23	1395.5	1464.5	4.0	0.0	4.0	0.0	72.0	0.0	72.0	0.0
88	29	1112.5	1899.5	4.0	0.0	4.0	0.0	368.0	0.0	368.0	0.0
89	29	1112.5	1899.5	4.0	0.0	4.0	0.0	368.0	0.0	368.0	0.0
90	0	1298.5	119.5	4.0	0.0	4.0	0.0	72.0	0.0	72.0	0.0
90	33	2129.5	1846.512987012987	4.0	2.0	4.0	0.0	308.0	8.0	300.0	0.0
91	8	776.5	775.4909090909091	4.0	0.0	4.0	2.0	220.0	0.0	216.0	4.0
91	9	1546.693135935397	814.6931359353971	9.0	4.0	7.0	5.0	743.0	116.0	49.0	578.0
91	16	847.5031055900621	1148.1180124223602	6.0	4.0	4.0	1.0	322.0	120.0	200.0	2.0
92	19	2414.5	997.5	4.0	0.0	4.0	0.0	320.0	0.0	320.0	0.0
92	30	2124.6625386996902	1676.5866873065015	9.0	4.0	8.0	4.0	646.0	92.0	74.0	480.0
92	34	1558.5	1757.446428571429	4.0	0.0	4.0	2.0	224.0	0.0	200.0	24.0
93	19	2414.5	997.5	4.0	0.0	4.0	0.0	320.0	0.0	320.0	0.0
93	30	2124.6625386996902	1676.5866873065015	9.0	4.0	8.0	4.0	646.0	92.0	74.0	480.0
93	34	1558.5	1757.446428571429	4.0	0.0	4.0	2.0	224.0	0.0	200.0	24.0
94	13	1105.5	937.9594594594596	6.0	4.0	4.0	0.0	296.0	160.0	136.0	0.0
94	18	2267.5	1412.5	4.0	0.0	4.0	0.0	172.0	0.0	172.0	0.0
95	33	2153.5	1540.5	4.0	0.0	4.0	0.0	136.0	0.0	136.0	0.0
95	40	2363.5	1876.4578313253007	4.0	2.0	4.0	0.0	166.0	14.0	152.0	0.0
