#frame	event	cm_x	cm_y	size	size_r	size_g	size_b	sum	sum_r	sum_g	sum_b
0	9	1850.6421568627447	476.6421568627451	7.0	4.0	5.0	4.0	408.0	52.0	12.0	344.0
1	9	1850.6421568627447	476.6421568627451	7.0	4.0	5.0	4.0	408.0	52.0	12.0	344.0
2	14	1192.7083333333333	704.7083333333334	9.0	4.0	7.0	4.0	960.0	160.0	80.0	720.0
2	15	50.70217640320733	766.7021764032073	9.0	4.0	7.0	4.0	873.0	144.0	65.0	664.0
2	23	1961.5170603674544	1077.5170603674542	4.0	4.0	0.0	1.0	381.0	368.0	0.0	13.0
3	16	1238.639423076923	954.6394230769232	7.0	4.0	5.0	4.0	416.0	52.0	12.0	352.0
3	27	1796.6958762886595	1318.7036082474226	9.0	4.0	7.0	6.0	776.0	124.0	56.0	596.0
3	36	1746.5	1627.625	4.0	0.0	4.0	2.0	80.0	0.0	60.0	20.0
3	41	1937.6627634660424	1701.6651053864168	7.0	4.0	0.0	5.0	854.0	712.0	0.0	142.0
3	43	1088.5858310626702	1860.5858310626704	6.0	3.0	2.0	4.0	367.0	33.0	5.0	324.0
3	44	652.5	1869.25	4.0	0.0	4.0	2.0	104.0	0.0	52.0	52.0
4	6	1018.5	391.625	4.0	0.0	4.0	2.0	80.0	0.0	60.0	20.0
4	18	592.5	1247.5892857142858	4.0	0.0	4.0	2.0	112.0	0.0	92.0	20.0
4	19	1476.7183513248283	1256.6977428851817	9.0	6.0	7.0	4.0	1019.0	182.0	81.0	756.0
5	6	1018.5	391.625	4.0	0.0	4.0	2.0	80.0	0.0	60.0	20.0
5	18	592.5	1247.5892857142858	4.0	0.0	4.0	2.0	112.0	0.0	92.0	20.0
5	19	1476.7183513248283	1256.6977428851817	9.0	6.0	7.0	4.0	1019.0	182.0	81.0	756.0
6	17	1874.6791277258567	878.6791277258567	7.0	4.0	5.0	4.0	642.0	100.0	30.0	512.0
6	18	1627.5213675213674	985.5213675213676	4.0	4.0	0.0	1.0	585.0	560.0	0.0	25.0
6	42	1034.647619047619	2024.647619047619	7.0	4.0	5.0	4.0	420.0	56.0	12.0	352.0
7	27	1056.508771929825	1120.508771929825	4.0	1.0	0.0	4.0	171.0	3.0	0.0	168.0
7	33	296.50877192982455	1396.508771929825	4.0	1.0	0.0	4.0	171.0	3.0	0.0	168.0
7	42	2270.6918990703853	1646.691899070385	9.0	4.0	7.0	4.0	753.0	120.0	49.0	584.0
7	43	632.6506849315068	1696.648401826484	7.0	4.0	5.0	4.0	438.0	60.0	13.0	364.0
7	62	1352.5074626865671	2014.5074626865671	4.0	1.0	0.0	4.0	134.0	2.0	0.0	132.0
8	21	1114.6700680272108	1404.6700680272108	7.0	4.0	5.0	4.0	588.0	88.0	24.0	476.0
8	24	1664.7081292850146	1492.7081292850146	9.0	4.0	7.0	4.0	1021.0	172.0	81.0	768.0
8	37	1449.5153846153846	1987.517948717949	4.0	4.0	0.0	1.0	390.0	376.0	0.0	13.0
9	21	1114.6700680272108	1404.6700680272108	7.0	4.0	5.0	4.0	588.0	88.0	24.0	476.0
9	24	1664.7081292850146	1492.7081292850146	9.0	4.0	7.0	4.0	1021.0	172.0	81.0	768.0
9	37	1449.5153846153846	1987.517948717949	4.0	4.0	0.0	1.0	390.0	376.0	0.0	13.0
10	18	1384.6933667083854	902.5650813516896	11.0	4.0	10.0	4.0	1598.0	244.0	334.0	1020.0
11	12	1042.6607142857142	790.6587301587301	7.0	4.0	5.0	4.0	504.0	72.0	19.0	412.0
11	16	1083.5218855218857	913.5218855218856	4.0	4.0	0.0	1.0	594.0	568.0	0.0	26.0
12	7	2279.520325203252	487.520325203252	4.0	4.0	0.0	1.0	492.0	472.0	0.0	20.0
12	25	1632.6944099378882	1346.6944099378882	9.0	4.0	7.0	4.0	805.0	128.0	57.0	620.0
12	30	700.6708860759494	1654.6745027124773	7.0	4.0	5.0	5.0	553.0	84.0	19.0	450.0
12	37	1091.521222410866	1933.521222410866	4.0	4.0	0.0	1.0	589.0	564.0	0.0	25.0
12	40	225.65809768637533	1971.6580976863756	7.0	4.0	0.0	5.0	778.0	652.0	0.0	126.0
13	7	2279.520325203252	487.520325203252	4.0	4.0	0.0	1.0	492.0	472.0	0.0	20.0
13	25	1632.6944099378882	1346.6944099378882	9.0	4.0	7.0	4.0	805.0	128.0	57.0	620.0
13	30	700.6708860759494	1654.6745027124773	7.0	4.0	5.0	5.0	553.0	84.0	19.0	450.0
13	37	1091.521222410866	1933.521222410866	4.0	4.0	0.0	1.0	589.0	564.0	0.0	25.0
13	40	225.65809768637533	1971.6580976863756	7.0	4.0	0.0	5.0	778.0	652.0	0.0	126.0
14	23	100.5115207373272	1304.5115207373271	4.0	1.0	0.0	4.0	217.0	4.0	0.0	212.0
14	30	57.522184300341294	1807.5204778157	4.0	4.0	0.0	1.0	586.0	560.0	0.0	25.0
14	31	1276.5115207373271	1814.5115207373271	4.0	1.0	0.0	4.0	217.0	4.0	0.0	212.0
14	40	2388.6326530612246	2026.361976369495	9.0	4.0	8.0	4.0	931.0	108.0	283.0	540.0
15	4	2388.657142857143	216.5548872180451	9.0	4.0	8.0	4.0	665.0	92.0	93.0	480.0
15	14	770.651376146789	922.651376146789	7.0	4.0	5.0	4.0	436.0	60.0	12.0	364.0
15	31	556.7183951551855	1504.7229371688115	9.0	4.0	7.0	6.0	1321.0	228.0	121.0	972.0
15	40	430.66854990583806	1788.668549905838	7.0	4.0	5.0	4.0	531.0	80.0	19.0	432.0
16	18	1867.5146771037184	573.0391389432485	8.0	8.0	0.0	1.0	511.0	496.0	0.0	13.0
16	41	1838.6709470304977	1646.6677367576244	7.0	4.0	5.0	4.0	623.0	92.0	27.0	504.0
17	18	1867.5146771037184	573.0391389432485	8.0	8.0	0.0	1.0	511.0	496.0	0.0	13.0
17	41	1838.6709470304977	1646.6677367576244	7.0	4.0	5.0	4.0	623.0	92.0	27.0	504.0
18	21	444.5072463768116	1902.5072463768115	4.0	1.0	0.0	4.0	138.0	2.0	0.0	136.0
19	13	2244.5855855855857	946.5855855855856	6.0	3.0	1.0	4.0	333.0	30.0	3.0	296.0
19	29	2407.513227513228	1447.1693121693122	6.0	4.0	4.0	1.0	756.0	476.0	260.0	20.0
19	30	476.5074626865672	1596.5074626865671	4.0	1.0	0.0	4.0	134.0	2.0	0.0	132.0
19	35	1792.7067745197169	1796.7067745197169	9.0	4.0	7.0	4.0	989.0	164.0	81.0	744.0
20	6	716.6344647519583	322.6344647519582	7.0	4.0	1.0	4.0	383.0	48.0	3.0	328.0
20	16	2326.6497695852536	912.6405529953915	7.0	4.0	6.0	5.0	434.0	56.0	20.0	358.0
20	36	1216.513043478261	1736.513043478261	4.0	1.0	0.0	4.0	230.0	5.0	0.0	224.0
21	6	716.6344647519583	322.6344647519582	7.0	4.0	1.0	4.0	383.0	48.0	3.0	328.0
21	16	2326.6497695852536	912.6405529953915	7.0	4.0	6.0	5.0	434.0	56.0	20.0	358.0
21	36	1216.513043478261	1736.513043478261	4.0	1.0	0.0	4.0	230.0	5.0	0.0	224.0
22	7	254.6542669584245	448.6542669584245	7.0	4.0	5.0	4.0	457.0	64.0	13.0	380.0
22	19	2189.519841269841	873.5198412698413	4.0	4.0	0.0	1.0	504.0	484.0	0.0	20.0
22	32	850.5144032921811	1442.514403292181	4.0	1.0	0.0	4.0	243.0	6.0	0.0	236.0
22	37	2398.7092511013216	1690.7092511013216	9.0	4.0	7.0	5.0	908.0	148.0	72.0	688.0
24	12	368.700340522134	614.700340522134	9.0	4.0	7.0	4.0	881.0	144.0	65.0	672.0
25	12	368.700340522134	614.700340522134	9.0	4.0	7.0	4.0	881.0	144.0	65.0	672.0
26	37	814.5075376884422	1724.3266331658292	6.0	1.0	4.0	4.0	199.0	3.0	36.0	160.0
26	40	292.51440329218104	1812.514403292181	4.0	1.0	0.0	4.0	243.0	6.0	0.0	236.0
27	24	1810.510593220339	1404.1122881355932	6.0	1.0	5.0	4.0	472.0	8.0	191.0	272.0
27	35	980.6791277258568	1744.6791277258567	7.0	4.0	5.0	4.0	642.0	100.0	30.0	512.0
27	41	496.6878453038674	1968.6961325966847	9.0	4.0	7.0	6.0	724.0	112.0	48.0	564.0
28	22	873.5252679938744	769.5191424196018	4.0	4.0	0.0	2.0	653.0	620.0	0.0	33.0
28	28	278.70093457943926	1034.7009345794393	9.0	4.0	7.0	4.0	856.0	140.0	64.0	652.0
28	31	706.6448598130842	1148.6448598130842	7.0	4.0	5.0	4.0	428.0	56.0	12.0	360.0
28	34	1572.661354581673	1272.661354581673	7.0	4.0	5.0	4.0	502.0	72.0	18.0	412.0
28	38	1532.7194298574643	1374.7194298574643	9.0	4.0	7.0	4.0	1333.0	232.0	121.0	980.0
29	22	873.5252679938744	769.5191424196018	4.0	4.0	0.0	2.0	653.0	620.0	0.0	33.0
29	28	278.70093457943926	1034.7009345794393	9.0	4.0	7.0	4.0	856.0	140.0	64.0	652.0
29	31	706.6448598130842	1148.6448598130842	7.0	4.0	5.0	4.0	428.0	56.0	12.0	360.0
29	34	1572.661354581673	1272.661354581673	7.0	4.0	5.0	4.0	502.0	72.0	18.0	412.0
29	38	1532.7194298574643	1374.7194298574643	9.0	4.0	7.0	4.0	1333.0	232.0	121.0	980.0
30	20	2074.516129032258	692.516129032258	4.0	1.0	1.0	4.0	279.0	7.0	2.0	268.0
30	36	700.5034802784223	1366.8259860788862	6.0	0.0	4.0	4.0	431.0	0.0	142.0	288.0
30	42	1522.5186567164178	1576.5186567164178	4.0	1.0	1.0	4.0	268.0	8.0	2.0	256.0
30	55	248.51243781094527	1946.5124378109451	4.0	1.0	0.0	4.0	201.0	4.0	0.0	196.0
31	5	590.6953807740325	402.69538077403246	9.0	4.0	7.0	4.0	801.0	128.0	57.0	616.0
31	29	816.6375321336761	1748.6401028277637	7.0	4.0	2.0	4.0	389.0	48.0	5.0	332.0
32	19	938.6706231454006	950.6231454005934	9.0	4.0	8.0	4.0	674.0	100.0	62.0	512.0
32	24	1506.5072463768115	1106.5072463768115	4.0	1.0	0.0	4.0	138.0	2.0	0.0	136.0
32	30	436.511961722488	1318.511961722488	4.0	1.0	0.0	4.0	209.0	4.0	0.0	204.0
33	19	938.6706231454006	950.6231454005934	9.0	4.0	8.0	4.0	674.0	100.0	62.0	512.0
33	24	1506.5072463768115	1106.5072463768115	4.0	1.0	0.0	4.0	138.0	2.0	0.0	136.0
33	30	436.511961722488	1318.511961722488	4.0	1.0	0.0	4.0	209.0	4.0	0.0	204.0
34	17	184.5	1013.7083333333334	4.0	0.0	4.0	2.0	48.0	0.0	28.0	20.0
34	36	786.6085409252669	1601.1423487544484	10.0	5.0	3.0	9.0	562.0	54.0	7.0	498.0
34	52	102.69292389853138	1988.6929238985315	9.0	4.0	7.0	4.0	749.0	120.0	49.0	580.0
35	13	2214.7124887690925	666.7124887690925	9.0	4.0	7.0	4.0	1113.0	188.0	97.0	828.0
35	37	374.5	1637.549019607843	4.0	0.0	4.0	2.0	204.0	0.0	184.0	20.0
38	10	2212.662239089184	760.662239089184	7.0	4.0	5.0	4.0	527.0	76.0	19.0	432.0
38	12	893.9668874172186	800.5960264900663	5.0	1.0	4.0	3.0	151.0	2.0	68.0	81.0
39	5	792.5	103.0	2.0	0.0	2.0	2.0	36.0	0.0	10.0	26.0
39	6	412.6918990703852	136.69189907038512	9.0	4.0	7.0	4.0	753.0	120.0	49.0	584.0
39	22	744.6819571865443	962.6819571865444	7.0	4.0	5.0	4.0	654.0	104.0	30.0	520.0
39	23	1440.51376146789	1106.4908256880733	4.0	1.0	2.0	4.0	218.0	4.0	9.0	204.0
39	29	1114.6660194174758	1342.6660194174758	7.0	4.0	5.0	4.0	515.0	76.0	19.0	420.0
39	31	1694.5176056338028	1508.5176056338028	4.0	1.0	1.0	4.0	284.0	8.0	2.0	272.0
40	17	2095.520871143376	1133.5208711433756	4.0	4.0	0.0	1.0	551.0	528.0	0.0	23.0
40	31	2056.589743589744	1694.5840455840455	6.0	3.0	1.0	5.0	351.0	30.0	3.0	314.0
41	17	2095.520871143376	1133.5208711433756	4.0	4.0	0.0	1.0	551.0	528.0	0.0	23.0
41	31	2056.589743589744	1694.5840455840455	6.0	3.0	1.0	5.0	351.0	30.0	3.0	314.0
42	16	2290.711521547933	812.70800351803	9.0	4.0	8.0	4.0	1137.0	192.0	105.0	840.0
42	28	1632.7200902934535	1414.7200902934535	9.0	4.0	7.0	4.0	1329.0	232.0	121.0	976.0
43	14	1546.508806262231	856.0234833659491	6.0	1.0	5.0	4.0	511.0	7.0	251.0	252.0
43	25	1552.6813509544786	1194.6798825256974	7.0	4.0	5.0	4.0	681.0	108.0	32.0	540.0
43	26	343.51984126984127	1289.5198412698412	4.0	4.0	0.0	1.0	504.0	484.0	0.0	20.0
43	31	699.0	1460.5	2.0	0.0	2.0	2.0	46.0	0.0	6.0	40.0
44	25	2278.505882352941	1374.2941176470588	6.0	1.0	4.0	4.0	170.0	2.0	36.0	132.0
44	29	2218.577889447236	1411.8844221105528	5.0	0.0	4.0	3.0	199.0	0.0	108.0	90.0
44	42	2137.668776371308	1849.668776371308	7.0	4.0	0.0	4.0	948.0	788.0	0.0	160.0
45	25	2278.505882352941	1374.2941176470588	6.0	1.0	4.0	4.0	170.0	2.0	36.0	132.0
45	29	2218.577889447236	1411.8844221105528	5.0	0.0	4.0	3.0	199.0	0.0	108.0	90.0
45	42	2137.668776371308	1849.668776371308	7.0	4.0	0.0	4.0	948.0	788.0	0.0	160.0
46	17	1972.6653846153847	950.6673076923076	7.0	4.0	5.0	4.0	520.0	76.0	19.0	424.0
46	26	714.6597510373444	1388.6597510373444	7.0	4.0	5.0	4.0	482.0	68.0	18.0	396.0
46	32	1370.8425531914893	1672.6297872340426	8.0	4.0	6.0	4.0	705.0	84.0	165.0	456.0
46	33	198.6840536512668	1726.6840536512668	7.0	4.0	5.0	4.0	671.0	108.0	31.0	532.0
46	37	702.5072463768116	1822.5072463768115	4.0	1.0	0.0	4.0	138.0	2.0	0.0	136.0
46	42	2098.515228426396	1994.281725888325	6.0	1.0	5.0	4.0	394.0	9.0	96.0	288.0
47	13	956.4067796610168	878.222760290557	8.0	4.0	8.0	4.0	413.0	25.0	136.0	252.0
47	21	912.681885125184	1314.6818851251842	7.0	4.0	5.0	4.0	679.0	108.0	31.0	540.0
47	32	1396.662239089184	1698.662239089184	7.0	4.0	5.0	4.0	527.0	76.0	19.0	432.0
48	35	1394.5	1749.5403225806451	4.0	0.0	4.0	2.0	248.0	0.0	228.0	20.0
49	35	1394.5	1749.5403225806451	4.0	0.0	4.0	2.0	248.0	0.0	228.0	20.0
50	11	530.6597510373444	674.6597510373444	7.0	4.0	5.0	4.0	482.0	68.0	18.0	396.0
50	29	1978.511961722488	1322.511961722488	4.0	1.0	0.0	4.0	209.0	4.0	0.0	204.0
50	32	1966.2021803766104	1427.0703666997026	10.0	8.0	6.0	6.0	1009.0	468.0	73.0	468.0
50	38	670.6978155339806	1730.6941747572816	9.0	5.0	7.0	5.0	824.0	139.0	57.0	626.0
52	4	784.5166666666667	392.5033333333333	4.0	1.0	3.0	4.0	300.0	8.0	11.0	280.0
52	5	775.52	429.52	4.0	4.0	0.0	1.0	525.0	504.0	0.0	21.0
52	8	940.5438175270108	560.6686674669868	11.0	4.0	10.0	4.0	833.0	116.0	153.0	564.0
52	17	2226.5377358490564	1206.5754716981132	5.0	2.0	1.0	5.0	318.0	18.0	3.0	294.0
53	4	784.5166666666667	392.5033333333333	4.0	1.0	3.0	4.0	300.0	8.0	11.0	280.0
53	5	775.52	429.52	4.0	4.0	0.0	1.0	525.0	504.0	0.0	21.0
53	8	940.5438175270108	560.6686674669868	11.0	4.0	10.0	4.0	833.0	116.0	153.0	564.0
53	17	2226.5377358490564	1206.5754716981132	5.0	2.0	1.0	5.0	318.0	18.0	3.0	294.0
54	24	680.5857142857143	1426.58	6.0	3.0	3.0	5.0	350.0	30.0	11.0	306.0
55	20	370.5168539325843	1360.5168539325844	4.0	1.0	1.0	4.0	267.0	7.0	2.0	256.0
55	33	2304.6455399061037	1780.643192488263	7.0	4.0	5.0	4.0	426.0	56.0	13.0	356.0
56	13	1774.65625	638.56875	9.0	4.0	8.0	4.0	640.0	88.0	80.0	472.0
56	37	1836.7031070195628	1996.7031070195628	9.0	4.0	7.0	4.0	869.0	144.0	65.0	660.0
57	13	1774.65625	638.56875	9.0	4.0	8.0	4.0	640.0	88.0	80.0	472.0
57	37	1836.7031070195628	1996.7031070195628	9.0	4.0	7.0	4.0	869.0	144.0	65.0	660.0
58	16	2216.126378286684	529.6980491942325	8.0	5.0	4.0	4.0	1179.0	449.0	505.0	224.0
58	34	388.6679245283019	1382.6622641509434	7.0	4.0	5.0	5.0	530.0	76.0	20.0	434.0
58	49	734.5074626865671	1930.5074626865671	4.0	1.0	0.0	4.0	134.0	2.0	0.0	132.0
59	24	2040.694871794872	1206.6948717948717	9.0	4.0	7.0	4.0	780.0	124.0	56.0	600.0
59	25	1342.0	1232.0	1.0	1.0	0.0	1.0	20.0	7.0	0.0	13.0
59	33	79.51724137931035	1579.521551724138	4.0	4.0	0.0	2.0	464.0	444.0	0.0	20.0
59	43	1503.0409145607705	1905.3682310469317	13.0	8.0	9.0	5.0	831.0	308.0	145.0	378.0
60	22	1264.689608636977	1014.689608636977	9.0	4.0	7.0	4.0	741.0	116.0	49.0	576.0
60	50	2045.508547008547	2046.094017094017	6.0	6.0	4.0	4.0	702.0	570.0	112.0	20.0
61	22	1264.689608636977	1014.689608636977	9.0	4.0	7.0	4.0	741.0	116.0	49.0	576.0
61	50	2045.508547008547	2046.094017094017	6.0	6.0	4.0	4.0	702.0	570.0	112.0	20.0
62	19	1628.5	967.415254237288	4.0	0.0	4.0	2.0	236.0	0.0	196.0	40.0
63	10	1254.663967611336	798.663967611336	7.0	4.0	5.0	4.0	494.0	72.0	18.0	404.0
63	12	1174.5855855855857	948.5855855855856	6.0	3.0	1.0	4.0	333.0	30.0	3.0	296.0
64	18	1180.2842497670083	933.0065237651444	10.0	8.0	6.0	6.0	1073.0	452.0	71.0	550.0
64	37	1590.7027027027027	1886.7027027027027	9.0	4.0	7.0	4.0	888.0	144.0	72.0	672.0
65	18	1180.2842497670083	933.0065237651444	10.0	8.0	6.0	6.0	1073.0	452.0	71.0	550.0
65	37	1590.7027027027027	1886.7027027027027	9.0	4.0	7.0	4.0	888.0	144.0	72.0	672.0
66	20	1234.634464751958	1318.634464751958	7.0	4.0	1.0	4.0	383.0	48.0	3.0	328.0
66	23	1964.509202453988	1416.5092024539877	4.0	1.0	0.0	4.0	163.0	3.0	0.0	160.0
66	25	2328.509259259259	1642.726851851852	6.0	2.0	4.0	4.0	432.0	6.0	93.0	332.0
67	19	1118.656108597285	1328.6515837104073	7.0	4.0	5.0	5.0	442.0	60.0	12.0	370.0
68	35	770.5870786516854	1532.5870786516855	6.0	3.0	1.0	4.0	356.0	33.0	3.0	316.0
68	51	1604.747572815534	2008.7016769638128	9.0	4.0	7.0	4.0	1133.0	184.0	141.0	808.0
69	35	770.5870786516854	1532.5870786516855	6.0	3.0	1.0	4.0	356.0	33.0	3.0	316.0
69	51	1604.747572815534	2008.7016769638128	9.0	4.0	7.0	4.0	1133.0	184.0	141.0	808.0
70	15	2058.6672897196263	1040.667289719626	7.0	4.0	5.0	4.0	535.0	80.0	19.0	436.0
70	18	1512.689608636977	1198.689608636977	9.0	4.0	7.0	4.0	741.0	116.0	49.0	576.0
70	36	1676.517857142857	1864.517857142857	4.0	1.0	1.0	4.0	280.0	8.0	2.0	268.0
70	37	1492.6349614395888	1914.6401028277637	7.0	4.0	1.0	5.0	389.0	48.0	3.0	334.0
71	28	2138.511415525114	1368.5068493150684	4.0	1.0	0.0	4.0	219.0	4.0	0.0	212.0
72	25	1899.520871143376	1397.5208711433756	4.0	4.0	0.0	1.0	551.0	528.0	0.0	23.0
72	26	158.70594159113796	1514.705941591138	9.0	4.0	7.0	4.0	993.0	164.0	81.0	748.0
72	33	1428.650684931507	1692.648401826484	7.0	4.0	5.0	4.0	438.0	60.0	13.0	364.0
72	38	2156.698630136986	1832.6948941469489	9.0	4.0	7.0	4.0	803.0	128.0	57.0	616.0
73	25	1899.520871143376	1397.5208711433756	4.0	4.0	0.0	1.0	551.0	528.0	0.0	23.0
73	26	158.70594159113796	1514.705941591138	9.0	4.0	7.0	4.0	993.0	164.0	81.0	748.0
73	33	1428.650684931507	1692.648401826484	7.0	4.0	5.0	4.0	438.0	60.0	13.0	364.0
73	38	2156.698630136986	1832.6948941469489	9.0	4.0	7.0	4.0	803.0	128.0	57.0	616.0
74	14	1604.6462264150944	586.6462264150944	7.0	4.0	5.0	4.0	424.0	56.0	12.0	356.0
74	26	1760.6750418760469	1518.6750418760469	7.0	4.0	5.0	4.0	597.0	92.0	25.0	480.0
74	27	856.0	1528.0	1.0	1.0	0.0	1.0	20.0	7.0	0.0	13.0
74	40	2420.5075376884424	1938.5075376884424	4.0	1.0	0.0	4.0	199.0	3.0	0.0	196.0
75	33	2075.6639344262294	1535.627049180328	9.0	4.0	4.0	4.0	976.0	780.0	36.0	160.0
75	36	794.6685499058381	1730.668549905838	7.0	4.0	5.0	4.0	531.0	80.0	19.0	432.0
75	38	142.67123287671234	1786.6712328767123	7.0	4.0	5.0	4.0	584.0	88.0	24.0	472.0
76	13	20.666048237476808	682.6660482374768	7.0	4.0	5.0	4.0	539.0	80.0	19.0	440.0
76	21	2262.627192982456	952.5263157894736	9.0	4.0	8.0	6.0	456.0	52.0	52.0	352.0
76	25	850.5131086142322	1220.4232209737827	6.0	1.0	4.0	4.0	267.0	6.0	24.0	236.0
76	29	120.51785714285714	1312.517857142857	4.0	1.0	1.0	4.0	280.0	8.0	2.0	268.0
76	38	1788.2894736842106	1569.7543859649122	8.0	0.0	8.0	2.0	228.0	0.0	208.0	20.0
77	8	1550.5198675496688	246.51986754966887	4.0	1.0	1.0	4.0	302.0	9.0	3.0	288.0
77	11	1956.5107913669065	500.3093525179856	6.0	1.0	4.0	4.0	278.0	5.0	56.0	216.0
77	18	2404.5	1033.0	2.0	0.0	2.0	2.0	48.0	0.0	4.0	44.0
77	25	2284.5087719298244	1512.508771929825	4.0	1.0	0.0	4.0	171.0	3.0	0.0	168.0
77	30	1596.5870786516855	1722.5870786516855	6.0	3.0	1.0	4.0	356.0	33.0	3.0	316.0
78	8	1550.5198675496688	246.51986754966887	4.0	1.0	1.0	4.0	302.0	9.0	3.0	288.0
78	11	1956.5107913669065	500.3093525179856	6.0	1.0	4.0	4.0	278.0	5.0	56.0	216.0
78	18	2404.5	1033.0	2.0	0.0	2.0	2.0	48.0	0.0	4.0	44.0
78	25	2284.5087719298244	1512.508771929825	4.0	1.0	0.0	4.0	171.0	3.0	0.0	168.0
78	30	1596.5870786516855	1722.5870786516855	6.0	3.0	1.0	4.0	356.0	33.0	3.0	316.0
79	21	2228.675041876047	1260.6750418760469	7.0	4.0	5.0	4.0	597.0	92.0	25.0	480.0
79	40	1530.5026833631484	2024.9016100178887	6.0	0.0	4.0	4.0	559.0	0.0	226.0	332.0
80	9	1432.6660194174758	884.6660194174757	7.0	4.0	5.0	4.0	515.0	76.0	19.0	420.0
80	32	1654.5063829787234	1924.327659574468	6.0	1.0	4.0	6.0	235.0	3.0	36.0	196.0
80	34	2296.651162790697	1974.6511627906975	7.0	4.0	5.0	5.0	430.0	56.0	12.0	362.0
81	9	1432.6660194174758	884.6660194174757	7.0	4.0	5.0	4.0	515.0	76.0	19.0	420.0
81	32	1654.5063829787234	1924.327659574468	6.0	1.0	4.0	6.0	235.0	3.0	36.0	196.0
81	34	2296.651162790697	1974.6511627906975	7.0	4.0	5.0	5.0	430.0	56.0	12.0	362.0
82	7	1942.64	578.5163636363636	9.0	4.0	8.0	4.0	550.0	68.0	86.0	396.0
82	18	1416.711320754717	1524.711320754717	9.0	4.0	7.0	4.0	1060.0	180.0	88.0	792.0
82	22	1316.513043478261	1678.513043478261	4.0	1.0	0.0	4.0	230.0	5.0	0.0	224.0
82	28	1332.572784810127	1930.5411392405065	5.0	3.0	1.0	5.0	316.0	20.0	3.0	290.0
83	3	2440.5117370892017	140.5117370892019	4.0	1.0	0.0	4.0	213.0	4.0	0.0	208.0
83	6	1824.517361111111	488.5173611111111	4.0	1.0	1.0	4.0	288.0	8.0	2.0	276.0
83	26	204.72	1248.2922222222223	15.0	12.0	12.0	6.0	1800.0	508.0	476.0	816.0
83	37	2230.671280276817	1816.6712802768168	7.0	4.0	5.0	5.0	578.0	84.0	24.0	470.0
83	39	911.5210237659963	1879.521023765996	4.0	4.0	0.0	1.0	547.0	524.0	0.0	23.0
84	6	562.5198675496689	478.5198675496689	4.0	1.0	1.0	4.0	302.0	9.0	3.0	288.0
84	11	2252.709923664122	742.7156488549618	9.0	4.0	7.0	6.0	1048.0	176.0	88.0	784.0
84	19	884.6613545816733	1088.661354581673	7.0	4.0	5.0	4.0	502.0	72.0	18.0	412.0
84	31	1242.6380208333333	1710.6354166666667	7.0	4.0	1.0	4.0	384.0	48.0	3.0	328.0
84	37	460.7121634168988	1900.7121634168989	9.0	4.0	7.0	4.0	1077.0	184.0	89.0	804.0
85	13	1898.5	842.0	2.0	0.0	2.0	2.0	30.0	0.0	10.0	20.0
85	33	1460.2147239263804	1676.2147239263804	7.0	5.0	0.0	4.0	326.0	101.0	0.0	224.0
86	13	1898.5	842.0	2.0	0.0	2.0	2.0	30.0	0.0	10.0	20.0
86	33	1460.2147239263804	1676.2147239263804	7.0	5.0	0.0	4.0	326.0	101.0	0.0	224.0
87	26	1288.0862403100775	1239.1434108527133	10.0	8.0	6.0	6.0	1032.0	560.0	46.0	426.0
87	32	1004.430790960452	1410.196327683616	11.0	8.0	8.0	4.0	708.0	168.0	178.0	360.0
88	19	1428.516129032258	1072.516129032258	4.0	1.0	1.0	4.0	279.0	7.0	2.0	268.0
89	27	1421.6964504283965	1108.6315789473683	13.0	8.0	9.0	8.0	817.0	96.0	71.0	648.0
89	30	436.6770491803279	1252.6704918032788	7.0	4.0	5.0	5.0	610.0	92.0	27.0	490.0
89	33	1882.6736842105263	1332.6736842105263	7.0	4.0	5.0	5.0	570.0	84.0	24.0	462.0
89	43	1772.6808199121522	1976.680819912152	7.0	4.0	5.0	4.0	683.0	108.0	31.0	544.0
90	27	1421.6964504283965	1108.6315789473683	13.0	8.0	9.0	8.0	817.0	96.0	71.0	648.0
90	30	436.6770491803279	1252.6704918032788	7.0	4.0	5.0	5.0	610.0	92.0	27.0	490.0
90	33	1882.6736842105263	1332.6736842105263	7.0	4.0	5.0	5.0	570.0	84.0	24.0	462.0
90	43	1772.6808199121522	1976.680819912152	7.0	4.0	5.0	4.0	683.0	108.0	31.0	544.0
91	23	774.6394230769231	1456.639423076923	7.0	4.0	5.0	4.0	416.0	52.0	12.0	352.0
91	27	542.6888888888889	1608.6888888888889	9.0	4.0	7.0	4.0	720.0	112.0	48.0	560.0
91	29	1348.6091743119266	1660.730275229358	8.0	4.0	6.0	4.0	545.0	52.0	81.0	412.0
91	31	288.567880794702	1700.6556291390727	9.0	4.0	8.0	4.0	604.0	84.0	72.0	448.0
91	39	108.51986754966887	2014.5198675496688	4.0	1.0	1.0	4.0	302.0	9.0	3.0	288.0
92	4	798.7202898550725	270.72028985507245	9.0	4.0	7.0	4.0	1380.0	240.0	128.0	1012.0
92	18	770.662239089184	932.662239089184	7.0	4.0	5.0	4.0	527.0	76.0	19.0	432.0
92	28	2002.7777777777776	1442.6859903381642	8.0	3.0	7.0	4.0	828.0	12.0	364.0	452.0
92	29	1434.6462093862815	1452.552346570397	9.0	4.0	8.0	4.0	554.0	72.0	70.0	412.0
92	31	1079.5157068062829	1585.5157068062829	4.0	4.0	0.0	1.0	382.0	368.0	0.0	13.0
93	3	996.183800623053	135.08203530633438	10.0	8.0	6.0	6.0	963.0	456.0	73.0	434.0
93	27	1445.5215146299483	1407.5215146299483	4.0	4.0	0.0	1.0	581.0	556.0	0.0	25.0
94	3	996.183800623053	135.08203530633438	10.0	8.0	6.0	6.0	963.0	456.0	73.0	434.0
94	27	1445.5215146299483	1407.5215146299483	4.0	4.0	0.0	1.0	581.0	556.0	0.0	25.0
95	26	2268.516363636364	1562.5163636363636	4.0	1.0	1.0	4.0	275.0	7.0	2.0	264.0
95	28	2188.5171232876714	1580.5171232876712	4.0	1.0	1.0	4.0	292.0	8.0	2.0	280.0
