#frame	event	cm_x	cm_y	size	size_r	size_g	size_b	sum	sum_r	sum_g	sum_b
2	15	50.70217640320733	766.7021764032073	9.0	4.0	7.0	4.0	873.0	144.0	65.0	664.0
2	27	557.5	1370.5	4.0	0.0	4.0	0.0	280.0	0.0	280.0	0.0
3	23	2053.5	1266.5	4.0	0.0	4.0	0.0	308.0	0.0	308.0	0.0
3	30	1058.5	1343.5	4.0	0.0	4.0	0.0	276.0	0.0	276.0	0.0
3	46	2228.489583333333	1939.75	4.0	2.0	4.0	2.0	96.0	4.0	42.0	50.0
4	19	1476.7183513248283	1256.6977428851817	9.0	6.0	7.0	4.0	1019.0	182.0	81.0	756.0
4	20	367.5	1344.5	4.0	0.0	4.0	0.0	180.0	0.0	180.0	0.0
4	27	1940.5	1579.5	4.0	0.0	4.0	0.0	244.0	0.0	244.0	0.0
5	19	1476.7183513248283	1256.6977428851817	9.0	6.0	7.0	4.0	1019.0	182.0	81.0	756.0
5	20	367.5	1344.5	4.0	0.0	4.0	0.0	180.0	0.0	180.0	0.0
5	27	1940.5	1579.5	4.0	0.0	4.0	0.0	244.0	0.0	244.0	0.0
6	27	1735.765306122449	1379.5102040816328	6.0	4.0	4.0	2.0	294.0	216.0	72.0	6.0
7	38	2404.5049019607845	1529.9803921568628	6.0	1.0	4.0	4.0	408.0	3.0	213.0	192.0
7	42	2270.6918990703853	1646.691899070385	9.0	4.0	7.0	4.0	753.0	120.0	49.0	584.0
7	50	2093.5	1862.5	4.0	0.0	4.0	0.0	264.0	0.0	264.0	0.0
8	3	1898.5	163.5	4.0	0.0	4.0	0.0	136.0	0.0	136.0	0.0
8	18	1752.9917012448134	1263.7697095435683	8.0	4.0	4.0	1.0	482.0	344.0	125.0	11.0
8	24	1664.7081292850146	1492.7081292850146	9.0	4.0	7.0	4.0	1021.0	172.0	81.0	768.0
9	3	1898.5	163.5	4.0	0.0	4.0	0.0	136.0	0.0	136.0	0.0
9	18	1752.9917012448134	1263.7697095435683	8.0	4.0	4.0	1.0	482.0	344.0	125.0	11.0
9	24	1664.7081292850146	1492.7081292850146	9.0	4.0	7.0	4.0	1021.0	172.0	81.0	768.0
10	18	1384.6933667083854	902.5650813516896	11.0	4.0	10.0	4.0	1598.0	244.0	334.0	1020.0
10	22	2033.5	1118.5	4.0	0.0	4.0	0.0	136.0	0.0	136.0	0.0
11	39	29.019788918205805	1821.015831134565	7.0	4.0	6.0	6.0	758.0	360.0	22.0	376.0
14	40	2388.6326530612246	2026.361976369495	9.0	4.0	8.0	4.0	931.0	108.0	283.0	540.0
15	4	2388.657142857143	216.5548872180451	9.0	4.0	8.0	4.0	665.0	92.0	93.0	480.0
15	31	556.7183951551855	1504.7229371688115	9.0	4.0	7.0	6.0	1321.0	228.0	121.0	972.0
16	14	1119.5185185185185	396.5185185185185	4.0	0.0	4.0	0.0	54.0	0.0	54.0	0.0
16	36	1897.5	1244.5	4.0	0.0	4.0	0.0	244.0	0.0	244.0	0.0
16	41	1838.6709470304977	1646.6677367576244	7.0	4.0	5.0	4.0	623.0	92.0	27.0	504.0
17	14	1119.5185185185185	396.5185185185185	4.0	0.0	4.0	0.0	54.0	0.0	54.0	0.0
17	36	1897.5	1244.5	4.0	0.0	4.0	0.0	244.0	0.0	244.0	0.0
17	41	1838.6709470304977	1646.6677367576244	7.0	4.0	5.0	4.0	623.0	92.0	27.0	504.0
18	19	899.5	1644.111111111111	6.0	4.0	4.0	0.0	432.0	168.0	264.0	0.0
19	22	948.5	1233.5	4.0	0.0	4.0	0.0	184.0	0.0	184.0	0.0
19	35	1792.7067745197169	1796.7067745197169	9.0	4.0	7.0	4.0	989.0	164.0	81.0	744.0
20	16	2326.6497695852536	912.6405529953915	7.0	4.0	6.0	5.0	434.0	56.0	20.0	358.0
20	29	2171.5	1444.1764705882354	6.0	4.0	4.0	0.0	408.0	132.0	276.0	0.0
20	40	1191.5	1896.5	4.0	0.0	4.0	0.0	152.0	0.0	152.0	0.0
21	16	2326.6497695852536	912.6405529953915	7.0	4.0	6.0	5.0	434.0	56.0	20.0	358.0
21	29	2171.5	1444.1764705882354	6.0	4.0	4.0	0.0	408.0	132.0	276.0	0.0
21	40	1191.5	1896.5	4.0	0.0	4.0	0.0	152.0	0.0	152.0	0.0
22	37	2398.7092511013216	1690.7092511013216	9.0	4.0	7.0	5.0	908.0	148.0	72.0	688.0
23	28	531.5	1690.5	4.0	0.0	4.0	0.0	72.0	0.0	72.0	0.0
23	31	2403.5	1754.5	4.0	0.0	4.0	0.0	200.0	0.0	200.0	0.0
23	35	798.5	1901.5	4.0	0.0	4.0	0.0	236.0	0.0	236.0	0.0
24	12	368.700340522134	614.700340522134	9.0	4.0	7.0	4.0	881.0	144.0	65.0	672.0
24	42	1192.4878048780488	2023.5121951219512	4.0	0.0	4.0	0.0	41.0	0.0	41.0	0.0
25	12	368.700340522134	614.700340522134	9.0	4.0	7.0	4.0	881.0	144.0	65.0	672.0
25	42	1192.4878048780488	2023.5121951219512	4.0	0.0	4.0	0.0	41.0	0.0	41.0	0.0
26	9	1980.502024291498	716.8076923076923	6.0	0.0	4.0	4.0	494.0	0.0	153.0	340.0
26	24	2166.5	1139.5	4.0	0.0	4.0	0.0	236.0	0.0	236.0	0.0
26	28	2155.5227272727275	1282.5454545454545	4.0	2.0	4.0	0.0	44.0	6.0	38.0	0.0
27	14	1621.5	946.0849056603772	6.0	4.0	4.0	0.0	424.0	176.0	248.0	0.0
27	19	1433.5	1138.5	4.0	0.0	4.0	0.0	72.0	0.0	72.0	0.0
27	24	1810.510593220339	1404.1122881355932	6.0	1.0	5.0	4.0	472.0	8.0	191.0	272.0
27	36	1924.5103011093504	1747.9825673534074	6.0	1.0	5.0	4.0	631.0	9.0	337.0	284.0
27	44	1718.047619047619	2012.2380952380952	7.0	0.0	7.0	3.0	126.0	0.0	72.0	54.0
28	38	1532.7194298574643	1374.7194298574643	9.0	4.0	7.0	4.0	1333.0	232.0	121.0	980.0
29	38	1532.7194298574643	1374.7194298574643	9.0	4.0	7.0	4.0	1333.0	232.0	121.0	980.0
30	27	1130.5	979.5	4.0	0.0	4.0	0.0	172.0	0.0	172.0	0.0
30	36	700.5034802784223	1366.8259860788862	6.0	0.0	4.0	4.0	431.0	0.0	142.0	288.0
30	41	1660.5	1533.5	4.0	0.0	4.0	0.0	180.0	0.0	180.0	0.0
30	47	1240.5	1725.5	4.0	0.0	4.0	0.0	152.0	0.0	152.0	0.0
31	26	1701.5	1516.5	4.0	0.0	4.0	0.0	136.0	0.0	136.0	0.0
32	16	537.5049504950495	852.5049504950495	4.0	0.0	4.0	0.0	101.0	0.0	101.0	0.0
32	19	938.6706231454006	950.6231454005934	9.0	4.0	8.0	4.0	674.0	100.0	62.0	512.0
32	35	1421.5	1482.5	4.0	0.0	4.0	0.0	152.0	0.0	152.0	0.0
33	16	537.5049504950495	852.5049504950495	4.0	0.0	4.0	0.0	101.0	0.0	101.0	0.0
33	19	938.6706231454006	950.6231454005934	9.0	4.0	8.0	4.0	674.0	100.0	62.0	512.0
33	35	1421.5	1482.5	4.0	0.0	4.0	0.0	152.0	0.0	152.0	0.0
34	12	1659.5	740.5	4.0	0.0	4.0	0.0	216.0	0.0	216.0	0.0
34	35	2164.5	1591.5	4.0	0.0	4.0	0.0	72.0	0.0	72.0	0.0
34	52	102.69292389853138	1988.6929238985315	9.0	4.0	7.0	4.0	749.0	120.0	49.0	580.0
35	12	575.5	586.5	4.0	0.0	4.0	0.0	284.0	0.0	284.0	0.0
35	13	2214.7124887690925	666.7124887690925	9.0	4.0	7.0	4.0	1113.0	188.0	97.0	828.0
35	26	308.5	1233.5263157894738	4.0	0.0	4.0	2.0	76.0	0.0	72.0	4.0
35	37	374.5	1637.549019607843	4.0	0.0	4.0	2.0	204.0	0.0	184.0	20.0
35	39	472.3870967741936	1664.5632754342432	8.0	5.0	5.0	4.0	403.0	36.0	72.0	292.0
39	6	412.6918990703852	136.69189907038512	9.0	4.0	7.0	4.0	753.0	120.0	49.0	584.0
39	33	1241.5	1608.5	4.0	0.0	4.0	0.0	152.0	0.0	152.0	0.0
40	7	718.5	497.575	4.0	0.0	4.0	2.0	160.0	0.0	136.0	24.0
40	33	174.5	1715.5	4.0	0.0	4.0	0.0	184.0	0.0	184.0	0.0
41	7	718.5	497.575	4.0	0.0	4.0	2.0	160.0	0.0	136.0	24.0
41	33	174.5	1715.5	4.0	0.0	4.0	0.0	184.0	0.0	184.0	0.0
42	16	2290.711521547933	812.70800351803	9.0	4.0	8.0	4.0	1137.0	192.0	105.0	840.0
42	28	1632.7200902934535	1414.7200902934535	9.0	4.0	7.0	4.0	1329.0	232.0	121.0	976.0
43	14	1546.508806262231	856.0234833659491	6.0	1.0	5.0	4.0	511.0	7.0	251.0	252.0
43	18	2043.858695652174	1018.8695652173913	7.0	0.0	7.0	2.0	184.0	0.0	180.0	4.0
43	27	1242.472972972973	1309.5135135135135	4.0	2.0	4.0	2.0	148.0	8.0	136.0	4.0
43	43	1328.4897959183672	1933.4897959183672	4.0	0.0	4.0	0.0	49.0	0.0	49.0	0.0
44	36	1537.5	1734.28125	6.0	4.0	4.0	0.0	384.0	84.0	300.0	0.0
44	41	133.5	1834.5	4.0	0.0	4.0	0.0	276.0	0.0	276.0	0.0
45	36	1537.5	1734.28125	6.0	4.0	4.0	0.0	384.0	84.0	300.0	0.0
45	41	133.5	1834.5	4.0	0.0	4.0	0.0	276.0	0.0	276.0	0.0
46	29	594.7777777777778	1575.7908496732025	7.0	0.0	7.0	3.0	306.0	0.0	300.0	6.0
46	32	1370.8425531914893	1672.6297872340426	8.0	4.0	6.0	4.0	705.0	84.0	165.0	456.0
46	33	198.6840536512668	1726.6840536512668	7.0	4.0	5.0	4.0	671.0	108.0	31.0	532.0
47	13	956.4067796610168	878.222760290557	8.0	4.0	8.0	4.0	413.0	25.0	136.0	252.0
47	18	1809.5	1060.5	4.0	0.0	4.0	0.0	136.0	0.0	136.0	0.0
47	21	912.681885125184	1314.6818851251842	7.0	4.0	5.0	4.0	679.0	108.0	31.0	540.0
47	42	1822.5	1985.5072463768115	4.0	0.0	4.0	2.0	276.0	0.0	272.0	4.0
48	20	2101.5	1086.55	4.0	2.0	4.0	0.0	80.0	8.0	72.0	0.0
48	32	1069.4895833333333	1591.3958333333333	8.0	4.0	8.0	2.0	192.0	36.0	152.0	4.0
49	20	2101.5	1086.55	4.0	2.0	4.0	0.0	80.0	8.0	72.0	0.0
49	32	1069.4895833333333	1591.3958333333333	8.0	4.0	8.0	2.0	192.0	36.0	152.0	4.0
50	21	875.5	1018.5	4.0	0.0	4.0	0.0	136.0	0.0	136.0	0.0
51	21	739.5024390243902	1300.5024390243902	4.0	0.0	4.0	0.0	205.0	0.0	205.0	0.0
52	4	784.5166666666667	392.5033333333333	4.0	1.0	3.0	4.0	300.0	8.0	11.0	280.0
52	8	940.5438175270108	560.6686674669868	11.0	4.0	10.0	4.0	833.0	116.0	153.0	564.0
53	4	784.5166666666667	392.5033333333333	4.0	1.0	3.0	4.0	300.0	8.0	11.0	280.0
53	8	940.5438175270108	560.6686674669868	11.0	4.0	10.0	4.0	833.0	116.0	153.0	564.0
54	24	680.5857142857143	1426.58	6.0	3.0	3.0	5.0	350.0	30.0	11.0	306.0
54	42	2377.5	1956.5	4.0	0.0	4.0	0.0	348.0	0.0	348.0	0.0
54	45	1932.4814814814813	2003.4814814814813	4.0	0.0	4.0	0.0	27.0	0.0	27.0	0.0
55	18	904.8361204013378	1186.6153846153843	8.0	4.0	6.0	4.0	598.0	64.0	142.0	392.0
56	24	160.49056603773585	1341.5094339622642	4.0	0.0	4.0	0.0	53.0	0.0	53.0	0.0
56	28	1319.5	1500.5	4.0	0.0	4.0	0.0	184.0	0.0	184.0	0.0
56	37	1836.7031070195628	1996.7031070195628	9.0	4.0	7.0	4.0	869.0	144.0	65.0	660.0
57	24	160.49056603773585	1341.5094339622642	4.0	0.0	4.0	0.0	53.0	0.0	53.0	0.0
57	28	1319.5	1500.5	4.0	0.0	4.0	0.0	184.0	0.0	184.0	0.0
57	37	1836.7031070195628	1996.7031070195628	9.0	4.0	7.0	4.0	869.0	144.0	65.0	660.0
58	16	2216.126378286684	529.6980491942325	8.0	5.0	4.0	4.0	1179.0	449.0	505.0	224.0
58	34	388.6679245283019	1382.6622641509434	7.0	4.0	5.0	5.0	530.0	76.0	20.0	434.0
58	41	969.504	1704.504	4.0	0.0	4.0	0.0	125.0	0.0	125.0	0.0
59	17	650.3285714285714	813.6714285714286	7.0	0.0	7.0	0.0	280.0	0.0	280.0	0.0
59	43	1503.0409145607705	1905.3682310469317	13.0	8.0	9.0	5.0	831.0	308.0	145.0	378.0
60	22	1264.689608636977	1014.689608636977	9.0	4.0	7.0	4.0	741.0	116.0	49.0	576.0
61	22	1264.689608636977	1014.689608636977	9.0	4.0	7.0	4.0	741.0	116.0	49.0	576.0
62	18	1987.8753246753247	919.7714285714286	8.0	4.0	7.0	0.0	385.0	136.0	249.0	0.0
63	16	644.5	1089.5	4.0	0.0	4.0	0.0	284.0	0.0	284.0	0.0
63	36	665.5	1990.5	4.0	0.0	4.0	0.0	300.0	0.0	300.0	0.0
64	18	1180.2842497670083	933.0065237651444	10.0	8.0	6.0	6.0	1073.0	452.0	71.0	550.0
64	24	2218.5	1217.5	4.0	0.0	4.0	0.0	172.0	0.0	172.0	0.0
64	27	1401.3148148148148	1354.3148148148148	8.0	0.0	8.0	0.0	216.0	0.0	216.0	0.0
64	37	1590.7027027027027	1886.7027027027027	9.0	4.0	7.0	4.0	888.0	144.0	72.0	672.0
65	18	1180.2842497670083	933.0065237651444	10.0	8.0	6.0	6.0	1073.0	452.0	71.0	550.0
65	24	2218.5	1217.5	4.0	0.0	4.0	0.0	172.0	0.0	172.0	0.0
65	27	1401.3148148148148	1354.3148148148148	8.0	0.0	8.0	0.0	216.0	0.0	216.0	0.0
65	37	1590.7027027027027	1886.7027027027027	9.0	4.0	7.0	4.0	888.0	144.0	72.0	672.0
66	25	2328.509259259259	1642.726851851852	6.0	2.0	4.0	4.0	432.0	6.0	93.0	332.0
66	32	647.5	1872.5	4.0	0.0	4.0	0.0	340.0	0.0	340.0	0.0
68	9	861.5	422.5	4.0	0.0	4.0	0.0	136.0	0.0	136.0	0.0
68	51	1604.747572815534	2008.7016769638128	9.0	4.0	7.0	4.0	1133.0	184.0	141.0	808.0
69	9	861.5	422.5	4.0	0.0	4.0	0.0	136.0	0.0	136.0	0.0
69	51	1604.747572815534	2008.7016769638128	9.0	4.0	7.0	4.0	1133.0	184.0	141.0	808.0
70	18	1512.689608636977	1198.689608636977	9.0	4.0	7.0	4.0	741.0	116.0	49.0	576.0
70	20	700.5	1253.5	4.0	0.0	4.0	0.0	244.0	0.0	244.0	0.0
70	34	1373.5	1658.5	4.0	0.0	4.0	0.0	356.0	0.0	356.0	0.0
71	10	1092.5	609.5	4.0	0.0	4.0	0.0	136.0	0.0	136.0	0.0
71	33	858.5	1697.5	4.0	0.0	4.0	0.0	284.0	0.0	284.0	0.0
71	42	1475.5	1968.5	4.0	0.0	4.0	0.0	72.0	0.0	72.0	0.0
72	26	158.70594159113796	1514.705941591138	9.0	4.0	7.0	4.0	993.0	164.0	81.0	748.0
73	26	158.70594159113796	1514.705941591138	9.0	4.0	7.0	4.0	993.0	164.0	81.0	748.0
74	21	1309.8953488372092	1404.1046511627908	7.0	0.0	7.0	0.0	172.0	0.0	172.0	0.0
74	42	1926.5	1957.5	4.0	0.0	4.0	0.0	332.0	0.0	332.0	0.0
76	31	466.5	1375.4897959183672	4.0	0.0	4.0	2.0	294.0	0.0	288.0	6.0
76	33	543.5025380710659	1402.005076142132	6.0	4.0	4.0	1.0	394.0	192.0	200.0	2.0
76	35	1176.5	1481.5	4.0	0.0	4.0	0.0	180.0	0.0	180.0	0.0
77	17	2306.5	1009.5	4.0	0.0	4.0	0.0	172.0	0.0	172.0	0.0
78	17	2306.5	1009.5	4.0	0.0	4.0	0.0	172.0	0.0	172.0	0.0
79	19	927.5	1046.5	4.0	0.0	4.0	0.0	72.0	0.0	72.0	0.0
79	38	1815.4777777777776	1930.1333333333332	6.0	4.0	5.0	2.0	720.0	260.0	432.0	28.0
79	40	1530.5026833631484	2024.9016100178887	6.0	0.0	4.0	4.0	559.0	0.0	226.0	332.0
80	21	1817.5	1468.5	4.0	0.0	4.0	0.0	172.0	0.0	172.0	0.0
81	21	1817.5	1468.5	4.0	0.0	4.0	0.0	172.0	0.0	172.0	0.0
82	7	1942.64	578.5163636363636	9.0	4.0	8.0	4.0	550.0	68.0	86.0	396.0
82	13	2328.5	915.5	4.0	0.0	4.0	0.0	184.0	0.0	184.0	0.0
83	18	1145.5	978.5	4.0	0.0	4.0	0.0	272.0	0.0	272.0	0.0
83	26	204.72	1248.2922222222223	15.0	12.0	12.0	6.0	1800.0	508.0	476.0	816.0
83	30	8.5	1429.5	4.0	0.0	4.0	0.0	284.0	0.0	284.0	0.0
84	29	2215.5	1652.5	4.0	0.0	4.0	0.0	136.0	0.0	136.0	0.0
85	6	1958.5	397.5	4.0	0.0	4.0	0.0	72.0	0.0	72.0	0.0
86	6	1958.5	397.5	4.0	0.0	4.0	0.0	72.0	0.0	72.0	0.0
87	26	1288.0862403100775	1239.1434108527133	10.0	8.0	6.0	6.0	1032.0	560.0	46.0	426.0
87	32	1004.430790960452	1410.196327683616	11.0	8.0	8.0	4.0	708.0	168.0	178.0	360.0
87	50	26.51315789473684	1964.690789473684	6.0	2.0	4.0	4.0	304.0	6.0	53.0	244.0
88	28	236.5023923444976	1450.901913875598	6.0	0.0	4.0	4.0	418.0	0.0	169.0	248.0
88	29	2209.5	1506.5	4.0	0.0	4.0	0.0	200.0	0.0	200.0	0.0
89	27	1421.6964504283965	1108.6315789473683	13.0	8.0	9.0	8.0	817.0	96.0	71.0	648.0
89	30	436.6770491803279	1252.6704918032788	7.0	4.0	5.0	5.0	610.0	92.0	27.0	490.0
89	43	1772.6808199121522	1976.680819912152	7.0	4.0	5.0	4.0	683.0	108.0	31.0	544.0
90	27	1421.6964504283965	1108.6315789473683	13.0	8.0	9.0	8.0	817.0	96.0	71.0	648.0
90	30	436.6770491803279	1252.6704918032788	7.0	4.0	5.0	5.0	610.0	92.0	27.0	490.0
90	43	1772.6808199121522	1976.680819912152	7.0	4.0	5.0	4.0	683.0	108.0	31.0	544.0
91	26	1340.5	1527.4957983193278	4.0	0.0	4.0	0.0	238.0	0.0	236.0	0.0
91	29	1348.6091743119266	1660.730275229358	8.0	4.0	6.0	4.0	545.0	52.0	81.0	412.0
91	31	288.567880794702	1700.6556291390727	9.0	4.0	8.0	4.0	604.0	84.0	72.0	448.0
91	35	2216.5	1891.5	4.0	0.0	4.0	0.0	152.0	0.0	152.0	0.0
92	24	1379.5	1194.5	4.0	0.0	4.0	0.0	72.0	0.0	72.0	0.0
92	28	2002.7777777777776	1442.6859903381642	8.0	3.0	7.0	4.0	828.0	12.0	364.0	452.0
92	29	1434.6462093862815	1452.552346570397	9.0	4.0	8.0	4.0	554.0	72.0	70.0	412.0
93	21	870.5	1261.5	4.0	0.0	4.0	0.0	72.0	0.0	72.0	0.0
94	21	870.5	1261.5	4.0	0.0	4.0	0.0	72.0	0.0	72.0	0.0
95	20	964.5	1389.5	4.0	0.0	4.0	0.0	264.0	0.0	264.0	0.0
