#frame	event	cm_x	cm_y	size	size_r	size_g	size_b	sum	sum_r	sum_g	sum_b
0	9	1850.6421568627447	476.6421568627451	7.0	4.0	5.0	4.0	408.0	52.0	12.0	344.0
0	21	208.50437317784252	1120.0495626822158	6.0	1.0	4.0	4.0	343.0	3.0	156.0	184.0
0	39	1568.5	1923.5	4.0	0.0	4.0	0.0	148.0	0.0	148.0	0.0
1	9	1850.6421568627447	476.6421568627451	7.0	4.0	5.0	4.0	408.0	52.0	12.0	344.0
1	21	208.50437317784252	1120.0495626822158	6.0	1.0	4.0	4.0	343.0	3.0	156.0	184.0
1	39	1568.5	1923.5	4.0	0.0	4.0	0.0	148.0	0.0	148.0	0.0
2	14	1192.7083333333333	704.7083333333334	9.0	4.0	7.0	4.0	960.0	160.0	80.0	720.0
2	15	50.70217640320733	766.7021764032073	9.0	4.0	7.0	4.0	873.0	144.0	65.0	664.0
2	23	1961.5170603674544	1077.5170603674542	4.0	4.0	0.0	1.0	381.0	368.0	0.0	13.0
2	24	977.514450867052	1161.514450867052	4.0	4.0	0.0	1.0	346.0	336.0	0.0	10.0
2	25	400.5	1279.4921875	4.0	0.0	4.0	2.0	256.0	0.0	252.0	4.0
2	35	1779.503448275862	1995.503448275862	4.0	4.0	0.0	0.0	145.0	144.0	0.0	0.0
3	16	1238.639423076923	954.6394230769232	7.0	4.0	5.0	4.0	416.0	52.0	12.0	352.0
3	23	2053.5	1266.5	4.0	0.0	4.0	0.0	308.0	0.0	308.0	0.0
3	27	1796.6958762886595	1318.7036082474226	9.0	4.0	7.0	6.0	776.0	124.0	56.0	596.0
3	30	1058.5	1343.5	4.0	0.0	4.0	0.0	276.0	0.0	276.0	0.0
3	37	505.5135135135135	1633.1891891891892	6.0	4.0	4.0	1.0	74.0	48.0	24.0	2.0
3	41	1937.6627634660424	1701.6651053864168	7.0	4.0	0.0	5.0	854.0	712.0	0.0	142.0
3	43	1088.5858310626702	1860.5858310626704	6.0	3.0	2.0	4.0	367.0	33.0	5.0	324.0
4	19	1476.7183513248283	1256.6977428851817	9.0	6.0	7.0	4.0	1019.0	182.0	81.0	756.0
4	20	367.5	1344.5	4.0	0.0	4.0	0.0	180.0	0.0	180.0	0.0
4	27	1940.5	1579.5	4.0	0.0	4.0	0.0	244.0	0.0	244.0	0.0
4	33	375.51141552511416	1913.5182648401824	4.0	4.0	2.0	1.0	438.0	416.0	6.0	16.0
5	19	1476.7183513248283	1256.6977428851817	9.0	6.0	7.0	4.0	1019.0	182.0	81.0	756.0
5	20	367.5	1344.5	4.0	0.0	4.0	0.0	180.0	0.0	180.0	0.0
5	27	1940.5	1579.5	4.0	0.0	4.0	0.0	244.0	0.0	244.0	0.0
5	33	375.51141552511416	1913.5182648401824	4.0	4.0	2.0	1.0	438.0	416.0	6.0	16.0
6	7	612.5	481.5	4.0	0.0	4.0	0.0	192.0	0.0	192.0	0.0
6	17	1874.6791277258567	878.6791277258567	7.0	4.0	5.0	4.0	642.0	100.0	30.0	512.0
6	18	1627.5213675213674	985.5213675213676	4.0	4.0	0.0	1.0	585.0	560.0	0.0	25.0
6	23	1543.298611111111	1242.451388888889	5.0	0.0	5.0	3.0	288.0	0.0	228.0	60.0
6	27	1735.765306122449	1379.5102040816328	6.0	4.0	4.0	2.0	294.0	216.0	72.0	6.0
6	42	1034.647619047619	2024.647619047619	7.0	4.0	5.0	4.0	420.0	56.0	12.0	352.0
7	14	1647.5037593984962	779.5037593984962	4.0	4.0	0.0	0.0	133.0	132.0	0.0	0.0
7	20	1190.5139442231075	966.5139442231076	4.0	1.0	0.0	4.0	251.0	6.0	0.0	244.0
7	25	454.2714285714285	1043.5333333333333	8.0	0.0	8.0	2.0	210.0	0.0	196.0	14.0
7	27	1056.508771929825	1120.508771929825	4.0	1.0	0.0	4.0	171.0	3.0	0.0	168.0
7	28	1111.5296296296297	1123.6555555555556	6.0	4.0	4.0	2.0	540.0	456.0	52.0	32.0
7	33	296.50877192982455	1396.508771929825	4.0	1.0	0.0	4.0	171.0	3.0	0.0	168.0
7	37	2145.502145922747	1527.021459227468	6.0	4.0	4.0	0.0	233.0	120.0	112.0	0.0
7	38	2404.5049019607845	1529.9803921568628	6.0	1.0	4.0	4.0	408.0	3.0	213.0	192.0
7	42	2270.6918990703853	1646.691899070385	9.0	4.0	7.0	4.0	753.0	120.0	49.0	584.0
7	43	632.6506849315068	1696.648401826484	7.0	4.0	5.0	4.0	438.0	60.0	13.0	364.0
7	51	951.5111111111112	1867.5111111111112	4.0	4.0	0.0	1.0	270.0	264.0	0.0	6.0
7	60	1049.5	2002.4782608695648	4.0	2.0	4.0	0.0	138.0	6.0	132.0	0.0
7	62	1352.5074626865671	2014.5074626865671	4.0	1.0	0.0	4.0	134.0	2.0	0.0	132.0
8	10	1892.5196078431368	1026.5196078431372	4.0	1.0	1.0	4.0	306.0	9.0	3.0	292.0
8	15	631.5075376884422	1177.5075376884422	4.0	4.0	0.0	1.0	199.0	196.0	0.0	3.0
8	18	1752.9917012448134	1263.7697095435683	8.0	4.0	4.0	1.0	482.0	344.0	125.0	11.0
8	21	1114.6700680272108	1404.6700680272108	7.0	4.0	5.0	4.0	588.0	88.0	24.0	476.0
8	24	1664.7081292850146	1492.7081292850146	9.0	4.0	7.0	4.0	1021.0	172.0	81.0	768.0
8	28	595.521875	1635.521875	4.0	4.0	0.0	3.0	640.0	608.0	0.0	32.0
8	33	2265.512367491166	1811.512367491166	4.0	4.0	0.0	1.0	283.0	276.0	0.0	7.0
8	35	787.5	1906.5393258426968	4.0	2.0	4.0	0.0	178.0	14.0	164.0	0.0
8	37	1449.5153846153846	1987.517948717949	4.0	4.0	0.0	1.0	390.0	376.0	0.0	13.0
9	10	1892.5196078431368	1026.5196078431372	4.0	1.0	1.0	4.0	306.0	9.0	3.0	292.0
9	15	631.5075376884422	1177.5075376884422	4.0	4.0	0.0	1.0	199.0	196.0	0.0	3.0
9	18	1752.9917012448134	1263.7697095435683	8.0	4.0	4.0	1.0	482.0	344.0	125.0	11.0
9	21	1114.6700680272108	1404.6700680272108	7.0	4.0	5.0	4.0	588.0	88.0	24.0	476.0
9	24	1664.7081292850146	1492.7081292850146	9.0	4.0	7.0	4.0	1021.0	172.0	81.0	768.0
9	28	595.521875	1635.521875	4.0	4.0	0.0	3.0	640.0	608.0	0.0	32.0
9	33	2265.512367491166	1811.512367491166	4.0	4.0	0.0	1.0	283.0	276.0	0.0	7.0
9	35	787.5	1906.5393258426968	4.0	2.0	4.0	0.0	178.0	14.0	164.0	0.0
9	37	1449.5153846153846	1987.517948717949	4.0	4.0	0.0	1.0	390.0	376.0	0.0	13.0
10	5	2227.4927536231885	181.5072463768116	4.0	4.0	0.0	0.0	69.0	68.0	0.0	0.0
10	18	1384.6933667083854	902.5650813516896	11.0	4.0	10.0	4.0	1598.0	244.0	334.0	1020.0
10	27	1411.5	1249.86	6.0	4.0	4.0	0.0	400.0	256.0	144.0	0.0
10	43	2053.512367491166	1889.512367491166	4.0	4.0	0.0	1.0	283.0	276.0	0.0	7.0
11	12	1042.6607142857142	790.6587301587301	7.0	4.0	5.0	4.0	504.0	72.0	19.0	412.0
11	16	1083.5218855218857	913.5218855218856	4.0	4.0	0.0	1.0	594.0	568.0	0.0	26.0
11	17	1823.5204460966545	949.5204460966544	4.0	4.0	0.0	1.0	538.0	516.0	0.0	22.0
11	37	2193.068493150685	1774.8931506849317	12.0	4.0	8.0	1.0	365.0	248.0	112.0	5.0
11	39	29.019788918205805	1821.015831134565	7.0	4.0	6.0	6.0	758.0	360.0	22.0	376.0
12	7	2279.520325203252	487.520325203252	4.0	4.0	0.0	1.0	492.0	472.0	0.0	20.0
12	25	1632.6944099378882	1346.6944099378882	9.0	4.0	7.0	4.0	805.0	128.0	57.0	620.0
12	30	700.6708860759494	1654.6745027124773	7.0	4.0	5.0	5.0	553.0	84.0	19.0	450.0
12	37	1091.521222410866	1933.521222410866	4.0	4.0	0.0	1.0	589.0	564.0	0.0	25.0
12	40	225.65809768637533	1971.6580976863756	7.0	4.0	0.0	5.0	778.0	652.0	0.0	126.0
13	7	2279.520325203252	487.520325203252	4.0	4.0	0.0	1.0	492.0	472.0	0.0	20.0
13	25	1632.6944099378882	1346.6944099378882	9.0	4.0	7.0	4.0	805.0	128.0	57.0	620.0
13	30	700.6708860759494	1654.6745027124773	7.0	4.0	5.0	5.0	553.0	84.0	19.0	450.0
13	37	1091.521222410866	1933.521222410866	4.0	4.0	0.0	1.0	589.0	564.0	0.0	25.0
13	40	225.65809768637533	1971.6580976863756	7.0	4.0	0.0	5.0	778.0	652.0	0.0	126.0
14	14	1011.506172839506	665.5061728395061	4.0	4.0	0.0	1.0	162.0	160.0	0.0	2.0
14	23	100.5115207373272	1304.5115207373271	4.0	1.0	0.0	4.0	217.0	4.0	0.0	212.0
14	30	57.522184300341294	1807.5204778157	4.0	4.0	0.0	1.0	586.0	560.0	0.0	25.0
14	31	1276.5115207373271	1814.5115207373271	4.0	1.0	0.0	4.0	217.0	4.0	0.0	212.0
14	32	1221.875	1828.875	7.0	0.0	7.0	0.0	192.0	0.0	192.0	0.0
14	40	2388.6326530612246	2026.361976369495	9.0	4.0	8.0	4.0	931.0	108.0	283.0	540.0
14	41	1776.1091954022988	2037.5057471264367	6.0	4.0	4.0	2.0	522.0	204.0	312.0	6.0
15	4	2388.657142857143	216.5548872180451	9.0	4.0	8.0	4.0	665.0	92.0	93.0	480.0
15	14	770.651376146789	922.651376146789	7.0	4.0	5.0	4.0	436.0	60.0	12.0	364.0
15	15	563.979674796748	925.5040650406504	6.0	4.0	4.0	0.0	246.0	128.0	116.0	0.0
15	21	1752.5194805194806	1138.5162337662337	4.0	1.0	2.0	4.0	308.0	9.0	5.0	292.0
15	31	556.7183951551855	1504.7229371688115	9.0	4.0	7.0	6.0	1321.0	228.0	121.0	972.0
15	40	430.66854990583806	1788.668549905838	7.0	4.0	5.0	4.0	531.0	80.0	19.0	432.0
16	18	1867.5146771037184	573.0391389432485	8.0	8.0	0.0	1.0	511.0	496.0	0.0	13.0
16	25	1819.5160142348757	763.508896797153	4.0	4.0	0.0	2.0	281.0	272.0	0.0	9.0
16	36	1897.5	1244.5	4.0	0.0	4.0	0.0	244.0	0.0	244.0	0.0
16	41	1838.6709470304977	1646.6677367576244	7.0	4.0	5.0	4.0	623.0	92.0	27.0	504.0
17	18	1867.5146771037184	573.0391389432485	8.0	8.0	0.0	1.0	511.0	496.0	0.0	13.0
17	25	1819.5160142348757	763.508896797153	4.0	4.0	0.0	2.0	281.0	272.0	0.0	9.0
17	36	1897.5	1244.5	4.0	0.0	4.0	0.0	244.0	0.0	244.0	0.0
17	41	1838.6709470304977	1646.6677367576244	7.0	4.0	5.0	4.0	623.0	92.0	27.0	504.0
18	11	1463.5	804.0116279069767	6.0	4.0	4.0	0.0	172.0	84.0	88.0	0.0
18	15	512.5	1297.470588235294	4.0	0.0	4.0	0.0	34.0	0.0	32.0	0.0
18	21	444.5072463768116	1902.5072463768115	4.0	1.0	0.0	4.0	138.0	2.0	0.0	136.0
18	23	1795.5114503816794	1919.5114503816797	4.0	4.0	0.0	1.0	262.0	256.0	0.0	6.0
19	8	1509.4965986394557	635.4965986394558	4.0	4.0	0.0	1.0	147.0	144.0	0.0	2.0
19	13	2244.5855855855857	946.5855855855856	6.0	3.0	1.0	4.0	333.0	30.0	3.0	296.0
19	29	2407.513227513228	1447.1693121693122	6.0	4.0	4.0	1.0	756.0	476.0	260.0	20.0
19	30	476.5074626865672	1596.5074626865671	4.0	1.0	0.0	4.0	134.0	2.0	0.0	132.0
19	33	145.496062992126	1745.496062992126	4.0	4.0	0.0	1.0	127.0	124.0	0.0	2.0
19	35	1792.7067745197169	1796.7067745197169	9.0	4.0	7.0	4.0	989.0	164.0	81.0	744.0
20	6	716.6344647519583	322.6344647519582	7.0	4.0	1.0	4.0	383.0	48.0	3.0	328.0
20	16	2326.6497695852536	912.6405529953915	7.0	4.0	6.0	5.0	434.0	56.0	20.0	358.0
20	19	1797.6681034482758	989.6681034482758	7.0	4.0	0.0	4.0	928.0	772.0	0.0	156.0
20	24	2241.5127272727277	1377.5127272727273	4.0	4.0	0.0	1.0	275.0	268.0	0.0	7.0
20	29	2171.5	1444.1764705882354	6.0	4.0	4.0	0.0	408.0	132.0	276.0	0.0
20	42	1041.5226209048362	2015.522620904836	4.0	4.0	0.0	1.0	641.0	612.0	0.0	29.0
21	6	716.6344647519583	322.6344647519582	7.0	4.0	1.0	4.0	383.0	48.0	3.0	328.0
21	16	2326.6497695852536	912.6405529953915	7.0	4.0	6.0	5.0	434.0	56.0	20.0	358.0
21	19	1797.6681034482758	989.6681034482758	7.0	4.0	0.0	4.0	928.0	772.0	0.0	156.0
21	24	2241.5127272727277	1377.5127272727273	4.0	4.0	0.0	1.0	275.0	268.0	0.0	7.0
21	29	2171.5	1444.1764705882354	6.0	4.0	4.0	0.0	408.0	132.0	276.0	0.0
21	42	1041.5226209048362	2015.522620904836	4.0	4.0	0.0	1.0	641.0	612.0	0.0	29.0
22	5	2151.515439429929	411.51543942992873	4.0	4.0	0.0	2.0	421.0	404.0	0.0	17.0
22	7	254.6542669584245	448.6542669584245	7.0	4.0	5.0	4.0	457.0	64.0	13.0	380.0
22	12	1624.508	532.52	4.0	2.0	0.0	4.0	250.0	9.0	0.0	240.0
22	19	2189.519841269841	873.5198412698413	4.0	4.0	0.0	1.0	504.0	484.0	0.0	20.0
22	21	301.35955056179773	910.5	4.0	0.0	4.0	2.0	178.0	0.0	128.0	50.0
22	32	850.5144032921811	1442.514403292181	4.0	1.0	0.0	4.0	243.0	6.0	0.0	236.0
22	37	2398.7092511013216	1690.7092511013216	9.0	4.0	7.0	5.0	908.0	148.0	72.0	688.0
22	38	60.51960784313726	1736.5196078431372	4.0	1.0	1.0	4.0	306.0	9.0	3.0	292.0
22	43	1505.5	1843.4897959183672	4.0	4.0	0.0	0.0	98.0	96.0	0.0	0.0
23	4	1327.5157232704405	293.5094339622641	4.0	4.0	0.0	2.0	318.0	308.0	0.0	10.0
23	30	1937.5168539325844	1751.4606741573034	6.0	4.0	4.0	2.0	534.0	480.0	32.0	22.0
23	31	2403.5	1754.5	4.0	0.0	4.0	0.0	200.0	0.0	200.0	0.0
23	32	2013.5191489361705	1767.5191489361705	4.0	4.0	0.0	1.0	470.0	452.0	0.0	18.0
23	35	798.5	1901.5	4.0	0.0	4.0	0.0	236.0	0.0	236.0	0.0
23	36	1039.514705882353	1913.5196078431368	4.0	4.0	0.0	2.0	408.0	392.0	0.0	16.0
24	12	368.700340522134	614.700340522134	9.0	4.0	7.0	4.0	881.0	144.0	65.0	672.0
24	33	2053.5059760956174	1553.5059760956176	4.0	4.0	0.0	2.0	251.0	244.0	0.0	7.0
25	12	368.700340522134	614.700340522134	9.0	4.0	7.0	4.0	881.0	144.0	65.0	672.0
25	33	2053.5059760956174	1553.5059760956176	4.0	4.0	0.0	2.0	251.0	244.0	0.0	7.0
26	9	1980.502024291498	716.8076923076923	6.0	0.0	4.0	4.0	494.0	0.0	153.0	340.0
26	10	217.5163043478261	725.5163043478261	4.0	4.0	0.0	1.0	368.0	356.0	0.0	12.0
26	23	1155.5127272727273	1121.5127272727273	4.0	4.0	0.0	1.0	275.0	268.0	0.0	7.0
26	24	2166.5	1139.5	4.0	0.0	4.0	0.0	236.0	0.0	236.0	0.0
26	37	814.5075376884422	1724.3266331658292	6.0	1.0	4.0	4.0	199.0	3.0	36.0	160.0
26	40	292.51440329218104	1812.514403292181	4.0	1.0	0.0	4.0	243.0	6.0	0.0	236.0
27	14	1621.5	946.0849056603772	6.0	4.0	4.0	0.0	424.0	176.0	248.0	0.0
27	26	2303.5	1526.5	4.0	0.0	4.0	0.0	148.0	0.0	148.0	0.0
27	35	980.6791277258568	1744.6791277258567	7.0	4.0	5.0	4.0	642.0	100.0	30.0	512.0
27	36	1924.5103011093504	1747.9825673534074	6.0	1.0	5.0	4.0	631.0	9.0	337.0	284.0
27	37	1947.5116279069769	1769.5116279069769	4.0	4.0	0.0	1.0	258.0	252.0	0.0	6.0
27	41	496.6878453038674	1968.6961325966847	9.0	4.0	7.0	6.0	724.0	112.0	48.0	564.0
27	43	605.5157894736842	2003.7105263157891	6.0	4.0	4.0	2.0	380.0	300.0	68.0	12.0
27	44	1718.047619047619	2012.2380952380952	7.0	0.0	7.0	3.0	126.0	0.0	72.0	54.0
28	16	1606.0030864197531	617.5061728395061	6.0	4.0	4.0	4.0	648.0	304.0	316.0	28.0
28	21	876.5028901734104	768.2485549132948	6.0	0.0	4.0	4.0	173.0	0.0	44.0	128.0
28	22	873.5252679938744	769.5191424196018	4.0	4.0	0.0	2.0	653.0	620.0	0.0	33.0
28	28	278.70093457943926	1034.7009345794393	9.0	4.0	7.0	4.0	856.0	140.0	64.0	652.0
28	31	706.6448598130842	1148.6448598130842	7.0	4.0	5.0	4.0	428.0	56.0	12.0	360.0
28	32	909.5115511551156	1149.5115511551155	4.0	4.0	0.0	1.0	303.0	296.0	0.0	7.0
28	34	1572.661354581673	1272.661354581673	7.0	4.0	5.0	4.0	502.0	72.0	18.0	412.0
28	38	1532.7194298574643	1374.7194298574643	9.0	4.0	7.0	4.0	1333.0	232.0	121.0	980.0
28	39	259.5020080321285	1385.5180722891566	4.0	4.0	0.0	2.0	249.0	240.0	0.0	9.0
29	16	1606.0030864197531	617.5061728395061	6.0	4.0	4.0	4.0	648.0	304.0	316.0	28.0
29	21	876.5028901734104	768.2485549132948	6.0	0.0	4.0	4.0	173.0	0.0	44.0	128.0
29	22	873.5252679938744	769.5191424196018	4.0	4.0	0.0	2.0	653.0	620.0	0.0	33.0
29	28	278.70093457943926	1034.7009345794393	9.0	4.0	7.0	4.0	856.0	140.0	64.0	652.0
29	31	706.6448598130842	1148.6448598130842	7.0	4.0	5.0	4.0	428.0	56.0	12.0	360.0
29	32	909.5115511551156	1149.5115511551155	4.0	4.0	0.0	1.0	303.0	296.0	0.0	7.0
29	34	1572.661354581673	1272.661354581673	7.0	4.0	5.0	4.0	502.0	72.0	18.0	412.0
29	38	1532.7194298574643	1374.7194298574643	9.0	4.0	7.0	4.0	1333.0	232.0	121.0	980.0
29	39	259.5020080321285	1385.5180722891566	4.0	4.0	0.0	2.0	249.0	240.0	0.0	9.0
30	19	429.5061728395062	689.5061728395061	4.0	4.0	0.0	1.0	162.0	160.0	0.0	2.0
30	20	2074.516129032258	692.516129032258	4.0	1.0	1.0	4.0	279.0	7.0	2.0	268.0
30	25	673.5194805194806	865.5194805194806	4.0	4.0	0.0	1.0	462.0	444.0	0.0	18.0
30	27	1130.5	979.5	4.0	0.0	4.0	0.0	172.0	0.0	172.0	0.0
30	32	1169.5178997613366	1101.5178997613366	4.0	4.0	0.0	1.0	419.0	404.0	0.0	15.0
30	36	700.5034802784223	1366.8259860788862	6.0	0.0	4.0	4.0	431.0	0.0	142.0	288.0
30	41	1660.5	1533.5	4.0	0.0	4.0	0.0	180.0	0.0	180.0	0.0
30	57	2171.5	2036.4794520547944	4.0	2.0	4.0	0.0	146.0	6.0	140.0	0.0
31	5	590.6953807740325	402.69538077403246	9.0	4.0	7.0	4.0	801.0	128.0	57.0	616.0
31	11	1743.5117056856188	731.5117056856187	4.0	4.0	0.0	1.0	299.0	292.0	0.0	7.0
31	28	2291.503759398496	1743.5037593984962	4.0	4.0	0.0	0.0	133.0	132.0	0.0	0.0
31	29	816.6375321336761	1748.6401028277637	7.0	4.0	2.0	4.0	389.0	48.0	5.0	332.0
32	12	741.5151515151515	685.5084175084176	4.0	4.0	0.0	2.0	297.0	288.0	0.0	9.0
32	16	537.5049504950495	852.5049504950495	4.0	0.0	4.0	0.0	101.0	0.0	101.0	0.0
32	19	938.6706231454006	950.6231454005934	9.0	4.0	8.0	4.0	674.0	100.0	62.0	512.0
32	22	723.5127272727273	1023.5127272727271	4.0	4.0	0.0	1.0	275.0	268.0	0.0	7.0
32	24	1506.5072463768115	1106.5072463768115	4.0	1.0	0.0	4.0	138.0	2.0	0.0	136.0
32	28	885.5141955835962	1213.514195583596	4.0	4.0	0.0	1.0	317.0	308.0	0.0	9.0
32	30	436.511961722488	1318.511961722488	4.0	1.0	0.0	4.0	209.0	4.0	0.0	204.0
32	40	1517.515587529976	1697.5179856115108	4.0	4.0	0.0	1.0	417.0	400.0	0.0	15.0
32	44	2401.51186440678	1847.51186440678	4.0	4.0	0.0	1.0	295.0	288.0	0.0	7.0
32	45	815.5101214574898	1889.1862348178136	6.0	4.0	4.0	1.0	494.0	324.0	160.0	10.0
32	52	466.6382536382536	2014.5717255717257	9.0	4.0	8.0	4.0	481.0	60.0	45.0	376.0
33	12	741.5151515151515	685.5084175084176	4.0	4.0	0.0	2.0	297.0	288.0	0.0	9.0
33	16	537.5049504950495	852.5049504950495	4.0	0.0	4.0	0.0	101.0	0.0	101.0	0.0
33	19	938.6706231454006	950.6231454005934	9.0	4.0	8.0	4.0	674.0	100.0	62.0	512.0
33	22	723.5127272727273	1023.5127272727271	4.0	4.0	0.0	1.0	275.0	268.0	0.0	7.0
33	24	1506.5072463768115	1106.5072463768115	4.0	1.0	0.0	4.0	138.0	2.0	0.0	136.0
33	28	885.5141955835962	1213.514195583596	4.0	4.0	0.0	1.0	317.0	308.0	0.0	9.0
33	30	436.511961722488	1318.511961722488	4.0	1.0	0.0	4.0	209.0	4.0	0.0	204.0
33	40	1517.515587529976	1697.5179856115108	4.0	4.0	0.0	1.0	417.0	400.0	0.0	15.0
33	44	2401.51186440678	1847.51186440678	4.0	4.0	0.0	1.0	295.0	288.0	0.0	7.0
33	45	815.5101214574898	1889.1862348178136	6.0	4.0	4.0	1.0	494.0	324.0	160.0	10.0
33	52	466.6382536382536	2014.5717255717257	9.0	4.0	8.0	4.0	481.0	60.0	45.0	376.0
34	12	1659.5	740.5	4.0	0.0	4.0	0.0	216.0	0.0	216.0	0.0
34	25	355.5112781954887	1299.5112781954888	4.0	4.0	0.0	1.0	266.0	260.0	0.0	6.0
34	26	2373.505882352941	1301.5058823529412	4.0	4.0	0.0	1.0	170.0	168.0	0.0	2.0
34	27	1809.5	1327.9225352112676	6.0	4.0	4.0	0.0	284.0	164.0	120.0	0.0
34	34	2187.5176470588235	1551.5117647058823	4.0	4.0	0.0	2.0	340.0	328.0	0.0	12.0
34	36	786.6085409252669	1601.1423487544484	10.0	5.0	3.0	9.0	562.0	54.0	7.0	498.0
34	50	1268.5032679738565	1888.3202614379088	6.0	0.0	4.0	4.0	153.0	0.0	28.0	124.0
34	52	102.69292389853138	1988.6929238985315	9.0	4.0	7.0	4.0	749.0	120.0	49.0	580.0
35	7	721.5041322314049	347.504132231405	4.0	4.0	0.0	0.0	121.0	120.0	0.0	0.0
35	12	575.5	586.5	4.0	0.0	4.0	0.0	284.0	0.0	284.0	0.0
35	13	2214.7124887690925	666.7124887690925	9.0	4.0	7.0	4.0	1113.0	188.0	97.0	828.0
35	37	374.5	1637.549019607843	4.0	0.0	4.0	2.0	204.0	0.0	184.0	20.0
35	39	472.3870967741936	1664.5632754342432	8.0	5.0	5.0	4.0	403.0	36.0	72.0	292.0
35	43	1393.5128205128206	1691.5042735042734	4.0	4.0	0.0	2.0	234.0	228.0	0.0	6.0
36	13	1197.502262443439	771.5022624434389	4.0	4.0	0.0	2.0	221.0	216.0	0.0	5.0
36	22	637.5181518151816	1225.5049504950496	4.0	4.0	0.0	2.0	303.0	292.0	0.0	11.0
36	23	369.6065573770492	1321.2107728337237	12.0	4.0	8.0	3.0	427.0	248.0	164.0	15.0
37	13	1197.502262443439	771.5022624434389	4.0	4.0	0.0	2.0	221.0	216.0	0.0	5.0
37	22	637.5181518151816	1225.5049504950496	4.0	4.0	0.0	2.0	303.0	292.0	0.0	11.0
37	23	369.6065573770492	1321.2107728337237	12.0	4.0	8.0	3.0	427.0	248.0	164.0	15.0
38	10	2212.662239089184	760.662239089184	7.0	4.0	5.0	4.0	527.0	76.0	19.0	432.0
38	12	893.9668874172186	800.5960264900663	5.0	1.0	4.0	3.0	151.0	2.0	68.0	81.0
38	17	1802.5066079295157	1070.3480176211451	6.0	1.0	4.0	4.0	227.0	3.0	36.0	188.0
39	6	412.6918990703852	136.69189907038512	9.0	4.0	7.0	4.0	753.0	120.0	49.0	584.0
39	19	1493.5127272727273	733.5127272727273	4.0	4.0	0.0	1.0	275.0	268.0	0.0	7.0
39	22	744.6819571865443	962.6819571865444	7.0	4.0	5.0	4.0	654.0	104.0	30.0	520.0
39	23	1440.51376146789	1106.4908256880733	4.0	1.0	2.0	4.0	218.0	4.0	9.0	204.0
39	29	1114.6660194174758	1342.6660194174758	7.0	4.0	5.0	4.0	515.0	76.0	19.0	420.0
39	31	1694.5176056338028	1508.5176056338028	4.0	1.0	1.0	4.0	284.0	8.0	2.0	272.0
40	10	337.48837209302326	555.4883720930233	4.0	4.0	0.0	1.0	86.0	84.0	0.0	2.0
40	15	486.5	1036.8934426229507	6.0	0.0	4.0	4.0	244.0	0.0	96.0	148.0
40	17	2095.520871143376	1133.5208711433756	4.0	4.0	0.0	1.0	551.0	528.0	0.0	23.0
40	19	1627.4609053497943	1173.547325102881	4.0	4.0	0.0	3.0	243.0	216.0	0.0	27.0
40	20	218.5	1183.7111111111112	4.0	0.0	4.0	2.0	90.0	0.0	52.0	38.0
40	23	835.5034013605442	1339.469387755102	4.0	4.0	2.0	0.0	147.0	136.0	10.0	0.0
40	31	2056.589743589744	1694.5840455840455	6.0	3.0	1.0	5.0	351.0	30.0	3.0	314.0
40	39	1324.512077294686	2022.5072463768115	4.0	1.0	0.0	4.0	207.0	4.0	0.0	200.0
41	10	337.48837209302326	555.4883720930233	4.0	4.0	0.0	1.0	86.0	84.0	0.0	2.0
41	15	486.5	1036.8934426229507	6.0	0.0	4.0	4.0	244.0	0.0	96.0	148.0
41	17	2095.520871143376	1133.5208711433756	4.0	4.0	0.0	1.0	551.0	528.0	0.0	23.0
41	19	1627.4609053497943	1173.547325102881	4.0	4.0	0.0	3.0	243.0	216.0	0.0	27.0
41	20	218.5	1183.7111111111112	4.0	0.0	4.0	2.0	90.0	0.0	52.0	38.0
41	23	835.5034013605442	1339.469387755102	4.0	4.0	2.0	0.0	147.0	136.0	10.0	0.0
41	31	2056.589743589744	1694.5840455840455	6.0	3.0	1.0	5.0	351.0	30.0	3.0	314.0
41	39	1324.512077294686	2022.5072463768115	4.0	1.0	0.0	4.0	207.0	4.0	0.0	200.0
42	16	2290.711521547933	812.70800351803	9.0	4.0	8.0	4.0	1137.0	192.0	105.0	840.0
42	20	1979.5214285714285	947.5214285714286	4.0	4.0	0.0	1.0	560.0	536.0	0.0	24.0
42	28	1632.7200902934535	1414.7200902934535	9.0	4.0	7.0	4.0	1329.0	232.0	121.0	976.0
43	12	2015.5102040816328	767.5102040816327	4.0	4.0	0.0	1.0	245.0	240.0	0.0	5.0
43	14	1546.508806262231	856.0234833659491	6.0	1.0	5.0	4.0	511.0	7.0	251.0	252.0
43	25	1552.6813509544786	1194.6798825256974	7.0	4.0	5.0	4.0	681.0	108.0	32.0	540.0
43	26	343.51984126984127	1289.5198412698412	4.0	4.0	0.0	1.0	504.0	484.0	0.0	20.0
43	27	1242.472972972973	1309.5135135135135	4.0	2.0	4.0	2.0	148.0	8.0	136.0	4.0
43	32	1745.5	1468.4117647058824	4.0	2.0	4.0	0.0	34.0	6.0	28.0	0.0
43	36	1465.5	1626.4794520547946	4.0	2.0	4.0	0.0	146.0	6.0	140.0	0.0
44	11	2061.505882352941	670.4941176470588	4.0	0.0	4.0	0.0	85.0	0.0	85.0	0.0
44	25	2278.505882352941	1374.2941176470588	6.0	1.0	4.0	4.0	170.0	2.0	36.0	132.0
44	29	2218.577889447236	1411.8844221105528	5.0	0.0	4.0	3.0	199.0	0.0	108.0	90.0
44	33	2016.5	1589.5912408759125	4.0	0.0	4.0	2.0	274.0	0.0	224.0	50.0
44	36	1537.5	1734.28125	6.0	4.0	4.0	0.0	384.0	84.0	300.0	0.0
44	40	1133.514195583596	1799.514195583596	4.0	4.0	0.0	1.0	317.0	308.0	0.0	9.0
44	41	133.5	1834.5	4.0	0.0	4.0	0.0	276.0	0.0	276.0	0.0
44	42	2137.668776371308	1849.668776371308	7.0	4.0	0.0	4.0	948.0	788.0	0.0	160.0
45	11	2061.505882352941	670.4941176470588	4.0	0.0	4.0	0.0	85.0	0.0	85.0	0.0
45	25	2278.505882352941	1374.2941176470588	6.0	1.0	4.0	4.0	170.0	2.0	36.0	132.0
45	29	2218.577889447236	1411.8844221105528	5.0	0.0	4.0	3.0	199.0	0.0	108.0	90.0
45	33	2016.5	1589.5912408759125	4.0	0.0	4.0	2.0	274.0	0.0	224.0	50.0
45	36	1537.5	1734.28125	6.0	4.0	4.0	0.0	384.0	84.0	300.0	0.0
45	40	1133.514195583596	1799.514195583596	4.0	4.0	0.0	1.0	317.0	308.0	0.0	9.0
45	41	133.5	1834.5	4.0	0.0	4.0	0.0	276.0	0.0	276.0	0.0
45	42	2137.668776371308	1849.668776371308	7.0	4.0	0.0	4.0	948.0	788.0	0.0	160.0
46	8	1277.5177865612648	605.5177865612649	4.0	4.0	0.0	2.0	506.0	484.0	0.0	22.0
46	17	1972.6653846153847	950.6673076923076	7.0	4.0	5.0	4.0	520.0	76.0	19.0	424.0
46	26	714.6597510373444	1388.6597510373444	7.0	4.0	5.0	4.0	482.0	68.0	18.0	396.0
46	29	594.7777777777778	1575.7908496732025	7.0	0.0	7.0	3.0	306.0	0.0	300.0	6.0
46	32	1370.8425531914893	1672.6297872340426	8.0	4.0	6.0	4.0	705.0	84.0	165.0	456.0
46	33	198.6840536512668	1726.6840536512668	7.0	4.0	5.0	4.0	671.0	108.0	31.0	532.0
46	37	702.5072463768116	1822.5072463768115	4.0	1.0	0.0	4.0	138.0	2.0	0.0	136.0
46	42	2098.515228426396	1994.281725888325	6.0	1.0	5.0	4.0	394.0	9.0	96.0	288.0
47	6	1206.827380952381	398.39484126984127	10.0	8.0	1.0	4.0	504.0	160.0	3.0	336.0
47	13	956.4067796610168	878.222760290557	8.0	4.0	8.0	4.0	413.0	25.0	136.0	252.0
47	21	912.681885125184	1314.6818851251842	7.0	4.0	5.0	4.0	679.0	108.0	31.0	540.0
47	25	1748.6810344827586	1580.5818965517242	11.0	4.0	10.0	4.0	928.0	136.0	156.0	636.0
47	32	1396.662239089184	1698.662239089184	7.0	4.0	5.0	4.0	527.0	76.0	19.0	432.0
47	42	1822.5	1985.5072463768115	4.0	0.0	4.0	2.0	276.0	0.0	272.0	4.0
48	9	1961.5103734439836	573.5103734439834	4.0	4.0	0.0	1.0	241.0	236.0	0.0	5.0
48	13	1893.5177865612648	833.5177865612649	4.0	4.0	0.0	2.0	506.0	484.0	0.0	22.0
48	27	793.5294117647059	1387.7100840336134	6.0	4.0	4.0	2.0	714.0	564.0	108.0	42.0
48	30	1375.5194805194806	1563.5194805194806	4.0	4.0	0.0	1.0	462.0	444.0	0.0	18.0
48	32	1069.4895833333333	1591.3958333333333	8.0	4.0	8.0	2.0	192.0	36.0	152.0	4.0
48	35	1394.5	1749.5403225806451	4.0	0.0	4.0	2.0	248.0	0.0	228.0	20.0
49	9	1961.5103734439836	573.5103734439834	4.0	4.0	0.0	1.0	241.0	236.0	0.0	5.0
49	13	1893.5177865612648	833.5177865612649	4.0	4.0	0.0	2.0	506.0	484.0	0.0	22.0
49	27	793.5294117647059	1387.7100840336134	6.0	4.0	4.0	2.0	714.0	564.0	108.0	42.0
49	30	1375.5194805194806	1563.5194805194806	4.0	4.0	0.0	1.0	462.0	444.0	0.0	18.0
49	32	1069.4895833333333	1591.3958333333333	8.0	4.0	8.0	2.0	192.0	36.0	152.0	4.0
49	35	1394.5	1749.5403225806451	4.0	0.0	4.0	2.0	248.0	0.0	228.0	20.0
50	11	530.6597510373444	674.6597510373444	7.0	4.0	5.0	4.0	482.0	68.0	18.0	396.0
50	28	589.5	1292.4594594594594	4.0	2.0	4.0	0.0	74.0	6.0	68.0	0.0
50	29	1978.511961722488	1322.511961722488	4.0	1.0	0.0	4.0	209.0	4.0	0.0	204.0
50	32	1966.2021803766104	1427.0703666997026	10.0	8.0	6.0	6.0	1009.0	468.0	73.0	468.0
50	34	1615.5	1455.5	4.0	4.0	0.0	2.0	416.0	388.0	0.0	28.0
50	38	670.6978155339806	1730.6941747572816	9.0	5.0	7.0	5.0	824.0	139.0	57.0	626.0
51	21	739.5024390243902	1300.5024390243902	4.0	0.0	4.0	0.0	205.0	0.0	205.0	0.0
51	26	2001.5083056478409	1483.5083056478406	4.0	4.0	0.0	2.0	301.0	292.0	0.0	9.0
52	4	784.5166666666667	392.5033333333333	4.0	1.0	3.0	4.0	300.0	8.0	11.0	280.0
52	5	775.52	429.52	4.0	4.0	0.0	1.0	525.0	504.0	0.0	21.0
52	8	940.5438175270108	560.6686674669868	11.0	4.0	10.0	4.0	833.0	116.0	153.0	564.0
52	17	2226.5377358490564	1206.5754716981132	5.0	2.0	1.0	5.0	318.0	18.0	3.0	294.0
52	18	2103.517786561265	1235.5217391304348	4.0	4.0	0.0	2.0	506.0	484.0	0.0	22.0
53	4	784.5166666666667	392.5033333333333	4.0	1.0	3.0	4.0	300.0	8.0	11.0	280.0
53	5	775.52	429.52	4.0	4.0	0.0	1.0	525.0	504.0	0.0	21.0
53	8	940.5438175270108	560.6686674669868	11.0	4.0	10.0	4.0	833.0	116.0	153.0	564.0
53	17	2226.5377358490564	1206.5754716981132	5.0	2.0	1.0	5.0	318.0	18.0	3.0	294.0
53	18	2103.517786561265	1235.5217391304348	4.0	4.0	0.0	2.0	506.0	484.0	0.0	22.0
54	27	749.5084745762712	1499.5084745762713	4.0	4.0	0.0	1.0	236.0	232.0	0.0	4.0
54	28	2271.5060240963853	1505.5060240963855	4.0	4.0	0.0	1.0	166.0	164.0	0.0	2.0
55	9	33.51445086705202	743.514450867052	4.0	4.0	0.0	1.0	346.0	336.0	0.0	10.0
55	18	904.8361204013378	1186.6153846153843	8.0	4.0	6.0	4.0	598.0	64.0	142.0	392.0
55	20	370.5168539325843	1360.5168539325844	4.0	1.0	1.0	4.0	267.0	7.0	2.0	256.0
55	33	2304.6455399061037	1780.643192488263	7.0	4.0	5.0	4.0	426.0	56.0	13.0	356.0
55	35	903.5	1790.0945945945946	6.0	4.0	4.0	0.0	148.0	60.0	88.0	0.0
56	13	1774.65625	638.56875	9.0	4.0	8.0	4.0	640.0	88.0	80.0	472.0
56	14	1518.5	695.7209302325581	4.0	0.0	4.0	2.0	86.0	0.0	48.0	38.0
56	21	2113.445205479452	1097.5616438356165	4.0	4.0	0.0	1.0	146.0	128.0	0.0	16.0
56	29	1845.518987341772	1547.518987341772	4.0	4.0	0.0	1.0	474.0	456.0	0.0	18.0
56	37	1836.7031070195628	1996.7031070195628	9.0	4.0	7.0	4.0	869.0	144.0	65.0	660.0
57	13	1774.65625	638.56875	9.0	4.0	8.0	4.0	640.0	88.0	80.0	472.0
57	14	1518.5	695.7209302325581	4.0	0.0	4.0	2.0	86.0	0.0	48.0	38.0
57	21	2113.445205479452	1097.5616438356165	4.0	4.0	0.0	1.0	146.0	128.0	0.0	16.0
57	29	1845.518987341772	1547.518987341772	4.0	4.0	0.0	1.0	474.0	456.0	0.0	18.0
57	37	1836.7031070195628	1996.7031070195628	9.0	4.0	7.0	4.0	869.0	144.0	65.0	660.0
58	16	2216.126378286684	529.6980491942325	8.0	5.0	4.0	4.0	1179.0	449.0	505.0	224.0
58	33	435.5177304964539	1357.517730496454	4.0	4.0	0.0	1.0	423.0	408.0	0.0	15.0
58	34	388.6679245283019	1382.6622641509434	7.0	4.0	5.0	5.0	530.0	76.0	20.0	434.0
58	35	1613.5116279069769	1387.5174418604652	4.0	4.0	0.0	2.0	344.0	332.0	0.0	12.0
58	36	121.66883116883118	1453.6688311688313	7.0	4.0	0.0	4.0	924.0	768.0	0.0	156.0
58	46	603.5132743362832	1875.5162241887904	4.0	4.0	0.0	1.0	339.0	328.0	0.0	10.0
58	49	734.5074626865671	1930.5074626865671	4.0	1.0	0.0	4.0	134.0	2.0	0.0	132.0
59	20	1541.510373443983	975.5103734439834	4.0	4.0	0.0	1.0	241.0	236.0	0.0	5.0
59	24	2040.694871794872	1206.6948717948717	9.0	4.0	7.0	4.0	780.0	124.0	56.0	600.0
59	33	79.51724137931035	1579.521551724138	4.0	4.0	0.0	2.0	464.0	444.0	0.0	20.0
59	42	1771.5	1846.5	4.0	0.0	4.0	0.0	292.0	0.0	292.0	0.0
59	43	1503.0409145607705	1905.3682310469317	13.0	8.0	9.0	5.0	831.0	308.0	145.0	378.0
59	53	1118.5121951219512	2020.5121951219512	4.0	1.0	0.0	4.0	205.0	4.0	0.0	200.0
60	22	1264.689608636977	1014.689608636977	9.0	4.0	7.0	4.0	741.0	116.0	49.0	576.0
60	50	2045.508547008547	2046.094017094017	6.0	6.0	4.0	4.0	702.0	570.0	112.0	20.0
61	22	1264.689608636977	1014.689608636977	9.0	4.0	7.0	4.0	741.0	116.0	49.0	576.0
61	50	2045.508547008547	2046.094017094017	6.0	6.0	4.0	4.0	702.0	570.0	112.0	20.0
62	18	1987.8753246753247	919.7714285714286	8.0	4.0	7.0	0.0	385.0	136.0	249.0	0.0
62	19	1628.5	967.415254237288	4.0	0.0	4.0	2.0	236.0	0.0	196.0	40.0
62	20	1873.5169082125603	975.5169082125605	4.0	4.0	0.0	1.0	414.0	400.0	0.0	14.0
62	22	1076.5	1021.5777777777778	4.0	0.0	4.0	2.0	90.0	0.0	76.0	14.0
62	33	2401.5151515151515	1509.5151515151515	4.0	4.0	0.0	1.0	165.0	160.0	0.0	5.0
62	38	34.51394422310757	1572.5139442231075	4.0	1.0	0.0	4.0	251.0	6.0	0.0	244.0
62	49	381.5151515151515	2007.2554112554112	8.0	8.0	0.0	1.0	462.0	448.0	0.0	14.0
63	10	1254.663967611336	798.663967611336	7.0	4.0	5.0	4.0	494.0	72.0	18.0	404.0
63	12	1174.5855855855857	948.5855855855856	6.0	3.0	1.0	4.0	333.0	30.0	3.0	296.0
63	16	644.5	1089.5	4.0	0.0	4.0	0.0	284.0	0.0	284.0	0.0
63	36	665.5	1990.5	4.0	0.0	4.0	0.0	300.0	0.0	300.0	0.0
64	18	1180.2842497670083	933.0065237651444	10.0	8.0	6.0	6.0	1073.0	452.0	71.0	550.0
64	24	2218.5	1217.5	4.0	0.0	4.0	0.0	172.0	0.0	172.0	0.0
64	27	1401.3148148148148	1354.3148148148148	8.0	0.0	8.0	0.0	216.0	0.0	216.0	0.0
64	33	1511.6659192825111	1547.6659192825111	7.0	4.0	0.0	4.0	892.0	744.0	0.0	148.0
64	37	1590.7027027027027	1886.7027027027027	9.0	4.0	7.0	4.0	888.0	144.0	72.0	672.0
64	41	1305.4864864864865	2032.5	4.0	0.0	4.0	2.0	148.0	0.0	144.0	4.0
65	18	1180.2842497670083	933.0065237651444	10.0	8.0	6.0	6.0	1073.0	452.0	71.0	550.0
65	24	2218.5	1217.5	4.0	0.0	4.0	0.0	172.0	0.0	172.0	0.0
65	27	1401.3148148148148	1354.3148148148148	8.0	0.0	8.0	0.0	216.0	0.0	216.0	0.0
65	33	1511.6659192825111	1547.6659192825111	7.0	4.0	0.0	4.0	892.0	744.0	0.0	148.0
65	37	1590.7027027027027	1886.7027027027027	9.0	4.0	7.0	4.0	888.0	144.0	72.0	672.0
65	41	1305.4864864864865	2032.5	4.0	0.0	4.0	2.0	148.0	0.0	144.0	4.0
66	2	1110.5	367.6516853932585	4.0	0.0	4.0	2.0	178.0	0.0	124.0	54.0
66	12	1785.5084745762713	1075.5084745762713	4.0	4.0	0.0	1.0	236.0	232.0	0.0	4.0
66	20	1234.634464751958	1318.634464751958	7.0	4.0	1.0	4.0	383.0	48.0	3.0	328.0
66	23	1964.509202453988	1416.5092024539877	4.0	1.0	0.0	4.0	163.0	3.0	0.0	160.0
66	26	2335.5114503816794	1665.5114503816794	4.0	4.0	0.0	1.0	262.0	256.0	0.0	6.0
66	32	647.5	1872.5	4.0	0.0	4.0	0.0	340.0	0.0	340.0	0.0
67	8	219.5058823529412	415.5058823529412	4.0	4.0	0.0	1.0	170.0	168.0	0.0	2.0
67	19	1118.656108597285	1328.6515837104073	7.0	4.0	5.0	5.0	442.0	60.0	12.0	370.0
67	22	269.50972762645915	1475.5097276264592	4.0	4.0	0.0	1.0	257.0	252.0	0.0	5.0
68	21	255.5143769968051	909.511182108626	4.0	4.0	0.0	1.0	313.0	304.0	0.0	8.0
68	23	1865.512367491166	1003.512367491166	4.0	4.0	0.0	1.0	283.0	276.0	0.0	7.0
68	28	1659.6643192488264	1233.6643192488264	7.0	4.0	0.0	4.0	852.0	712.0	0.0	140.0
68	35	770.5870786516854	1532.5870786516855	6.0	3.0	1.0	4.0	356.0	33.0	3.0	316.0
68	39	593.5	1651.5373134328358	4.0	4.0	2.0	0.0	134.0	124.0	10.0	0.0
68	41	1601.5064377682404	1791.5064377682404	4.0	4.0	0.0	1.0	233.0	228.0	0.0	4.0
68	50	249.5098814229249	1995.509881422925	4.0	4.0	0.0	1.0	253.0	248.0	0.0	5.0
68	51	1604.747572815534	2008.7016769638128	9.0	4.0	7.0	4.0	1133.0	184.0	141.0	808.0
68	52	953.5084745762712	2033.5084745762715	4.0	4.0	0.0	1.0	236.0	232.0	0.0	4.0
69	21	255.5143769968051	909.511182108626	4.0	4.0	0.0	1.0	313.0	304.0	0.0	8.0
69	23	1865.512367491166	1003.512367491166	4.0	4.0	0.0	1.0	283.0	276.0	0.0	7.0
69	28	1659.6643192488264	1233.6643192488264	7.0	4.0	0.0	4.0	852.0	712.0	0.0	140.0
69	35	770.5870786516854	1532.5870786516855	6.0	3.0	1.0	4.0	356.0	33.0	3.0	316.0
69	39	593.5	1651.5373134328358	4.0	4.0	2.0	0.0	134.0	124.0	10.0	0.0
69	41	1601.5064377682404	1791.5064377682404	4.0	4.0	0.0	1.0	233.0	228.0	0.0	4.0
69	50	249.5098814229249	1995.509881422925	4.0	4.0	0.0	1.0	253.0	248.0	0.0	5.0
69	51	1604.747572815534	2008.7016769638128	9.0	4.0	7.0	4.0	1133.0	184.0	141.0	808.0
69	52	953.5084745762712	2033.5084745762715	4.0	4.0	0.0	1.0	236.0	232.0	0.0	4.0
70	15	2058.6672897196263	1040.667289719626	7.0	4.0	5.0	4.0	535.0	80.0	19.0	436.0
70	17	1663.494382022472	1070.5	4.0	0.0	4.0	0.0	178.0	0.0	176.0	0.0
70	18	1512.689608636977	1198.689608636977	9.0	4.0	7.0	4.0	741.0	116.0	49.0	576.0
70	20	700.5	1253.5	4.0	0.0	4.0	0.0	244.0	0.0	244.0	0.0
70	22	1549.514211886305	1275.514211886305	4.0	4.0	0.0	2.0	387.0	372.0	0.0	15.0
70	26	221.5020408163265	1431.5102040816328	4.0	4.0	0.0	3.0	245.0	236.0	0.0	9.0
70	33	447.5	1604.4883720930231	4.0	2.0	4.0	0.0	258.0	6.0	252.0	0.0
70	34	1373.5	1658.5	4.0	0.0	4.0	0.0	356.0	0.0	356.0	0.0
70	35	2358.5	1736.5	4.0	2.0	0.0	4.0	198.0	6.0	0.0	192.0
70	37	1492.6349614395888	1914.6401028277637	7.0	4.0	1.0	5.0	389.0	48.0	3.0	334.0
71	33	858.5	1697.5	4.0	0.0	4.0	0.0	284.0	0.0	284.0	0.0
72	25	1899.520871143376	1397.5208711433756	4.0	4.0	0.0	1.0	551.0	528.0	0.0	23.0
72	26	158.70594159113796	1514.705941591138	9.0	4.0	7.0	4.0	993.0	164.0	81.0	748.0
72	33	1428.650684931507	1692.648401826484	7.0	4.0	5.0	4.0	438.0	60.0	13.0	364.0
72	37	2156.5	1829.565573770492	4.0	0.0	4.0	2.0	244.0	0.0	212.0	32.0
72	38	2156.698630136986	1832.6948941469489	9.0	4.0	7.0	4.0	803.0	128.0	57.0	616.0
73	25	1899.520871143376	1397.5208711433756	4.0	4.0	0.0	1.0	551.0	528.0	0.0	23.0
73	26	158.70594159113796	1514.705941591138	9.0	4.0	7.0	4.0	993.0	164.0	81.0	748.0
73	33	1428.650684931507	1692.648401826484	7.0	4.0	5.0	4.0	438.0	60.0	13.0	364.0
73	37	2156.5	1829.565573770492	4.0	0.0	4.0	2.0	244.0	0.0	212.0	32.0
73	38	2156.698630136986	1832.6948941469489	9.0	4.0	7.0	4.0	803.0	128.0	57.0	616.0
74	14	1604.6462264150944	586.6462264150944	7.0	4.0	5.0	4.0	424.0	56.0	12.0	356.0
74	21	1309.8953488372092	1404.1046511627908	7.0	0.0	7.0	0.0	172.0	0.0	172.0	0.0
74	26	1760.6750418760469	1518.6750418760469	7.0	4.0	5.0	4.0	597.0	92.0	25.0	480.0
74	36	1428.5080213903743	1844.5080213903743	4.0	1.0	0.0	4.0	187.0	3.0	0.0	184.0
74	40	2420.5075376884424	1938.5075376884424	4.0	1.0	0.0	4.0	199.0	3.0	0.0	196.0
74	42	1926.5	1957.5	4.0	0.0	4.0	0.0	332.0	0.0	332.0	0.0
75	21	1424.5	1051.6	4.0	0.0	4.0	2.0	210.0	0.0	168.0	42.0
75	30	1459.5	1416.1666666666667	6.0	4.0	4.0	0.0	216.0	72.0	144.0	0.0
75	33	2075.6639344262294	1535.627049180328	9.0	4.0	4.0	4.0	976.0	780.0	36.0	160.0
75	36	794.6685499058381	1730.668549905838	7.0	4.0	5.0	4.0	531.0	80.0	19.0	432.0
75	38	142.67123287671234	1786.6712328767123	7.0	4.0	5.0	4.0	584.0	88.0	24.0	472.0
76	13	20.666048237476808	682.6660482374768	7.0	4.0	5.0	4.0	539.0	80.0	19.0	440.0
76	21	2262.627192982456	952.5263157894736	9.0	4.0	8.0	6.0	456.0	52.0	52.0	352.0
76	25	850.5131086142322	1220.4232209737827	6.0	1.0	4.0	4.0	267.0	6.0	24.0	236.0
76	31	466.5	1375.4897959183672	4.0	0.0	4.0	2.0	294.0	0.0	288.0	6.0
76	33	543.5025380710659	1402.005076142132	6.0	4.0	4.0	1.0	394.0	192.0	200.0	2.0
76	35	1176.5	1481.5	4.0	0.0	4.0	0.0	180.0	0.0	180.0	0.0
76	43	2425.5125448028675	1821.5125448028675	4.0	4.0	0.0	1.0	279.0	272.0	0.0	7.0
77	8	1550.5198675496688	246.51986754966887	4.0	1.0	1.0	4.0	302.0	9.0	3.0	288.0
77	11	1956.5107913669065	500.3093525179856	6.0	1.0	4.0	4.0	278.0	5.0	56.0	216.0
77	17	2306.5	1009.5	4.0	0.0	4.0	0.0	172.0	0.0	172.0	0.0
77	19	491.4909090909091	1151.509090909091	4.0	4.0	0.0	1.0	110.0	108.0	0.0	2.0
77	25	2284.5087719298244	1512.508771929825	4.0	1.0	0.0	4.0	171.0	3.0	0.0	168.0
77	26	2096.512195121951	1576.5121951219512	4.0	1.0	0.0	4.0	205.0	4.0	0.0	200.0
77	27	1542.5	1617.4931506849316	4.0	0.0	4.0	0.0	146.0	0.0	144.0	0.0
77	30	1596.5870786516855	1722.5870786516855	6.0	3.0	1.0	4.0	356.0	33.0	3.0	316.0
78	8	1550.5198675496688	246.51986754966887	4.0	1.0	1.0	4.0	302.0	9.0	3.0	288.0
78	11	1956.5107913669065	500.3093525179856	6.0	1.0	4.0	4.0	278.0	5.0	56.0	216.0
78	17	2306.5	1009.5	4.0	0.0	4.0	0.0	172.0	0.0	172.0	0.0
78	19	491.4909090909091	1151.509090909091	4.0	4.0	0.0	1.0	110.0	108.0	0.0	2.0
78	25	2284.5087719298244	1512.508771929825	4.0	1.0	0.0	4.0	171.0	3.0	0.0	168.0
78	26	2096.512195121951	1576.5121951219512	4.0	1.0	0.0	4.0	205.0	4.0	0.0	200.0
78	27	1542.5	1617.4931506849316	4.0	0.0	4.0	0.0	146.0	0.0	144.0	0.0
78	30	1596.5870786516855	1722.5870786516855	6.0	3.0	1.0	4.0	356.0	33.0	3.0	316.0
79	12	1601.0	407.0	1.0	0.0	0.0	1.0	31.0	0.0	0.0	30.0
79	21	2228.675041876047	1260.6750418760469	7.0	4.0	5.0	4.0	597.0	92.0	25.0	480.0
79	24	1847.51186440678	1319.5118644067798	4.0	4.0	0.0	1.0	295.0	288.0	0.0	7.0
79	38	1815.4777777777776	1930.1333333333332	6.0	4.0	5.0	2.0	720.0	260.0	432.0	28.0
79	40	1530.5026833631484	2024.9016100178887	6.0	0.0	4.0	4.0	559.0	0.0	226.0	332.0
80	9	1432.6660194174758	884.6660194174757	7.0	4.0	5.0	4.0	515.0	76.0	19.0	420.0
80	12	957.5075376884422	1059.5075376884422	4.0	4.0	0.0	1.0	199.0	196.0	0.0	3.0
80	21	1817.5	1468.5	4.0	0.0	4.0	0.0	172.0	0.0	172.0	0.0
80	22	2285.5060240963853	1535.5060240963855	4.0	4.0	0.0	1.0	166.0	164.0	0.0	2.0
80	32	1654.5063829787234	1924.327659574468	6.0	1.0	4.0	6.0	235.0	3.0	36.0	196.0
80	34	2296.651162790697	1974.6511627906975	7.0	4.0	5.0	5.0	430.0	56.0	12.0	362.0
81	9	1432.6660194174758	884.6660194174757	7.0	4.0	5.0	4.0	515.0	76.0	19.0	420.0
81	12	957.5075376884422	1059.5075376884422	4.0	4.0	0.0	1.0	199.0	196.0	0.0	3.0
81	21	1817.5	1468.5	4.0	0.0	4.0	0.0	172.0	0.0	172.0	0.0
81	22	2285.5060240963853	1535.5060240963855	4.0	4.0	0.0	1.0	166.0	164.0	0.0	2.0
81	32	1654.5063829787234	1924.327659574468	6.0	1.0	4.0	6.0	235.0	3.0	36.0	196.0
81	34	2296.651162790697	1974.6511627906975	7.0	4.0	5.0	5.0	430.0	56.0	12.0	362.0
82	7	1942.64	578.5163636363636	9.0	4.0	8.0	4.0	550.0	68.0	86.0	396.0
82	16	1720.5	1451.5116279069769	4.0	0.0	4.0	2.0	172.0	0.0	168.0	4.0
82	18	1416.711320754717	1524.711320754717	9.0	4.0	7.0	4.0	1060.0	180.0	88.0	792.0
83	3	2440.5117370892017	140.5117370892019	4.0	1.0	0.0	4.0	213.0	4.0	0.0	208.0
83	6	1824.517361111111	488.5173611111111	4.0	1.0	1.0	4.0	288.0	8.0	2.0	276.0
83	16	1361.4883720930231	903.5116279069769	4.0	4.0	0.0	1.0	86.0	84.0	0.0	2.0
83	18	1145.5	978.5	4.0	0.0	4.0	0.0	272.0	0.0	272.0	0.0
83	19	1273.4895833333333	1066.5	4.0	0.0	4.0	2.0	192.0	0.0	188.0	4.0
83	26	204.72	1248.2922222222223	15.0	12.0	12.0	6.0	1800.0	508.0	476.0	816.0
83	30	8.5	1429.5	4.0	0.0	4.0	0.0	284.0	0.0	284.0	0.0
83	32	1984.5015772870663	1524.8675078864353	6.0	0.0	4.0	4.0	317.0	0.0	117.0	200.0
83	33	2347.5069444444443	1575.638888888889	6.0	4.0	4.0	4.0	288.0	248.0	28.0	12.0
83	37	2230.671280276817	1816.6712802768168	7.0	4.0	5.0	5.0	578.0	84.0	24.0	470.0
83	39	911.5210237659963	1879.521023765996	4.0	4.0	0.0	1.0	547.0	524.0	0.0	23.0
84	6	562.5198675496689	478.5198675496689	4.0	1.0	1.0	4.0	302.0	9.0	3.0	288.0
84	10	400.3481012658228	713.526582278481	8.0	8.0	0.0	3.0	790.0	748.0	0.0	42.0
84	11	2252.709923664122	742.7156488549618	9.0	4.0	7.0	6.0	1048.0	176.0	88.0	784.0
84	15	569.5147928994082	943.5147928994082	4.0	4.0	0.0	1.0	338.0	328.0	0.0	10.0
84	17	2103.503759398496	1071.5037593984962	4.0	4.0	0.0	0.0	133.0	132.0	0.0	0.0
84	19	884.6613545816733	1088.661354581673	7.0	4.0	5.0	4.0	502.0	72.0	18.0	412.0
84	24	1771.514195583596	1287.514195583596	4.0	4.0	0.0	1.0	317.0	308.0	0.0	9.0
84	30	1887.515037593985	1703.342105263158	6.0	4.0	4.0	1.0	532.0	424.0	92.0	16.0
84	31	1242.6380208333333	1710.6354166666667	7.0	4.0	1.0	4.0	384.0	48.0	3.0	328.0
84	37	460.7121634168988	1900.7121634168989	9.0	4.0	7.0	4.0	1077.0	184.0	89.0	804.0
85	4	1883.521212121212	295.5212121212121	4.0	4.0	0.0	2.0	660.0	628.0	0.0	32.0
85	14	455.4901960784314	937.4901960784314	4.0	4.0	0.0	1.0	102.0	100.0	0.0	2.0
85	18	2201.8777777777777	1175.5	6.0	4.0	4.0	0.0	180.0	112.0	68.0	0.0
85	19	1175.5147928994083	1195.5147928994083	4.0	4.0	0.0	1.0	338.0	328.0	0.0	10.0
85	22	841.5	1274.4520547945206	4.0	2.0	4.0	0.0	146.0	14.0	132.0	0.0
85	28	925.5042016806724	1573.7100840336134	6.0	4.0	4.0	0.0	238.0	188.0	48.0	0.0
85	33	1460.2147239263804	1676.2147239263804	7.0	5.0	0.0	4.0	326.0	101.0	0.0	224.0
86	4	1883.521212121212	295.5212121212121	4.0	4.0	0.0	2.0	660.0	628.0	0.0	32.0
86	14	455.4901960784314	937.4901960784314	4.0	4.0	0.0	1.0	102.0	100.0	0.0	2.0
86	18	2201.8777777777777	1175.5	6.0	4.0	4.0	0.0	180.0	112.0	68.0	0.0
86	19	1175.5147928994083	1195.5147928994083	4.0	4.0	0.0	1.0	338.0	328.0	0.0	10.0
86	22	841.5	1274.4520547945206	4.0	2.0	4.0	0.0	146.0	14.0	132.0	0.0
86	28	925.5042016806724	1573.7100840336134	6.0	4.0	4.0	0.0	238.0	188.0	48.0	0.0
86	33	1460.2147239263804	1676.2147239263804	7.0	5.0	0.0	4.0	326.0	101.0	0.0	224.0
87	14	2389.481132075472	652.4716981132076	4.0	2.0	4.0	2.0	106.0	6.0	96.0	4.0
87	16	775.5178571428571	717.5119047619048	4.0	4.0	0.0	2.0	336.0	324.0	0.0	12.0
87	26	1288.0862403100775	1239.1434108527133	10.0	8.0	6.0	6.0	1032.0	560.0	46.0	426.0
87	32	1004.430790960452	1410.196327683616	11.0	8.0	8.0	4.0	708.0	168.0	178.0	360.0
88	19	1428.516129032258	1072.516129032258	4.0	1.0	1.0	4.0	279.0	7.0	2.0	268.0
88	25	1637.5037593984962	1339.5037593984962	4.0	4.0	0.0	0.0	133.0	132.0	0.0	0.0
88	28	236.5023923444976	1450.901913875598	6.0	0.0	4.0	4.0	418.0	0.0	169.0	248.0
88	29	2209.5	1506.5	4.0	0.0	4.0	0.0	200.0	0.0	200.0	0.0
89	21	1879.5167785234896	945.489932885906	4.0	4.0	0.0	1.0	149.0	144.0	0.0	4.0
89	24	1443.509881422925	981.5098814229248	4.0	4.0	0.0	1.0	253.0	248.0	0.0	5.0
89	27	1421.6964504283965	1108.6315789473683	13.0	8.0	9.0	8.0	817.0	96.0	71.0	648.0
89	30	436.6770491803279	1252.6704918032788	7.0	4.0	5.0	5.0	610.0	92.0	27.0	490.0
89	33	1882.6736842105263	1332.6736842105263	7.0	4.0	5.0	5.0	570.0	84.0	24.0	462.0
89	38	1286.5	1775.4895833333333	4.0	0.0	4.0	2.0	192.0	0.0	188.0	4.0
89	39	1791.5194585448392	1809.5194585448392	4.0	4.0	0.0	2.0	591.0	564.0	0.0	27.0
89	43	1772.6808199121522	1976.680819912152	7.0	4.0	5.0	4.0	683.0	108.0	31.0	544.0
90	21	1879.5167785234896	945.489932885906	4.0	4.0	0.0	1.0	149.0	144.0	0.0	4.0
90	24	1443.509881422925	981.5098814229248	4.0	4.0	0.0	1.0	253.0	248.0	0.0	5.0
90	27	1421.6964504283965	1108.6315789473683	13.0	8.0	9.0	8.0	817.0	96.0	71.0	648.0
90	30	436.6770491803279	1252.6704918032788	7.0	4.0	5.0	5.0	610.0	92.0	27.0	490.0
90	33	1882.6736842105263	1332.6736842105263	7.0	4.0	5.0	5.0	570.0	84.0	24.0	462.0
90	38	1286.5	1775.4895833333333	4.0	0.0	4.0	2.0	192.0	0.0	188.0	4.0
90	39	1791.5194585448392	1809.5194585448392	4.0	4.0	0.0	2.0	591.0	564.0	0.0	27.0
90	43	1772.6808199121522	1976.680819912152	7.0	4.0	5.0	4.0	683.0	108.0	31.0	544.0
91	7	1774.5058823529412	514.3411764705883	6.0	1.0	4.0	4.0	170.0	2.0	28.0	140.0
91	14	2135.521951219512	1009.5219512195122	4.0	4.0	0.0	1.0	615.0	588.0	0.0	27.0
91	23	774.6394230769231	1456.639423076923	7.0	4.0	5.0	4.0	416.0	52.0	12.0	352.0
91	24	909.4883720930231	1458.5	4.0	0.0	4.0	2.0	172.0	0.0	168.0	4.0
91	26	1340.5	1527.4957983193278	4.0	0.0	4.0	0.0	238.0	0.0	236.0	0.0
91	27	542.6888888888889	1608.6888888888889	9.0	4.0	7.0	4.0	720.0	112.0	48.0	560.0
91	28	2203.5125448028675	1609.5125448028673	4.0	4.0	0.0	1.0	279.0	272.0	0.0	7.0
91	31	288.567880794702	1700.6556291390727	9.0	4.0	8.0	4.0	604.0	84.0	72.0	448.0
91	39	108.51986754966887	2014.5198675496688	4.0	1.0	1.0	4.0	302.0	9.0	3.0	288.0
92	4	798.7202898550725	270.72028985507245	9.0	4.0	7.0	4.0	1380.0	240.0	128.0	1012.0
92	15	2233.506976744186	803.5069767441861	4.0	4.0	0.0	1.0	215.0	212.0	0.0	3.0
92	18	770.662239089184	932.662239089184	7.0	4.0	5.0	4.0	527.0	76.0	19.0	432.0
92	21	129.52029520295204	1143.520295202952	4.0	4.0	0.0	1.0	542.0	520.0	0.0	22.0
92	27	2351.511705685619	1435.5117056856188	4.0	4.0	0.0	1.0	299.0	292.0	0.0	7.0
92	28	2002.7777777777776	1442.6859903381642	8.0	3.0	7.0	4.0	828.0	12.0	364.0	452.0
92	29	1434.6462093862815	1452.552346570397	9.0	4.0	8.0	4.0	554.0	72.0	70.0	412.0
92	31	1079.5157068062829	1585.5157068062829	4.0	4.0	0.0	1.0	382.0	368.0	0.0	13.0
93	3	996.183800623053	135.08203530633438	10.0	8.0	6.0	6.0	963.0	456.0	73.0	434.0
93	12	2116.504854368932	698.1844660194175	6.0	1.0	4.0	6.0	206.0	2.0	60.0	144.0
93	13	799.5	701.5342465753424	4.0	4.0	2.0	0.0	146.0	136.0	10.0	0.0
93	26	1840.506976744186	1384.339534883721	6.0	1.0	4.0	4.0	215.0	3.0	36.0	176.0
93	27	1445.5215146299483	1407.5215146299483	4.0	4.0	0.0	1.0	581.0	556.0	0.0	25.0
93	29	682.5	1455.5	4.0	0.0	4.0	0.0	192.0	0.0	192.0	0.0
93	32	2405.521126760563	1657.5211267605634	4.0	4.0	0.0	1.0	568.0	544.0	0.0	24.0
93	35	1399.6681415929204	1765.6681415929204	7.0	4.0	0.0	4.0	904.0	752.0	0.0	152.0
94	3	996.183800623053	135.08203530633438	10.0	8.0	6.0	6.0	963.0	456.0	73.0	434.0
94	12	2116.504854368932	698.1844660194175	6.0	1.0	4.0	6.0	206.0	2.0	60.0	144.0
94	13	799.5	701.5342465753424	4.0	4.0	2.0	0.0	146.0	136.0	10.0	0.0
94	26	1840.506976744186	1384.339534883721	6.0	1.0	4.0	4.0	215.0	3.0	36.0	176.0
94	27	1445.5215146299483	1407.5215146299483	4.0	4.0	0.0	1.0	581.0	556.0	0.0	25.0
94	29	682.5	1455.5	4.0	0.0	4.0	0.0	192.0	0.0	192.0	0.0
94	32	2405.521126760563	1657.5211267605634	4.0	4.0	0.0	1.0	568.0	544.0	0.0	24.0
94	35	1399.6681415929204	1765.6681415929204	7.0	4.0	0.0	4.0	904.0	752.0	0.0	152.0
95	21	311.5	1395.8428571428572	6.0	4.0	4.0	0.0	420.0	276.0	144.0	0.0
95	25	1862.5	1555.509090909091	4.0	0.0	4.0	0.0	110.0	0.0	108.0	0.0
95	26	2268.516363636364	1562.5163636363636	4.0	1.0	1.0	4.0	275.0	7.0	2.0	264.0
95	27	2269.5080213903743	1565.5080213903743	4.0	4.0	0.0	1.0	187.0	184.0	0.0	3.0
95	28	2188.5171232876714	1580.5171232876712	4.0	1.0	1.0	4.0	292.0	8.0	2.0	280.0
95	41	1990.503703703704	1900.4814814814813	4.0	0.0	2.0	4.0	135.0	0.0	6.0	128.0
95	43	2141.5	1908.1521739130435	6.0	4.0	4.0	0.0	368.0	128.0	240.0	0.0
95	45	174.0	2005.0	1.0	1.0	1.0	0.0	10.0	7.0	3.0	0.0
