Value	Count
16.0	10.0
26.0	10.0
59.0	8.0
11.0	7.0
576.0	5.0
580.0	5.0
19.0	5.0
161.0	5.0
67.0	5.0
55.0	5.0
420.0	4.0
8.0	4.0
251.0	4.0
138.0	4.0
1189.0	4.0
170.0	4.0
712.0	4.0
989.0	4.0
817.0	4.0
664.0	4.0
105.0	3.0
354.0	3.0
155.0	3.0
44.0	3.0
877.0	3.0
473.0	3.0
453.0	3.0
53.0	3.0
460.0	3.0
856.0	3.0
297.0	3.0
13.0	3.0
850.0	3.0
827.0	2.0
34.0	2.0
972.0	2.0
522.0	2.0
363.0	2.0
524.0	2.0
305.0	2.0
75.0	2.0
1680.0	2.0
546.0	2.0
679.0	2.0
1224.0	2.0
569.0	2.0
274.0	2.0
454.0	2.0
484.0	2.0
146.0	2.0
429.0	2.0
1022.0	2.0
414.0	2.0
456.0	2.0
553.0	2.0
1240.0	2.0
696.0	2.0
521.0	2.0
921.0	2.0
407.0	2.0
964.0	2.0
737.0	2.0
778.0	2.0
237.0	2.0
491.0	2.0
870.0	2.0
368.0	2.0
641.0	2.0
355.0	2.0
159.0	2.0
716.0	2.0
278.0	2.0
630.0	2.0
728.0	2.0
839.0	2.0
373.0	2.0
1258.0	2.0
322.0	2.0
565.0	2.0
70.0	2.0
1060.0	1.0
293.0	1.0
880.0	1.0
303.0	1.0
1281.0	1.0
910.0	1.0
151.0	1.0
269.0	1.0
464.0	1.0
73.0	1.0
1152.0	1.0
173.0	1.0
685.0	1.0
900.0	1.0
632.0	1.0
631.0	1.0
741.0	1.0
639.0	1.0
277.0	1.0
126.0	1.0
638.0	1.0
326.0	1.0
1654.0	1.0
1120.0	1.0
615.0	1.0
530.0	1.0
549.0	1.0
529.0	1.0
731.0	1.0
435.0	1.0
421.0	1.0
585.0	1.0
1061.0	1.0
405.0	1.0
559.0	1.0
882.0	1.0
1297.0	1.0
574.0	1.0
814.0	1.0
261.0	1.0
749.0	1.0
793.0	1.0
478.0	1.0
718.0	1.0
467.0	1.0
606.0	1.0
1396.0	1.0
65.0	1.0
1160.0	1.0
577.0	1.0
1304.0	1.0
904.0	1.0
186.0	1.0
686.0	1.0
692.0	1.0
764.0	1.0
810.0	1.0
984.0	1.0
1176.0	1.0
27.0	1.0
2140.0	1.0
329.0	1.0
1498.0	1.0
545.0	1.0
1511.0	1.0
1034.0	1.0
744.0	1.0
687.0	1.0
83.0	1.0
1313.0	1.0
620.0	1.0
445.0	1.0
981.0	1.0
560.0	1.0
722.0	1.0
480.0	1.0
550.0	1.0
339.0	1.0
378.0	1.0
294.0	1.0
496.0	1.0
39.0	-1.0
713.0	-1.0
231.0	-1.0
197.0	-1.0
315.0	-1.0
1211.0	-1.0
527.0	-1.0
947.0	-1.0
561.0	-1.0
650.0	-1.0
1166.0	-1.0
755.0	-1.0
449.0	-1.0
463.0	-1.0
572.0	-1.0
82.0	-1.0
319.0	-1.0
1278.0	-1.0
323.0	-1.0
380.0	-1.0
858.0	-1.0
307.0	-1.0
388.0	-1.0
1574.0	-1.0
538.0	-1.0
647.0	-1.0
351.0	-1.0
448.0	-1.0
206.0	-1.0
953.0	-1.0
805.0	-1.0
626.0	-1.0
506.0	-1.0
24.0	-1.0
611.0	-1.0
798.0	-1.0
733.0	-1.0
898.0	-1.0
558.0	-1.0
415.0	-1.0
594.0	-1.0
828.0	-1.0
210.0	-1.0
602.0	-1.0
381.0	-1.0
425.0	-1.0
601.0	-1.0
683.0	-1.0
646.0	-1.0
562.0	-1.0
784.0	-1.0
47.0	-1.0
1088.0	-1.0
353.0	-1.0
331.0	-1.0
770.0	-1.0
635.0	-1.0
881.0	-1.0
756.0	-1.0
379.0	-1.0
1009.0	-1.0
672.0	-1.0
1092.0	-1.0
806.0	-1.0
1803.0	-1.0
656.0	-1.0
916.0	-1.0
892.0	-1.0
1013.0	-1.0
1121.0	-1.0
511.0	-1.0
551.0	-1.0
629.0	-1.0
599.0	-1.0
1044.0	-1.0
848.0	-1.0
171.0	-1.0
1113.0	-1.0
290.0	-1.0
1197.0	-1.0
869.0	-1.0
431.0	-1.0
1393.0	-1.0
648.0	-1.0
818.0	-1.0
752.0	-1.0
1024.0	-1.0
938.0	-1.0
612.0	-1.0
846.0	-1.0
950.0	-1.0
45.0	-1.0
616.0	-1.0
824.0	-1.0
763.0	-1.0
282.0	-1.0
304.0	-1.0
842.0	-1.0
808.0	-1.0
1232.0	-1.0
225.0	-1.0
475.0	-1.0
710.0	-1.0
534.0	-1.0
625.0	-1.0
497.0	-1.0
968.0	-1.0
815.0	-1.0
598.0	-1.0
675.0	-1.0
868.0	-1.0
878.0	-1.0
676.0	-1.0
1536.0	-1.0
1246.0	-1.0
1187.0	-1.0
62.0	-1.0
1025.0	-1.0
905.0	-1.0
1126.0	-1.0
254.0	-1.0
699.0	-1.0
1042.0	-1.0
888.0	-1.0
452.0	-1.0
665.0	-1.0
493.0	-1.0
1395.0	-1.0
595.0	-1.0
1119.0	-1.0
660.0	-1.0
655.0	-1.0
875.0	-1.0
928.0	-1.0
654.0	-1.0
1170.0	-1.0
85.0	-1.0
587.0	-1.0
1035.0	-1.0
1135.0	-1.0
2002.0	-1.0
633.0	-1.0
753.0	-1.0
514.0	-1.0
525.0	-1.0
286.0	-1.0
1248.0	-1.0
352.0	-1.0
485.0	-1.0
461.0	-1.0
227.0	-2.0
788.0	-2.0
318.0	-2.0
404.0	-2.0
1014.0	-2.0
937.0	-2.0
681.0	-2.0
642.0	-2.0
845.0	-2.0
780.0	-2.0
1077.0	-2.0
2472.0	-2.0
513.0	-2.0
1236.0	-2.0
884.0	-2.0
403.0	-2.0
988.0	-2.0
1066.0	-2.0
285.0	-2.0
776.0	-2.0
536.0	-2.0
503.0	-2.0
157.0	-2.0
265.0	-2.0
1321.0	-2.0
668.0	-2.0
637.0	-2.0
575.0	-2.0
993.0	-2.0
386.0	-2.0
232.0	-2.0
1001.0	-2.0
395.0	-2.0
1228.0	-2.0
1073.0	-2.0
673.0	-2.0
864.0	-2.0
508.0	-2.0
347.0	-2.0
377.0	-2.0
408.0	-2.0
519.0	-2.0
578.0	-2.0
876.0	-2.0
289.0	-2.0
501.0	-2.0
413.0	-2.0
1002.0	-2.0
822.0	-2.0
1006.0	-2.0
2444.0	-2.0
1234.0	-2.0
879.0	-2.0
774.0	-2.0
682.0	-2.0
535.0	-2.0
115.0	-2.0
874.0	-2.0
843.0	-2.0
913.0	-2.0
736.0	-2.0
556.0	-2.0
748.0	-2.0
771.0	-2.0
820.0	-2.0
1129.0	-2.0
2278.0	-2.0
624.0	-2.0
948.0	-2.0
87.0	-2.0
977.0	-2.0
762.0	-2.0
1017.0	-2.0
455.0	-2.0
223.0	-2.0
554.0	-2.0
317.0	-2.0
1446.0	-2.0
433.0	-2.0
1172.0	-2.0
1033.0	-2.0
1117.0	-2.0
866.0	-2.0
970.0	-2.0
30.0	-2.0
443.0	-2.0
557.0	-2.0
1514.0	-2.0
936.0	-2.0
801.0	-2.0
819.0	-2.0
742.0	-2.0
544.0	-2.0
890.0	-2.0
291.0	-2.0
982.0	-2.0
487.0	-2.0
391.0	-2.0
357.0	-2.0
311.0	-2.0
458.0	-2.0
498.0	-2.0
229.0	-2.0
42.0	-2.0
81.0	-2.0
364.0	-2.0
147.0	-2.0
193.0	-2.0
130.0	-2.0
462.0	-2.0
472.0	-2.0
442.0	-2.0
543.0	-2.0
659.0	-2.0
113.0	-2.0
402.0	-2.0
605.0	-2.0
38.0	-2.0
417.0	-2.0
313.0	-2.0
424.0	-2.0
320.0	-2.0
127.0	-2.0
77.0	-3.0
542.0	-3.0
324.0	-3.0
412.0	-3.0
628.0	-3.0
360.0	-3.0
308.0	-3.0
908.0	-3.0
547.0	-3.0
63.0	-3.0
832.0	-3.0
198.0	-3.0
102.0	-3.0
738.0	-3.0
89.0	-3.0
1185.0	-3.0
517.0	-3.0
1136.0	-3.0
178.0	-3.0
370.0	-3.0
552.0	-3.0
446.0	-3.0
447.0	-3.0
816.0	-3.0
582.0	-3.0
531.0	-3.0
768.0	-3.0
844.0	-3.0
920.0	-3.0
1130.0	-3.0
1036.0	-3.0
789.0	-3.0
309.0	-3.0
568.0	-3.0
101.0	-3.0
400.0	-3.0
139.0	-3.0
929.0	-3.0
382.0	-3.0
451.0	-3.0
469.0	-3.0
409.0	-3.0
267.0	-3.0
114.0	-3.0
584.0	-3.0
215.0	-3.0
233.0	-3.0
390.0	-3.0
189.0	-3.0
121.0	-3.0
238.0	-3.0
15.0	-3.0
494.0	-3.0
465.0	-3.0
21.0	-3.0
613.0	-3.0
106.0	-3.0
617.0	-3.0
337.0	-3.0
51.0	-3.0
10.0	-3.0
181.0	-3.0
221.0	-3.0
283.0	-3.0
392.0	-3.0
109.0	-3.0
246.0	-3.0
149.0	-3.0
474.0	-3.0
202.0	-3.0
345.0	-3.0
201.0	-3.0
797.0	-4.0
235.0	-4.0
94.0	-4.0
296.0	-4.0
592.0	-4.0
367.0	-4.0
330.0	-4.0
945.0	-4.0
250.0	-4.0
466.0	-4.0
852.0	-4.0
479.0	-4.0
434.0	-4.0
985.0	-4.0
541.0	-4.0
873.0	-4.0
860.0	-4.0
607.0	-4.0
619.0	-4.0
12.0	-4.0
564.0	-4.0
1052.0	-4.0
194.0	-4.0
649.0	-4.0
396.0	-4.0
471.0	-4.0
314.0	-4.0
356.0	-4.0
372.0	-4.0
1040.0	-4.0
636.0	-4.0
384.0	-4.0
500.0	-4.0
262.0	-4.0
216.0	-4.0
118.0	-4.0
98.0	-4.0
145.0	-4.0
110.0	-4.0
187.0	-4.0
349.0	-4.0
273.0	-4.0
342.0	-4.0
97.0	-4.0
720.0	-4.0
185.0	-4.0
492.0	-4.0
93.0	-4.0
376.0	-5.0
440.0	-5.0
523.0	-5.0
436.0	-5.0
588.0	-5.0
809.0	-5.0
327.0	-5.0
256.0	-5.0
300.0	-5.0
539.0	-5.0
7.0	-5.0
169.0	-5.0
397.0	-5.0
336.0	-5.0
196.0	-5.0
343.0	-5.0
17.0	-5.0
122.0	-5.0
255.0	-5.0
504.0	-5.0
234.0	-5.0
444.0	-5.0
912.0	-5.0
123.0	-5.0
450.0	-5.0
889.0	-5.0
135.0	-5.0
426.0	-5.0
387.0	-5.0
275.0	-6.0
272.0	-6.0
483.0	-6.0
361.0	-6.0
310.0	-6.0
555.0	-6.0
328.0	-6.0
340.0	-6.0
399.0	-6.0
222.0	-6.0
350.0	-6.0
228.0	-6.0
203.0	-6.0
195.0	-6.0
306.0	-6.0
276.0	-6.0
142.0	-6.0
241.0	-6.0
31.0	-6.0
406.0	-6.0
708.0	-6.0
281.0	-6.0
131.0	-6.0
419.0	-6.0
208.0	-6.0
662.0	-6.0
301.0	-6.0
190.0	-6.0
316.0	-6.0
292.0	-6.0
46.0	-6.0
509.0	-6.0
280.0	-6.0
332.0	-7.0
341.0	-7.0
359.0	-7.0
423.0	-7.0
141.0	-7.0
393.0	-7.0
182.0	-7.0
213.0	-7.0
325.0	-7.0
258.0	-7.0
214.0	-8.0
78.0	-8.0
230.0	-8.0
247.0	-8.0
398.0	-8.0
245.0	-8.0
287.0	-8.0
385.0	-8.0
188.0	-8.0
333.0	-8.0
346.0	-8.0
204.0	-8.0
302.0	-8.0
217.0	-8.0
502.0	-8.0
365.0	-8.0
129.0	-8.0
344.0	-8.0
162.0	-8.0
427.0	-8.0
321.0	-8.0
74.0	-8.0
90.0	-9.0
411.0	-9.0
29.0	-9.0
243.0	-9.0
86.0	-9.0
389.0	-9.0
163.0	-9.0
249.0	-9.0
174.0	-9.0
457.0	-9.0
180.0	-9.0
263.0	-9.0
57.0	-9.0
66.0	-9.0
58.0	-9.0
298.0	-9.0
271.0	-10.0
205.0	-10.0
284.0	-10.0
168.0	-10.0
160.0	-10.0
69.0	-10.0
200.0	-10.0
338.0	-10.0
242.0	-10.0
167.0	-10.0
270.0	-10.0
165.0	-10.0
117.0	-10.0
18.0	-11.0
334.0	-11.0
288.0	-11.0
154.0	-11.0
192.0	-11.0
61.0	-11.0
134.0	-11.0
383.0	-11.0
166.0	-11.0
279.0	-11.0
212.0	-11.0
266.0	-11.0
268.0	-11.0
239.0	-12.0
240.0	-12.0
207.0	-12.0
191.0	-12.0
299.0	-12.0
312.0	-12.0
226.0	-12.0
23.0	-13.0
164.0	-13.0
260.0	-13.0
49.0	-13.0
253.0	-13.0
150.0	-14.0
175.0	-14.0
133.0	-14.0
209.0	-14.0
125.0	-14.0
244.0	-14.0
92.0	-15.0
156.0	-15.0
148.0	-15.0
252.0	-15.0
295.0	-15.0
259.0	-15.0
264.0	-16.0
211.0	-16.0
236.0	-16.0
132.0	-16.0
183.0	-16.0
32.0	-16.0
137.0	-17.0
120.0	-17.0
100.0	-17.0
248.0	-17.0
128.0	-17.0
76.0	-18.0
199.0	-18.0
9.0	-18.0
176.0	-19.0
184.0	-19.0
64.0	-20.0
172.0	-20.0
25.0	-20.0
220.0	-21.0
179.0	-21.0
158.0	-21.0
40.0	-23.0
6.0	-24.0
152.0	-24.0
136.0	-25.0
224.0	-25.0
28.0	-25.0
124.0	-25.0
116.0	-26.0
104.0	-27.0
144.0	-27.0
54.0	-27.0
36.0	-28.0
96.0	-29.0
50.0	-29.0
72.0	-30.0
140.0	-31.0
88.0	-32.0
68.0	-32.0
108.0	-32.0
20.0	-32.0
112.0	-33.0
60.0	-35.0
84.0	-36.0
52.0	-42.0
56.0	-43.0
80.0	-58.0
22.0	-83.0
48.0	-139.0
