Brightness	Occurrences
0.0	1519
5.0	735
4.0	686
6.0	610
8.0	601
12.0	547
7.0	529
9.0	529
13.0	485
17.0	478
20.0	470
11.0	462
14.0	444
15.0	413
22.0	389
26.0	388
24.0	387
37.0	387
16.0	386
33.0	375
19.0	369
23.0	367
31.0	362
27.0	351
21.0	344
30.0	339
25.0	333
28.0	327
42.0	326
18.0	313
43.0	308
36.0	306
71.0	306
47.0	305
32.0	305
34.0	304
63.0	304
10.0	300
39.0	297
68.0	294
54.0	292
40.0	291
29.0	290
3.0	289
50.0	286
60.0	283
46.0	282
84.0	274
35.0	274
123.0	273
45.0	272
72.0	269
51.0	268
89.0	265
78.0	264
49.0	262
38.0	262
181.0	261
41.0	261
70.0	260
65.0	259
66.0	257
188.0	256
2.0	254
112.0	253
55.0	253
67.0	253
57.0	252
48.0	251
233.0	251
110.0	251
180.0	250
121.0	250
171.0	249
77.0	248
100.0	248
125.0	246
44.0	246
98.0	245
82.0	244
86.0	244
88.0	243
104.0	243
83.0	242
56.0	241
291.0	241
90.0	241
116.0	240
79.0	240
81.0	240
137.0	240
52.0	239
132.0	239
115.0	238
61.0	238
145.0	238
76.0	237
190.0	237
117.0	237
69.0	236
235.0	235
59.0	235
184.0	235
134.0	235
155.0	234
239.0	234
80.0	233
133.0	233
162.0	232
64.0	231
245.0	230
114.0	230
150.0	229
108.0	229
217.0	228
176.0	228
136.0	228
91.0	228
187.0	228
122.0	226
175.0	225
96.0	224
107.0	223
167.0	222
154.0	222
128.0	222
87.0	222
106.0	221
102.0	221
118.0	221
58.0	221
209.0	221
166.0	220
85.0	220
156.0	220
103.0	220
142.0	219
250.0	219
95.0	218
147.0	217
97.0	217
277.0	216
168.0	216
205.0	216
74.0	216
99.0	215
193.0	214
157.0	214
152.0	213
113.0	213
131.0	212
172.0	212
109.0	212
244.0	211
160.0	211
216.0	211
243.0	210
120.0	209
138.0	209
301.0	208
179.0	208
53.0	208
226.0	208
208.0	208
73.0	207
141.0	206
225.0	205
202.0	205
163.0	205
93.0	205
230.0	205
127.0	204
224.0	204
241.0	203
198.0	203
215.0	203
196.0	202
242.0	202
305.0	202
206.0	202
236.0	201
251.0	201
210.0	201
259.0	201
140.0	201
286.0	201
287.0	201
153.0	200
232.0	200
94.0	200
185.0	200
255.0	199
223.0	199
271.0	199
257.0	198
144.0	198
221.0	198
200.0	198
281.0	197
170.0	197
240.0	197
238.0	196
139.0	195
173.0	195
254.0	195
75.0	194
62.0	194
143.0	194
149.0	194
261.0	193
212.0	193
189.0	192
124.0	192
317.0	192
105.0	191
342.0	191
292.0	191
256.0	191
92.0	191
228.0	190
308.0	190
229.0	189
126.0	189
237.0	188
204.0	188
268.0	188
191.0	188
199.0	188
246.0	187
159.0	187
279.0	187
297.0	187
158.0	187
164.0	187
222.0	186
300.0	186
192.0	185
284.0	185
266.0	184
249.0	183
129.0	183
213.0	183
119.0	183
307.0	183
289.0	183
146.0	182
101.0	182
207.0	181
306.0	181
194.0	181
220.0	181
290.0	180
275.0	180
350.0	180
219.0	180
269.0	179
265.0	178
270.0	178
178.0	178
227.0	178
248.0	178
324.0	176
321.0	176
130.0	176
311.0	175
247.0	175
211.0	175
348.0	175
296.0	174
151.0	173
111.0	173
282.0	173
258.0	173
331.0	173
263.0	173
169.0	172
386.0	172
332.0	172
195.0	172
148.0	172
218.0	172
165.0	172
203.0	171
367.0	171
312.0	171
316.0	171
214.0	171
336.0	170
252.0	170
182.0	170
278.0	170
318.0	169
285.0	169
260.0	169
319.0	168
322.0	168
253.0	168
274.0	167
262.0	167
338.0	167
303.0	166
264.0	166
415.0	165
353.0	165
295.0	165
174.0	165
328.0	165
346.0	165
186.0	163
330.0	163
231.0	163
313.0	162
201.0	162
273.0	161
398.0	161
161.0	160
283.0	160
276.0	159
294.0	159
356.0	159
418.0	159
354.0	159
293.0	159
280.0	159
177.0	159
363.0	158
183.0	158
135.0	157
267.0	157
304.0	157
372.0	157
323.0	157
340.0	156
298.0	156
309.0	156
234.0	156
315.0	156
334.0	155
335.0	154
272.0	153
357.0	153
333.0	153
358.0	152
368.0	152
329.0	152
349.0	151
314.0	150
371.0	150
299.0	150
327.0	150
325.0	148
347.0	148
339.0	147
438.0	147
320.0	147
376.0	145
384.0	145
365.0	145
302.0	145
477.0	144
197.0	143
400.0	143
458.0	143
310.0	142
403.0	142
341.0	141
345.0	141
366.0	140
378.0	140
344.0	139
383.0	138
393.0	138
382.0	138
417.0	138
430.0	138
288.0	138
399.0	136
359.0	136
412.0	135
483.0	134
352.0	134
397.0	134
409.0	134
355.0	133
434.0	133
326.0	133
462.0	133
351.0	133
364.0	132
405.0	132
388.0	131
411.0	131
373.0	131
377.0	130
406.0	130
427.0	130
452.0	129
429.0	129
420.0	129
457.0	129
343.0	128
379.0	128
369.0	128
362.0	128
360.0	127
463.0	127
410.0	127
442.0	127
468.0	126
421.0	126
337.0	124
470.0	124
481.0	124
407.0	124
374.0	123
484.0	123
395.0	123
402.0	123
375.0	122
389.0	122
479.0	122
456.0	122
414.0	121
424.0	121
387.0	120
426.0	120
492.0	119
450.0	118
496.0	118
380.0	117
445.0	117
441.0	115
435.0	114
466.0	114
413.0	113
478.0	113
500.0	113
439.0	113
432.0	113
392.0	113
381.0	112
447.0	112
493.0	112
361.0	112
480.0	110
425.0	110
521.0	110
423.0	109
451.0	109
385.0	109
370.0	109
416.0	109
396.0	108
428.0	107
440.0	107
431.0	107
401.0	107
437.0	107
503.0	105
516.0	105
419.0	104
494.0	104
490.0	103
443.0	103
436.0	103
394.0	103
489.0	103
517.0	102
391.0	102
460.0	101
465.0	101
539.0	101
557.0	100
488.0	100
495.0	100
510.0	100
474.0	99
487.0	99
476.0	98
505.0	98
501.0	98
390.0	97
514.0	97
567.0	97
467.0	97
522.0	97
461.0	97
532.0	96
504.0	96
528.0	96
408.0	95
507.0	95
540.0	95
464.0	95
473.0	95
455.0	95
498.0	94
605.0	94
433.0	94
471.0	94
475.0	93
444.0	93
448.0	93
453.0	93
537.0	92
485.0	92
469.0	91
525.0	90
508.0	90
449.0	90
538.0	90
491.0	89
512.0	89
581.0	89
535.0	88
573.0	88
404.0	87
482.0	87
499.0	86
529.0	85
472.0	85
513.0	85
591.0	84
597.0	84
582.0	83
526.0	83
531.0	83
624.0	83
599.0	82
547.0	82
646.0	82
518.0	81
534.0	80
520.0	80
611.0	80
587.0	79
543.0	79
635.0	79
608.0	79
454.0	79
502.0	79
515.0	78
519.0	78
579.0	78
607.0	78
446.0	77
602.0	77
561.0	77
523.0	77
536.0	76
422.0	76
631.0	76
589.0	76
585.0	75
689.0	75
497.0	75
554.0	75
459.0	74
565.0	73
566.0	73
604.0	73
612.0	72
533.0	72
558.0	72
574.0	72
584.0	72
544.0	72
556.0	72
570.0	71
559.0	71
546.0	71
616.0	71
506.0	70
619.0	70
530.0	70
649.0	70
577.0	69
615.0	69
527.0	69
642.0	69
596.0	69
562.0	69
555.0	69
598.0	68
524.0	68
593.0	67
636.0	67
580.0	67
560.0	67
542.0	66
630.0	66
628.0	65
545.0	65
553.0	64
564.0	64
728.0	64
486.0	64
600.0	64
606.0	64
601.0	64
627.0	63
639.0	63
654.0	63
676.0	63
640.0	63
568.0	63
511.0	63
610.0	62
621.0	62
613.0	61
595.0	61
571.0	61
632.0	60
569.0	60
563.0	59
509.0	59
629.0	59
576.0	59
603.0	59
541.0	59
735.0	59
586.0	59
620.0	59
648.0	59
549.0	59
644.0	59
665.0	59
675.0	59
694.0	58
714.0	58
698.0	58
550.0	58
638.0	57
680.0	57
673.0	56
651.0	56
552.0	56
583.0	56
696.0	55
782.0	55
622.0	55
653.0	55
588.0	54
548.0	54
688.0	54
655.0	54
609.0	54
641.0	54
618.0	54
664.0	54
700.0	54
643.0	54
666.0	53
659.0	53
572.0	53
669.0	53
551.0	53
686.0	53
772.0	53
667.0	52
592.0	52
763.0	52
670.0	51
634.0	51
661.0	51
652.0	51
685.0	51
754.0	51
854.0	51
682.0	50
594.0	50
672.0	50
706.0	50
671.0	50
724.0	49
590.0	49
578.0	49
623.0	49
719.0	48
740.0	48
678.0	48
701.0	48
705.0	48
656.0	48
683.0	48
726.0	48
633.0	48
707.0	48
704.0	47
693.0	47
647.0	47
645.0	47
662.0	47
697.0	47
866.0	47
690.0	47
733.0	47
708.0	47
691.0	46
742.0	46
575.0	46
626.0	45
793.0	45
848.0	45
650.0	45
657.0	45
679.0	44
637.0	44
771.0	43
712.0	43
805.0	43
699.0	42
658.0	42
741.0	42
840.0	42
703.0	41
727.0	41
739.0	41
758.0	41
711.0	41
767.0	41
798.0	40
746.0	40
734.0	40
715.0	40
617.0	40
614.0	40
677.0	40
762.0	39
687.0	39
809.0	39
713.0	39
786.0	39
773.0	38
752.0	38
720.0	38
849.0	38
731.0	38
804.0	38
824.0	38
625.0	38
777.0	37
663.0	37
787.0	37
761.0	37
843.0	37
770.0	37
721.0	37
709.0	37
821.0	37
834.0	37
756.0	37
768.0	37
660.0	37
792.0	37
769.0	36
889.0	36
753.0	36
710.0	36
779.0	36
844.0	36
819.0	36
789.0	36
736.0	36
744.0	36
723.0	35
702.0	35
855.0	35
765.0	35
810.0	35
778.0	35
785.0	35
743.0	35
780.0	35
818.0	35
815.0	35
759.0	35
783.0	34
755.0	34
716.0	34
845.0	34
816.0	34
717.0	34
797.0	34
803.0	34
870.0	33
725.0	33
863.0	33
825.0	33
732.0	33
776.0	33
718.0	32
801.0	32
861.0	32
668.0	32
738.0	32
806.0	32
850.0	32
749.0	32
817.0	31
912.0	31
835.0	31
811.0	31
878.0	30
750.0	30
695.0	30
830.0	30
827.0	30
748.0	30
826.0	30
851.0	30
951.0	29
960.0	29
799.0	29
791.0	29
829.0	29
808.0	29
946.0	28
950.0	28
868.0	28
896.0	28
681.0	28
784.0	28
917.0	27
760.0	27
881.0	27
869.0	27
853.0	27
692.0	27
775.0	27
781.0	27
864.0	27
674.0	27
910.0	27
884.0	27
766.0	27
838.0	27
867.0	26
860.0	26
1042.0	26
857.0	26
774.0	26
757.0	26
823.0	26
925.0	26
747.0	26
948.0	26
837.0	26
730.0	26
846.0	25
931.0	25
800.0	25
959.0	25
945.0	25
751.0	25
812.0	25
788.0	25
1085.0	25
935.0	25
814.0	25
1036.0	25
1124.0	25
957.0	25
968.0	24
895.0	24
920.0	24
862.0	24
822.0	24
764.0	24
858.0	24
932.0	24
684.0	24
938.0	24
904.0	24
729.0	23
1013.0	23
1133.0	23
994.0	23
832.0	23
865.0	22
940.0	22
737.0	22
859.0	22
874.0	22
979.0	22
886.0	22
1103.0	22
877.0	22
988.0	22
967.0	22
901.0	22
722.0	22
964.0	22
937.0	22
1019.0	22
947.0	21
842.0	21
955.0	21
921.0	21
847.0	21
1000.0	21
892.0	21
933.0	21
1055.0	21
905.0	21
794.0	21
1003.0	20
891.0	20
962.0	20
880.0	20
839.0	20
807.0	20
813.0	20
898.0	20
1185.0	20
949.0	20
820.0	20
1093.0	20
1112.0	20
927.0	20
802.0	19
1027.0	19
1038.0	19
907.0	19
1063.0	19
914.0	19
956.0	19
1119.0	19
1067.0	19
841.0	19
856.0	19
953.0	19
887.0	19
973.0	19
1070.0	19
888.0	19
1053.0	19
944.0	19
916.0	19
894.0	19
796.0	19
943.0	18
903.0	18
958.0	18
872.0	18
1089.0	18
969.0	18
790.0	18
1271.0	18
795.0	18
852.0	18
1048.0	18
831.0	18
1188.0	18
999.0	17
893.0	17
936.0	17
1047.0	17
1202.0	17
1107.0	17
745.0	17
983.0	17
926.0	17
942.0	17
882.0	17
906.0	17
991.0	17
883.0	17
1083.0	17
828.0	17
976.0	16
1046.0	16
1198.0	16
1057.0	16
1176.0	16
1080.0	16
924.0	16
1105.0	16
1044.0	16
1073.0	16
919.0	16
1050.0	16
985.0	16
1122.0	16
1132.0	15
885.0	15
923.0	15
1114.0	15
930.0	15
897.0	15
1308.0	15
971.0	15
899.0	15
963.0	15
1091.0	15
1106.0	15
1015.0	15
939.0	15
1072.0	15
1151.0	15
1024.0	15
1229.0	14
833.0	14
1022.0	14
1011.0	14
1120.0	14
915.0	14
965.0	14
1126.0	14
1061.0	14
1023.0	14
1195.0	14
913.0	14
1095.0	14
1098.0	14
1001.0	14
972.0	14
981.0	14
928.0	14
1028.0	14
1116.0	14
876.0	14
1146.0	14
1037.0	14
1096.0	14
1148.0	14
1152.0	13
1064.0	13
1056.0	13
952.0	13
908.0	13
1186.0	13
1295.0	13
978.0	13
1017.0	13
1090.0	13
1071.0	13
909.0	13
1005.0	13
1101.0	12
970.0	12
1014.0	12
871.0	12
1141.0	12
1062.0	12
1423.0	12
934.0	12
975.0	12
1099.0	12
1138.0	12
890.0	12
1175.0	12
989.0	12
1018.0	12
836.0	12
1030.0	12
1040.0	12
918.0	12
873.0	12
1082.0	12
974.0	12
1009.0	12
1223.0	12
1125.0	11
1065.0	11
1189.0	11
995.0	11
1348.0	11
1164.0	11
996.0	11
1204.0	11
1084.0	11
1730.0	11
1079.0	11
1110.0	11
1206.0	11
1196.0	11
1008.0	11
1280.0	11
1178.0	11
961.0	11
1174.0	11
1179.0	11
1134.0	11
1336.0	11
1100.0	11
977.0	11
992.0	11
1192.0	11
1020.0	11
1004.0	11
1401.0	11
1043.0	11
902.0	11
1282.0	11
1284.0	10
1115.0	10
1007.0	10
1317.0	10
1277.0	10
1414.0	10
1153.0	10
1292.0	10
980.0	10
1006.0	10
1339.0	10
1218.0	10
1299.0	10
1081.0	10
982.0	10
1279.0	10
929.0	10
1113.0	10
1231.0	10
1033.0	10
1301.0	10
986.0	10
966.0	10
1217.0	10
1431.0	10
1274.0	10
1092.0	10
1333.0	10
1088.0	10
1025.0	10
1087.0	10
1150.0	10
1074.0	10
1039.0	10
954.0	10
1165.0	10
1016.0	10
1250.0	10
1078.0	10
1203.0	10
1269.0	9
1293.0	9
1173.0	9
1358.0	9
1136.0	9
1184.0	9
1118.0	9
1221.0	9
1041.0	9
1193.0	9
1632.0	9
1265.0	9
1306.0	9
1045.0	9
1263.0	9
1002.0	9
1289.0	9
1187.0	9
1593.0	9
1408.0	9
1356.0	9
1128.0	9
1086.0	9
1600.0	9
1236.0	9
1199.0	9
1031.0	9
900.0	9
1255.0	9
984.0	9
1562.0	9
1162.0	9
1583.0	9
1145.0	9
1167.0	9
1247.0	9
1035.0	9
993.0	9
1312.0	9
1123.0	9
1147.0	9
1481.0	9
1477.0	9
1127.0	9
1242.0	8
1241.0	8
1060.0	8
1239.0	8
941.0	8
987.0	8
1156.0	8
1163.0	8
1032.0	8
1526.0	8
1121.0	8
1197.0	8
1076.0	8
997.0	8
1417.0	8
1180.0	8
1524.0	8
1494.0	8
1010.0	8
1364.0	8
1267.0	8
1350.0	8
1052.0	8
1363.0	8
1329.0	8
1334.0	8
1131.0	8
1300.0	8
1549.0	8
1094.0	8
1377.0	8
1341.0	8
1344.0	8
875.0	8
1367.0	8
1225.0	8
1407.0	8
1149.0	8
1034.0	8
1051.0	8
1378.0	8
1268.0	8
1228.0	7
1075.0	7
1170.0	7
1159.0	7
1222.0	7
1297.0	7
1321.0	7
1472.0	7
911.0	7
1595.0	7
990.0	7
1191.0	7
1413.0	7
1741.0	7
1809.0	7
1669.0	7
1276.0	7
1340.0	7
1253.0	7
1069.0	7
1448.0	7
1154.0	7
1425.0	7
1628.0	7
1059.0	7
1183.0	7
1560.0	7
1160.0	7
1281.0	7
1021.0	7
1216.0	7
1443.0	7
1371.0	7
1210.0	7
1208.0	7
1635.0	7
1108.0	7
1442.0	7
1273.0	7
1307.0	7
1117.0	7
1578.0	7
1537.0	7
1234.0	7
1257.0	7
1618.0	7
1166.0	7
1157.0	7
1143.0	7
1375.0	7
1155.0	6
1313.0	6
1428.0	6
1302.0	6
1385.0	6
1696.0	6
1332.0	6
1523.0	6
1211.0	6
1319.0	6
1012.0	6
1432.0	6
1584.0	6
879.0	6
1331.0	6
1077.0	6
1608.0	6
1612.0	6
1564.0	6
1219.0	6
1249.0	6
1492.0	6
1335.0	6
1381.0	6
1142.0	6
1171.0	6
998.0	6
1058.0	6
1026.0	6
1457.0	6
1283.0	6
1190.0	6
1519.0	6
1310.0	6
1566.0	6
1161.0	6
1433.0	6
1346.0	6
1215.0	6
922.0	6
1479.0	6
1102.0	6
1139.0	6
1416.0	6
1366.0	6
1328.0	6
1453.0	6
1512.0	6
1688.0	6
1049.0	6
1238.0	6
1177.0	6
1135.0	6
1353.0	6
1290.0	6
1111.0	6
1552.0	5
1393.0	5
1264.0	5
1680.0	5
1224.0	5
1576.0	5
1444.0	5
1446.0	5
1243.0	5
1390.0	5
1304.0	5
1205.0	5
1621.0	5
1109.0	5
1158.0	5
1558.0	5
1607.0	5
1254.0	5
1246.0	5
1230.0	5
1214.0	5
1528.0	5
1490.0	5
1388.0	5
1347.0	5
1591.0	5
1403.0	5
1227.0	5
1991.0	5
1365.0	5
1467.0	5
1620.0	5
1790.0	5
1248.0	5
1543.0	5
1383.0	5
2054.0	5
2138.0	5
1318.0	5
1844.0	5
1538.0	5
2284.0	5
1487.0	5
1361.0	5
1623.0	5
1547.0	5
1712.0	5
1594.0	5
1384.0	5
1773.0	5
1298.0	5
1422.0	5
1686.0	5
1400.0	5
1382.0	5
1201.0	5
1644.0	5
1309.0	5
1285.0	5
1678.0	4
1233.0	4
1370.0	4
1337.0	4
1652.0	4
1847.0	4
1450.0	4
1286.0	4
1574.0	4
1129.0	4
1458.0	4
1645.0	4
1579.0	4
1435.0	4
2115.0	4
1498.0	4
1497.0	4
1508.0	4
1677.0	4
1888.0	4
1660.0	4
1359.0	4
1352.0	4
1602.0	4
1743.0	4
1409.0	4
1303.0	4
1066.0	4
1545.0	4
1260.0	4
1419.0	4
1500.0	4
1169.0	4
1513.0	4
1963.0	4
1663.0	4
1360.0	4
1324.0	4
1362.0	4
1535.0	4
1511.0	4
1315.0	4
1244.0	4
1342.0	4
1568.0	4
1733.0	4
1415.0	4
1554.0	4
1259.0	4
1404.0	4
1571.0	4
1357.0	4
1758.0	4
1168.0	4
1294.0	4
1068.0	4
1713.0	4
1430.0	4
1372.0	4
1226.0	4
1850.0	4
1291.0	4
1581.0	4
1626.0	4
1517.0	4
1638.0	4
1452.0	4
1392.0	4
1275.0	4
1573.0	4
1798.0	4
1029.0	4
1737.0	4
1491.0	4
1739.0	4
2407.0	3
2393.0	3
1194.0	3
1693.0	3
1756.0	3
2537.0	3
1314.0	3
1496.0	3
1779.0	3
1722.0	3
2131.0	3
1783.0	3
1925.0	3
1182.0	3
1901.0	3
1894.0	3
1245.0	3
1924.0	3
1235.0	3
2346.0	3
1397.0	3
1788.0	3
1746.0	3
1493.0	3
1504.0	3
1525.0	3
1598.0	3
2828.0	3
2541.0	3
1930.0	3
1586.0	3
1449.0	3
2307.0	3
1551.0	3
1816.0	3
1439.0	3
1326.0	3
1587.0	3
1461.0	3
2022.0	3
1740.0	3
1984.0	3
1662.0	3
2031.0	3
1967.0	3
2179.0	3
1212.0	3
1296.0	3
1582.0	3
1605.0	3
1252.0	3
1590.0	3
1707.0	3
1913.0	3
1514.0	3
1999.0	3
1599.0	3
1784.0	3
1606.0	3
1631.0	3
2156.0	3
1956.0	3
1885.0	3
1240.0	3
1735.0	3
1861.0	3
1546.0	3
1711.0	3
1368.0	3
2053.0	3
1507.0	3
1659.0	3
1654.0	3
1801.0	3
2568.0	3
1374.0	3
1700.0	3
2244.0	3
1287.0	3
2167.0	3
1465.0	3
1657.0	3
1559.0	3
1720.0	3
2108.0	3
1909.0	3
1505.0	3
1682.0	3
1503.0	2
1288.0	2
2018.0	2
1800.0	2
2481.0	2
1802.0	2
2250.0	2
2117.0	2
1474.0	2
2010.0	2
1483.0	2
1806.0	2
1750.0	2
1323.0	2
1953.0	2
2424.0	2
1943.0	2
1261.0	2
1464.0	2
2020.0	2
2322.0	2
1977.0	2
1436.0	2
1520.0	2
1827.0	2
1941.0	2
2090.0	2
1728.0	2
2235.0	2
1395.0	2
1769.0	2
1797.0	2
1922.0	2
1971.0	2
1140.0	2
1516.0	2
1889.0	2
1534.0	2
2145.0	2
1604.0	2
1656.0	2
1542.0	2
1427.0	2
1752.0	2
1270.0	2
1792.0	2
1704.0	2
1761.0	2
1910.0	2
1681.0	2
1826.0	2
2934.0	2
1540.0	2
1923.0	2
1649.0	2
2055.0	2
1097.0	2
1881.0	2
1676.0	2
2186.0	2
1687.0	2
1777.0	2
1898.0	2
2094.0	2
2079.0	2
1484.0	2
1717.0	2
1305.0	2
1904.0	2
1569.0	2
1665.0	2
1828.0	2
1694.0	2
2406.0	2
1499.0	2
2119.0	2
1808.0	2
1670.0	2
1944.0	2
1856.0	2
1563.0	2
2919.0	2
1614.0	2
2294.0	2
2440.0	2
1469.0	2
1486.0	2
1836.0	2
1200.0	2
1671.0	2
1394.0	2
1653.0	2
1811.0	2
1544.0	2
1570.0	2
1451.0	2
1575.0	2
2427.0	2
1979.0	2
1510.0	2
1710.0	2
2573.0	2
1220.0	2
1873.0	2
1724.0	2
2123.0	2
2113.0	2
1664.0	2
1054.0	2
1343.0	2
2318.0	2
1866.0	2
2754.0	2
1982.0	2
1708.0	2
2033.0	2
1995.0	2
1747.0	2
1144.0	2
2109.0	2
2044.0	2
2547.0	2
1772.0	2
1610.0	2
2422.0	2
1821.0	2
2629.0	2
1567.0	2
1862.0	2
2482.0	2
1940.0	2
1466.0	2
1172.0	2
2280.0	2
1434.0	2
1978.0	2
2396.0	2
1541.0	2
1753.0	2
1338.0	2
1311.0	2
1832.0	2
2935.0	2
1902.0	2
1734.0	2
1674.0	2
1539.0	2
1990.0	2
2855.0	2
1905.0	2
1181.0	2
2014.0	2
2000.0	2
1258.0	2
1447.0	2
1723.0	2
2140.0	2
1475.0	2
1325.0	2
2516.0	2
1715.0	2
1456.0	2
1521.0	2
1207.0	2
1391.0	2
2737.0	2
1951.0	2
2942.0	2
2216.0	2
1237.0	2
1954.0	2
2644.0	2
1701.0	2
1463.0	2
1572.0	2
1719.0	2
2457.0	2
1262.0	2
2510.0	2
1518.0	2
1815.0	2
1799.0	2
1651.0	2
1751.0	2
1795.0	2
1550.0	2
1369.0	2
1851.0	2
1643.0	2
1818.0	2
2525.0	2
1673.0	2
1515.0	2
2034.0	2
2150.0	2
1532.0	2
1906.0	2
2185.0	2
1684.0	2
1685.0	2
2776.0	2
2243.0	2
1441.0	2
2436.0	2
1781.0	2
1555.0	2
2164.0	2
2668.0	2
1426.0	2
1272.0	2
2748.0	2
1725.0	2
3218.0	2
1429.0	2
1754.0	2
1994.0	2
1213.0	2
2223.0	2
1778.0	2
1485.0	2
2312.0	2
1742.0	2
1980.0	2
1251.0	2
1398.0	2
1556.0	2
1256.0	2
1379.0	2
1597.0	2
1399.0	2
1137.0	2
1438.0	2
1530.0	2
1387.0	2
2450.0	2
3076.0	2
1396.0	2
2024.0	2
1424.0	2
2194.0	2
1585.0	2
1616.0	2
2181.0	2
