#frame	event	cm_x	cm_y	size	size_r	size_g	size_b	sum	sum_r	sum_g	sum_b
0	12	2146.5821727019497	636.5877437325905	6.0	3.0	2.0	4.0	359.0	33.0	6.0	316.0
0	28	1001.512987012987	1465.512987012987	4.0	4.0	0.0	1.0	308.0	300.0	0.0	8.0
1	12	2146.5821727019497	636.5877437325905	6.0	3.0	2.0	4.0	359.0	33.0	6.0	316.0
1	28	1001.512987012987	1465.512987012987	4.0	4.0	0.0	1.0	308.0	300.0	0.0	8.0
2	9	1713.521850899743	575.5115681233933	4.0	4.0	0.0	2.0	389.0	372.0	0.0	17.0
2	13	2092.673765730881	928.3339787028074	13.0	7.0	7.0	8.0	1033.0	149.0	64.0	820.0
2	15	360.1666666666667	1309.8333333333333	7.0	0.0	7.0	0.0	192.0	0.0	192.0	0.0
2	27	1844.0258064516129	1732.0258064516129	7.0	5.0	0.0	4.0	310.0	150.0	0.0	160.0
3	12	1471.5060240963855	683.5060240963855	4.0	4.0	0.0	1.0	166.0	164.0	0.0	2.0
3	15	1666.6974169741698	934.6974169741698	9.0	4.0	7.0	4.0	813.0	132.0	57.0	624.0
3	18	2410.6647564469918	1090.5845272206304	9.0	4.0	8.0	4.0	698.0	100.0	86.0	512.0
3	21	653.5187637969095	1349.5187637969095	4.0	4.0	0.0	1.0	453.0	436.0	0.0	17.0
3	26	1138.6462264150944	1708.6462264150944	7.0	4.0	5.0	4.0	424.0	56.0	12.0	356.0
3	28	849.6625615763547	1783.6625615763546	7.0	4.0	0.0	4.0	812.0	680.0	0.0	132.0
4	13	693.5061224489796	465.5265306122449	4.0	4.0	2.0	1.0	245.0	232.0	10.0	3.0
4	16	651.52	733.52	4.0	4.0	0.0	1.0	500.0	480.0	0.0	20.0
4	20	2201.5102040816328	791.091156462585	6.0	4.0	4.0	1.0	735.0	412.0	308.0	15.0
4	43	514.6677966101695	1706.6694915254238	7.0	4.0	5.0	4.0	590.0	88.0	25.0	476.0
4	46	1985.5170603674544	1867.5170603674544	4.0	4.0	0.0	1.0	381.0	368.0	0.0	13.0
4	47	1541.0	1907.0	1.0	0.0	0.0	1.0	31.0	0.0	0.0	30.0
4	50	1346.5074626865671	2000.5074626865671	4.0	1.0	0.0	4.0	134.0	2.0	0.0	132.0
5	13	693.5061224489796	465.5265306122449	4.0	4.0	2.0	1.0	245.0	232.0	10.0	3.0
5	16	651.52	733.52	4.0	4.0	0.0	1.0	500.0	480.0	0.0	20.0
5	20	2201.5102040816328	791.091156462585	6.0	4.0	4.0	1.0	735.0	412.0	308.0	15.0
5	43	514.6677966101695	1706.6694915254238	7.0	4.0	5.0	4.0	590.0	88.0	25.0	476.0
5	46	1985.5170603674544	1867.5170603674544	4.0	4.0	0.0	1.0	381.0	368.0	0.0	13.0
5	47	1541.0	1907.0	1.0	0.0	0.0	1.0	31.0	0.0	0.0	30.0
5	50	1346.5074626865671	2000.5074626865671	4.0	1.0	0.0	4.0	134.0	2.0	0.0	132.0
6	16	48.664739884393065	1034.6647398843932	7.0	4.0	5.0	4.0	519.0	76.0	19.0	424.0
6	20	1822.6888141295208	1220.5862068965516	11.0	4.0	10.0	6.0	1189.0	180.0	205.0	804.0
6	27	2086.8866279069766	1670.1424418604652	7.0	5.0	3.0	4.0	344.0	128.0	7.0	208.0
6	34	2289.4771241830067	1963.686274509804	6.0	4.0	4.0	5.0	306.0	248.0	28.0	30.0
7	10	2199.520309477756	673.5203094777563	4.0	4.0	0.0	1.0	517.0	496.0	0.0	21.0
7	20	2329.5147928994083	1373.5147928994083	4.0	4.0	0.0	1.0	338.0	328.0	0.0	10.0
7	23	2057.5	1619.9351851851852	6.0	4.0	6.0	0.0	216.0	116.0	100.0	0.0
8	32	1346.5	1773.5	4.0	0.0	4.0	0.0	276.0	0.0	276.0	0.0
9	32	1346.5	1773.5	4.0	0.0	4.0	0.0	276.0	0.0	276.0	0.0
10	10	1069.5044025157233	647.1635220125786	6.0	4.0	4.0	3.0	795.0	496.0	264.0	35.0
10	36	1798.5092024539877	1844.509202453988	4.0	1.0	0.0	4.0	163.0	3.0	0.0	160.0
11	23	1931.5121951219512	1473.5121951219512	4.0	4.0	0.0	1.0	287.0	280.0	0.0	7.0
11	25	1797.5140664961637	1569.5140664961637	4.0	4.0	0.0	2.0	391.0	376.0	0.0	15.0
11	33	1208.661354581673	1978.661354581673	7.0	4.0	5.0	4.0	502.0	72.0	18.0	412.0
12	24	560.8319672131148	1168.733606557377	9.0	4.0	8.0	4.0	488.0	60.0	60.0	368.0
12	29	24.68994413407821	1686.689944134078	9.0	4.0	7.0	4.0	716.0	112.0	48.0	556.0
12	31	1263.5	1776.5	4.0	0.0	4.0	0.0	276.0	0.0	276.0	0.0
12	36	1533.5170603674542	1861.5170603674544	4.0	4.0	0.0	1.0	381.0	368.0	0.0	13.0
13	24	560.8319672131148	1168.733606557377	9.0	4.0	8.0	4.0	488.0	60.0	60.0	368.0
13	29	24.68994413407821	1686.689944134078	9.0	4.0	7.0	4.0	716.0	112.0	48.0	556.0
13	31	1263.5	1776.5	4.0	0.0	4.0	0.0	276.0	0.0	276.0	0.0
13	36	1533.5170603674542	1861.5170603674544	4.0	4.0	0.0	1.0	381.0	368.0	0.0	13.0
14	16	1134.5081081081082	602.5027027027027	4.0	1.0	0.0	4.0	185.0	3.0	0.0	180.0
14	21	1932.707614213198	868.707614213198	9.0	4.0	7.0	4.0	985.0	164.0	81.0	740.0
14	31	2240.5855855855857	1516.5855855855857	6.0	3.0	1.0	4.0	333.0	30.0	3.0	296.0
14	37	1104.508982035928	1710.508982035928	4.0	1.0	0.0	4.0	167.0	3.0	0.0	164.0
14	40	2057.665898617512	1827.665898617512	7.0	4.0	0.0	4.0	868.0	724.0	0.0	144.0
15	23	716.7116788321168	1302.7116788321168	9.0	4.0	7.0	4.0	1096.0	184.0	96.0	816.0
15	29	1017.5207667731628	1731.5223642172523	4.0	4.0	0.0	1.0	626.0	596.0	0.0	28.0
16	16	569.5121951219512	947.5121951219512	4.0	4.0	0.0	1.0	287.0	280.0	0.0	7.0
16	19	1819.5077519379845	1109.5193798449611	4.0	4.0	2.0	1.0	258.0	248.0	6.0	4.0
16	24	2047.520153550864	1247.5201535508638	4.0	4.0	0.0	1.0	521.0	500.0	0.0	21.0
16	39	77.52195121951219	1765.5219512195122	4.0	4.0	0.0	1.0	615.0	588.0	0.0	27.0
16	40	2309.489361702128	1823.0	8.0	3.0	4.0	4.0	282.0	6.0	136.0	140.0
17	16	569.5121951219512	947.5121951219512	4.0	4.0	0.0	1.0	287.0	280.0	0.0	7.0
17	19	1819.5077519379845	1109.5193798449611	4.0	4.0	2.0	1.0	258.0	248.0	6.0	4.0
17	24	2047.520153550864	1247.5201535508638	4.0	4.0	0.0	1.0	521.0	500.0	0.0	21.0
17	39	77.52195121951219	1765.5219512195122	4.0	4.0	0.0	1.0	615.0	588.0	0.0	27.0
17	40	2309.489361702128	1823.0	8.0	3.0	4.0	4.0	282.0	6.0	136.0	140.0
18	21	751.5114503816794	1231.5114503816794	4.0	4.0	0.0	1.0	262.0	256.0	0.0	6.0
18	23	2038.7146507666096	1334.717206132879	9.0	4.0	7.0	4.0	1174.0	200.0	104.0	868.0
18	30	43.50704225352113	1603.5023474178404	4.0	4.0	0.0	1.0	213.0	208.0	0.0	3.0
19	0	2227.4927536231885	181.5072463768116	4.0	4.0	0.0	2.0	69.0	64.0	0.0	5.0
19	1	210.71320754716984	199.28679245283016	7.0	0.0	7.0	0.0	265.0	0.0	265.0	0.0
19	8	311.52016129032256	601.5201612903226	4.0	4.0	0.0	1.0	496.0	476.0	0.0	20.0
19	14	1605.509881422925	1177.509881422925	4.0	4.0	0.0	1.0	253.0	248.0	0.0	5.0
19	22	2159.521064301552	1683.5166297117516	4.0	4.0	0.0	2.0	451.0	432.0	0.0	19.0
19	32	1611.5205183585313	2009.5183585313173	4.0	4.0	0.0	1.0	463.0	444.0	0.0	18.0
19	34	954.7063572149344	2026.709384460141	9.0	4.0	7.0	4.0	991.0	164.0	81.0	744.0
19	35	183.51162790697677	2035.860465116279	6.0	4.0	4.0	1.0	86.0	52.0	32.0	2.0
20	20	424.7158469945355	1170.7158469945357	9.0	4.0	7.0	4.0	1281.0	220.0	113.0	948.0
20	22	2368.5	1253.470588235294	4.0	0.0	4.0	2.0	34.0	0.0	28.0	4.0
20	27	1940.5179640718563	1890.4101796407183	6.0	1.0	5.0	4.0	334.0	9.0	40.0	284.0
21	20	424.7158469945355	1170.7158469945357	9.0	4.0	7.0	4.0	1281.0	220.0	113.0	948.0
21	22	2368.5	1253.470588235294	4.0	0.0	4.0	2.0	34.0	0.0	28.0	4.0
21	27	1940.5179640718563	1890.4101796407183	6.0	1.0	5.0	4.0	334.0	9.0	40.0	284.0
22	4	1509.5	70.1875	6.0	4.0	4.0	0.0	320.0	100.0	220.0	0.0
22	20	2046.584699453552	1144.5819672131147	6.0	3.0	2.0	4.0	366.0	33.0	5.0	324.0
22	23	611.8185185185185	1389.5111111111112	6.0	4.0	4.0	2.0	270.0	184.0	80.0	6.0
22	28	1934.5015576323988	1611.9034267912773	6.0	0.0	4.0	4.0	321.0	0.0	192.0	128.0
22	35	1461.1842105263158	1841.798245614035	9.0	5.0	4.0	5.0	570.0	351.0	24.0	195.0
23	17	1165.514705882353	1045.5117647058823	4.0	4.0	0.0	1.0	340.0	328.0	0.0	10.0
23	20	1780.58357771261	1212.58357771261	6.0	3.0	1.0	4.0	341.0	30.0	3.0	304.0
23	25	2230.662650602409	1402.6626506024097	7.0	4.0	5.0	4.0	498.0	72.0	18.0	408.0
23	35	2109.5	1766.5462962962963	4.0	2.0	4.0	0.0	216.0	20.0	196.0	0.0
23	39	630.7009345794393	1862.7009345794395	9.0	4.0	7.0	4.0	856.0	140.0	64.0	652.0
23	40	1155.5	1868.5	4.0	0.0	4.0	0.0	148.0	0.0	148.0	0.0
23	41	1312.6626506024097	1962.6626506024097	7.0	4.0	5.0	4.0	498.0	72.0	18.0	408.0
24	21	2118.5128205128203	1052.5128205128206	4.0	1.0	0.0	4.0	234.0	5.0	0.0	228.0
24	27	837.5	1304.720588235294	6.0	4.0	4.0	0.0	272.0	60.0	212.0	0.0
24	31	1805.4883720930231	1569.8372093023256	6.0	4.0	4.0	2.0	344.0	228.0	108.0	8.0
24	39	237.50226244343887	1945.502262443439	4.0	4.0	0.0	2.0	221.0	216.0	0.0	5.0
25	21	2118.5128205128203	1052.5128205128206	4.0	1.0	0.0	4.0	234.0	5.0	0.0	228.0
25	27	837.5	1304.720588235294	6.0	4.0	4.0	0.0	272.0	60.0	212.0	0.0
25	31	1805.4883720930231	1569.8372093023256	6.0	4.0	4.0	2.0	344.0	228.0	108.0	8.0
25	39	237.50226244343887	1945.502262443439	4.0	4.0	0.0	2.0	221.0	216.0	0.0	5.0
26	18	1574.659090909091	1190.6570247933885	7.0	4.0	5.0	4.0	484.0	68.0	19.0	396.0
26	19	854.6700680272108	1210.6700680272108	7.0	4.0	5.0	4.0	588.0	88.0	24.0	476.0
26	23	1905.520871143376	1369.5208711433756	4.0	4.0	0.0	1.0	551.0	528.0	0.0	23.0
27	20	1297.5198412698412	1185.5198412698412	4.0	4.0	0.0	1.0	504.0	484.0	0.0	20.0
27	26	2296.5	1598.8176470588237	6.0	0.0	4.0	4.0	340.0	0.0	108.0	232.0
30	1	1315.5116279069769	147.51162790697674	4.0	4.0	0.0	1.0	258.0	252.0	0.0	6.0
30	5	2088.519867549669	246.51986754966887	4.0	1.0	1.0	4.0	302.0	9.0	3.0	288.0
30	27	2055.6629955947137	1337.6629955947135	7.0	4.0	0.0	4.0	908.0	760.0	0.0	148.0
30	29	263.5080213903743	1371.5080213903743	4.0	4.0	0.0	1.0	187.0	184.0	0.0	3.0
30	35	252.63942307692307	1656.639423076923	7.0	4.0	5.0	4.0	416.0	52.0	12.0	352.0
30	36	375.5103734439834	1681.510373443983	4.0	4.0	0.0	1.0	241.0	236.0	0.0	5.0
30	40	1768.6526315789474	1978.4494736842105	11.0	4.0	10.0	4.0	950.0	120.0	242.0	588.0
32	11	1648.5092024539877	426.5092024539877	4.0	1.0	0.0	4.0	163.0	3.0	0.0	160.0
32	24	481.5323741007194	1169.6294964028775	6.0	4.0	4.0	2.0	556.0	484.0	36.0	36.0
32	32	906.6796875	1616.5625	11.0	4.0	10.0	4.0	1024.0	148.0	192.0	684.0
33	11	1648.5092024539877	426.5092024539877	4.0	1.0	0.0	4.0	163.0	3.0	0.0	160.0
33	24	481.5323741007194	1169.6294964028775	6.0	4.0	4.0	2.0	556.0	484.0	36.0	36.0
33	32	906.6796875	1616.5625	11.0	4.0	10.0	4.0	1024.0	148.0	192.0	684.0
34	18	1828.5	1099.5581395348838	4.0	0.0	4.0	2.0	172.0	0.0	152.0	20.0
34	31	2064.6648250460407	1704.6648250460405	7.0	4.0	5.0	4.0	543.0	80.0	19.0	444.0
34	35	961.506172839506	1901.5061728395065	4.0	4.0	0.0	1.0	162.0	160.0	0.0	2.0
35	20	401.512987012987	1277.512987012987	4.0	4.0	0.0	1.0	308.0	300.0	0.0	8.0
35	23	1983.5206286836933	1491.5206286836935	4.0	4.0	0.0	1.0	509.0	488.0	0.0	21.0
35	25	1246.5	1525.5	4.0	0.0	4.0	0.0	324.0	0.0	324.0	0.0
35	33	1851.521815008726	1793.521815008726	4.0	4.0	0.0	1.0	573.0	548.0	0.0	25.0
35	41	806.5144032921811	1980.514403292181	4.0	1.0	0.0	4.0	243.0	6.0	0.0	236.0
36	18	2293.5	1130.470588235294	4.0	2.0	4.0	0.0	102.0	6.0	96.0	0.0
36	23	2388.488188976378	1559.4881889763778	4.0	0.0	4.0	0.0	127.0	0.0	127.0	0.0
36	34	1520.6148867313916	2022.351132686084	9.0	4.0	8.0	6.0	618.0	64.0	170.0	384.0
37	18	2293.5	1130.470588235294	4.0	2.0	4.0	0.0	102.0	6.0	96.0	0.0
37	23	2388.488188976378	1559.4881889763778	4.0	0.0	4.0	0.0	127.0	0.0	127.0	0.0
37	34	1520.6148867313916	2022.351132686084	9.0	4.0	8.0	6.0	618.0	64.0	170.0	384.0
38	10	2062.5	909.5	4.0	0.0	4.0	0.0	332.0	0.0	332.0	0.0
38	17	41.513409961685824	1183.787356321839	6.0	4.0	4.0	2.0	522.0	372.0	136.0	14.0
38	18	1581.5	1260.1495726495727	6.0	4.0	4.0	0.0	468.0	164.0	304.0	0.0
38	22	192.67241379310343	1580.6724137931035	7.0	4.0	5.0	4.0	580.0	88.0	24.0	468.0
38	34	811.4047619047619	1898.404761904762	7.0	0.0	7.0	0.0	336.0	0.0	336.0	0.0
38	36	1333.6580976863754	1939.6606683804628	7.0	4.0	0.0	5.0	778.0	652.0	0.0	126.0
38	37	2197.5084175084176	1981.5084175084176	4.0	4.0	0.0	2.0	297.0	288.0	0.0	9.0
38	39	2418.669014084507	2008.6690140845071	7.0	4.0	5.0	4.0	568.0	84.0	24.0	460.0
39	10	197.50806451612905	348.85483870967744	8.0	8.0	4.0	1.0	496.0	444.0	44.0	8.0
39	15	22.585585585585587	760.5855855855856	6.0	3.0	1.0	4.0	333.0	30.0	3.0	296.0
39	17	1506.702643171806	968.702643171806	9.0	4.0	7.0	4.0	908.0	148.0	72.0	688.0
39	23	1957.4939759036145	1139.2168674698796	6.0	4.0	4.0	0.0	83.0	60.0	23.0	0.0
39	30	678.6813880126183	1388.6813880126183	7.0	4.0	5.0	4.0	634.0	100.0	30.0	504.0
39	31	1754.6733001658374	1536.6716417910447	7.0	4.0	5.0	4.0	603.0	92.0	26.0	484.0
39	37	354.5	1851.5	4.0	0.0	4.0	0.0	148.0	0.0	148.0	0.0
39	39	2148.5	1899.5	4.0	0.0	4.0	0.0	256.0	0.0	256.0	0.0
40	13	2062.5604938271604	997.5111111111112	8.0	8.0	0.0	3.0	405.0	396.0	0.0	9.0
40	26	1514.5597722960151	1480.225806451613	8.0	3.0	5.0	5.0	527.0	30.0	185.0	309.0
41	13	2062.5604938271604	997.5111111111112	8.0	8.0	0.0	3.0	405.0	396.0	0.0	9.0
41	26	1514.5597722960151	1480.225806451613	8.0	3.0	5.0	5.0	527.0	30.0	185.0	309.0
42	23	870.58357771261	1144.58357771261	6.0	3.0	1.0	4.0	341.0	30.0	3.0	304.0
42	41	183.66062176165804	1855.660621761658	7.0	4.0	0.0	4.0	772.0	648.0	0.0	124.0
42	42	962.5128205128206	1894.5128205128208	4.0	1.0	0.0	4.0	234.0	5.0	0.0	228.0
43	7	769.6589743589743	575.6589743589743	7.0	4.0	0.0	4.0	780.0	656.0	0.0	124.0
43	10	2040.694871794872	810.6948717948718	9.0	4.0	7.0	4.0	780.0	124.0	56.0	600.0
44	2	2227.493150684932	181.5068493150685	4.0	4.0	0.0	0.0	73.0	72.0	0.0	0.0
44	8	769.5112781954887	657.5112781954887	4.0	4.0	0.0	1.0	266.0	260.0	0.0	6.0
44	15	383.5	1078.5	4.0	0.0	4.0	0.0	180.0	0.0	180.0	0.0
44	23	328.5188679245283	1678.5188679245282	4.0	1.0	1.0	4.0	318.0	9.0	3.0	304.0
44	33	443.5117056856187	2027.5117056856188	4.0	4.0	0.0	1.0	299.0	292.0	0.0	7.0
45	2	2227.493150684932	181.5068493150685	4.0	4.0	0.0	0.0	73.0	72.0	0.0	0.0
45	8	769.5112781954887	657.5112781954887	4.0	4.0	0.0	1.0	266.0	260.0	0.0	6.0
45	15	383.5	1078.5	4.0	0.0	4.0	0.0	180.0	0.0	180.0	0.0
45	23	328.5188679245283	1678.5188679245282	4.0	1.0	1.0	4.0	318.0	9.0	3.0	304.0
45	33	443.5117056856187	2027.5117056856188	4.0	4.0	0.0	1.0	299.0	292.0	0.0	7.0
46	28	2424.5870786516853	1828.5870786516853	6.0	3.0	1.0	4.0	356.0	33.0	3.0	316.0
46	31	1086.7097729516288	1950.7097729516288	9.0	4.0	7.0	4.0	1013.0	172.0	81.0	760.0
47	17	167.515625	1263.515625	4.0	4.0	0.0	1.0	384.0	372.0	0.0	12.0
47	31	166.5	1895.5	4.0	0.0	4.0	0.0	148.0	0.0	148.0	0.0
48	36	1171.514986376022	1585.514986376022	4.0	4.0	0.0	1.0	367.0	356.0	0.0	11.0
49	36	1171.514986376022	1585.514986376022	4.0	4.0	0.0	1.0	367.0	356.0	0.0	11.0
50	3	2129.508896797153	255.50889679715303	4.0	4.0	0.0	2.0	281.0	272.0	0.0	9.0
50	20	938.5095541401274	974.2006369426751	6.0	1.0	4.0	4.0	314.0	4.0	97.0	212.0
50	33	1257.5149700598802	1637.5149700598802	4.0	4.0	0.0	1.0	334.0	324.0	0.0	10.0
51	14	959.5178997613364	941.5178997613364	4.0	4.0	0.0	1.0	419.0	404.0	0.0	15.0
51	15	2127.521815008726	945.521815008726	4.0	4.0	0.0	1.0	573.0	548.0	0.0	25.0
51	29	1398.691011235955	1774.691011235955	9.0	4.0	7.0	4.0	712.0	112.0	48.0	552.0
51	31	1245.5080213903743	1887.5080213903743	4.0	4.0	0.0	1.0	187.0	184.0	0.0	3.0
51	32	2060.5	1891.5	4.0	0.0	4.0	0.0	236.0	0.0	236.0	0.0
52	1	0.0	33.0	1.0	1.0	1.0	0.0	10.0	6.0	4.0	0.0
52	13	1906.5	593.438596491228	4.0	0.0	4.0	2.0	114.0	0.0	100.0	14.0
52	16	632.5	657.5	4.0	0.0	4.0	0.0	324.0	0.0	324.0	0.0
53	1	0.0	33.0	1.0	1.0	1.0	0.0	10.0	6.0	4.0	0.0
53	13	1906.5	593.438596491228	4.0	0.0	4.0	2.0	114.0	0.0	100.0	14.0
53	16	632.5	657.5	4.0	0.0	4.0	0.0	324.0	0.0	324.0	0.0
54	35	476.51173708920186	1866.511737089202	4.0	1.0	0.0	4.0	213.0	4.0	0.0	208.0
55	14	339.5121951219512	741.4982578397213	4.0	4.0	2.0	1.0	287.0	272.0	8.0	7.0
55	18	1726.5	913.4935064935064	4.0	0.0	4.0	2.0	308.0	0.0	304.0	4.0
55	22	1042.520134228188	1316.520134228188	4.0	1.0	1.0	4.0	298.0	9.0	3.0	284.0
55	27	42.47619047619048	1585.5	4.0	2.0	4.0	0.0	126.0	6.0	120.0	0.0
56	17	829.7528301886792	1153.5283018867924	6.0	4.0	4.0	2.0	530.0	396.0	104.0	30.0
56	18	665.508875739645	1171.5207100591715	4.0	4.0	0.0	2.0	338.0	324.0	0.0	14.0
56	33	1929.503355704698	1843.503355704698	4.0	4.0	0.0	0.0	149.0	148.0	0.0	0.0
56	34	1394.6490486257928	1858.6490486257928	7.0	4.0	5.0	4.0	473.0	64.0	13.0	396.0
57	17	829.7528301886792	1153.5283018867924	6.0	4.0	4.0	2.0	530.0	396.0	104.0	30.0
57	18	665.508875739645	1171.5207100591715	4.0	4.0	0.0	2.0	338.0	324.0	0.0	14.0
57	33	1929.503355704698	1843.503355704698	4.0	4.0	0.0	0.0	149.0	148.0	0.0	0.0
57	34	1394.6490486257928	1858.6490486257928	7.0	4.0	5.0	4.0	473.0	64.0	13.0	396.0
58	13	1475.0	1077.0	1.0	0.0	0.0	1.0	31.0	0.0	0.0	30.0
58	18	2200.680981595092	1494.6779141104294	7.0	4.0	5.0	5.0	652.0	100.0	30.0	522.0
58	26	369.5	1750.5	4.0	0.0	4.0	0.0	276.0	0.0	276.0	0.0
59	17	1780.0	1170.0	1.0	0.0	1.0	1.0	10.0	0.0	6.0	4.0
59	19	2101.503759398496	1215.5037593984962	4.0	4.0	0.0	0.0	133.0	132.0	0.0	0.0
59	25	259.5	1636.5507246376812	4.0	2.0	4.0	0.0	138.0	14.0	124.0	0.0
60	10	1194.5159010600707	554.5159010600706	4.0	1.0	1.0	4.0	283.0	7.0	2.0	272.0
60	18	2159.3925619834718	1056.504132231405	4.0	0.0	4.0	2.0	242.0	0.0	188.0	52.0
60	19	1082.6224226804125	1097.485824742268	12.0	7.0	7.0	8.0	776.0	90.0	18.0	664.0
60	34	2057.5219123505976	1813.5179282868528	4.0	4.0	0.0	2.0	502.0	480.0	0.0	22.0
61	10	1194.5159010600707	554.5159010600706	4.0	1.0	1.0	4.0	283.0	7.0	2.0	272.0
61	18	2159.3925619834718	1056.504132231405	4.0	0.0	4.0	2.0	242.0	0.0	188.0	52.0
61	19	1082.6224226804125	1097.485824742268	12.0	7.0	7.0	8.0	776.0	90.0	18.0	664.0
61	34	2057.5219123505976	1813.5179282868528	4.0	4.0	0.0	2.0	502.0	480.0	0.0	22.0
62	13	652.5117370892019	858.5117370892019	4.0	1.0	0.0	4.0	213.0	4.0	0.0	208.0
62	20	663.5102739726027	1159.2431506849316	6.0	6.0	4.0	3.0	584.0	440.0	124.0	20.0
62	23	1531.512987012987	1215.512987012987	4.0	4.0	0.0	1.0	308.0	300.0	0.0	8.0
62	29	2129.5204855842185	1693.5235204855842	4.0	4.0	0.0	2.0	659.0	628.0	0.0	31.0
62	32	256.5022624434389	1776.0678733031675	6.0	0.0	4.0	4.0	221.0	0.0	96.0	124.0
62	34	706.6584362139918	1798.6584362139918	7.0	4.0	5.0	4.0	486.0	68.0	18.0	400.0
62	35	2302.5	1801.4728682170544	4.0	0.0	4.0	2.0	258.0	0.0	244.0	14.0
62	36	2371.5075376884424	1879.5075376884424	4.0	4.0	0.0	1.0	199.0	196.0	0.0	3.0
62	42	156.66134185303514	2040.6134185303515	9.0	4.0	8.0	5.0	626.0	88.0	56.0	482.0
63	8	446.5	255.5	4.0	0.0	4.0	0.0	292.0	0.0	292.0	0.0
63	25	2086.669658886894	1260.673249551167	7.0	4.0	5.0	5.0	557.0	84.0	19.0	454.0
63	27	1829.5072463768115	1431.5072463768115	4.0	4.0	0.0	1.0	207.0	204.0	0.0	3.0
63	29	2122.5087719298244	1510.508771929825	4.0	1.0	0.0	4.0	171.0	3.0	0.0	168.0
63	30	2213.512195121951	1513.5121951219512	4.0	4.0	0.0	1.0	287.0	280.0	0.0	7.0
64	2	1954.6685714285716	56.6647619047619	7.0	4.0	5.0	5.0	525.0	76.0	19.0	430.0
64	20	133.50344827586207	1059.503448275862	4.0	4.0	0.0	0.0	145.0	144.0	0.0	0.0
64	32	635.5118644067796	1607.5118644067798	4.0	4.0	0.0	1.0	295.0	288.0	0.0	7.0
65	2	1954.6685714285716	56.6647619047619	7.0	4.0	5.0	5.0	525.0	76.0	19.0	430.0
65	20	133.50344827586207	1059.503448275862	4.0	4.0	0.0	0.0	145.0	144.0	0.0	0.0
65	32	635.5118644067796	1607.5118644067798	4.0	4.0	0.0	1.0	295.0	288.0	0.0	7.0
66	5	641.5111111111111	187.51111111111112	4.0	4.0	0.0	1.0	270.0	264.0	0.0	6.0
66	6	2360.5	339.51485148514854	4.0	0.0	4.0	2.0	202.0	0.0	196.0	6.0
66	10	1501.353535353535	479.5151515151515	6.0	4.0	4.0	1.0	495.0	400.0	80.0	15.0
66	11	1985.5032679738565	506.9934640522876	6.0	4.0	4.0	1.0	306.0	148.0	156.0	2.0
66	21	1533.514534883721	1059.5116279069769	4.0	4.0	0.0	1.0	344.0	332.0	0.0	10.0
66	26	2007.5	1322.5405405405406	4.0	2.0	4.0	0.0	74.0	6.0	68.0	0.0
66	29	20.50802139037433	1384.5080213903743	4.0	1.0	0.0	4.0	187.0	3.0	0.0	184.0
66	40	618.5098814229249	1860.3517786561265	6.0	1.0	4.0	4.0	253.0	4.0	40.0	208.0
67	18	466.6690140845071	1778.6690140845071	7.0	4.0	5.0	4.0	568.0	84.0	24.0	460.0
68	3	1901.6608040201008	367.6608040201005	7.0	4.0	0.0	4.0	796.0	668.0	0.0	128.0
68	11	1697.5	780.5	4.0	0.0	4.0	0.0	368.0	0.0	368.0	0.0
69	3	1901.6608040201008	367.6608040201005	7.0	4.0	0.0	4.0	796.0	668.0	0.0	128.0
69	11	1697.5	780.5	4.0	0.0	4.0	0.0	368.0	0.0	368.0	0.0
70	14	420.5	939.5	4.0	0.0	4.0	0.0	148.0	0.0	148.0	0.0
70	21	2174.5087719298244	1384.508771929825	4.0	1.0	0.0	4.0	171.0	3.0	0.0	168.0
70	24	1168.5	1545.5	4.0	0.0	4.0	0.0	324.0	0.0	324.0	0.0
70	32	811.5222929936306	1995.5222929936303	4.0	4.0	0.0	1.0	628.0	600.0	0.0	28.0
71	8	1380.6309523809523	464.4419642857143	9.0	4.0	8.0	4.0	672.0	80.0	152.0	440.0
71	10	1974.5168539325844	510.5168539325843	4.0	1.0	1.0	4.0	267.0	7.0	2.0	256.0
71	12	832.6835820895523	816.6835820895523	7.0	4.0	5.0	4.0	670.0	108.0	30.0	532.0
71	20	2155.4954128440368	1468.5045871559632	4.0	0.0	4.0	0.0	109.0	0.0	109.0	0.0
71	29	1186.7100093545369	1882.7100093545369	9.0	4.0	7.0	4.0	1069.0	180.0	89.0	800.0
72	21	691.5098814229249	1391.509881422925	4.0	4.0	0.0	1.0	253.0	248.0	0.0	5.0
72	24	1059.5	1469.529411764706	4.0	4.0	2.0	0.0	102.0	96.0	6.0	0.0
72	29	1259.5218093699516	1767.5218093699516	4.0	4.0	0.0	1.0	619.0	592.0	0.0	27.0
72	32	1950.509202453988	1904.509202453988	4.0	1.0	0.0	4.0	163.0	3.0	0.0	160.0
73	21	691.5098814229249	1391.509881422925	4.0	4.0	0.0	1.0	253.0	248.0	0.0	5.0
73	24	1059.5	1469.529411764706	4.0	4.0	2.0	0.0	102.0	96.0	6.0	0.0
73	29	1259.5218093699516	1767.5218093699516	4.0	4.0	0.0	1.0	619.0	592.0	0.0	27.0
73	32	1950.509202453988	1904.509202453988	4.0	1.0	0.0	4.0	163.0	3.0	0.0	160.0
74	3	1408.662239089184	480.6622390891841	7.0	4.0	5.0	4.0	527.0	76.0	19.0	432.0
74	4	881.5	664.5	4.0	0.0	4.0	0.0	328.0	0.0	328.0	0.0
74	9	871.5203094777563	825.5203094777563	4.0	4.0	0.0	1.0	517.0	496.0	0.0	21.0
74	14	750.8461538461538	1166.508547008547	11.0	8.0	7.0	8.0	1170.0	356.0	80.0	734.0
74	15	1723.5208711433756	1181.5208711433756	4.0	4.0	0.0	1.0	551.0	528.0	0.0	23.0
74	17	503.5	1237.496551724138	4.0	4.0	0.0	0.0	290.0	288.0	0.0	0.0
74	27	1837.513513513513	1717.5189189189189	4.0	4.0	0.0	2.0	370.0	356.0	0.0	14.0
74	28	223.3905996758509	1823.455429497569	8.0	4.0	4.0	1.0	617.0	552.0	40.0	25.0
75	11	1418.509234828496	618.1398416886543	6.0	1.0	4.0	4.0	379.0	6.0	140.0	232.0
75	23	125.26690712353472	1331.2669071235348	10.0	4.0	5.0	8.0	1109.0	596.0	13.0	500.0
75	31	1211.0916030534352	1736.5954198473282	5.0	0.0	5.0	3.0	131.0	0.0	74.0	57.0
76	17	1430.689944134078	746.6899441340782	9.0	4.0	7.0	4.0	716.0	112.0	48.0	556.0
76	27	2171.5150684931505	1239.512328767123	4.0	4.0	0.0	1.0	365.0	352.0	0.0	11.0
76	34	1004.5	1525.6296296296296	4.0	0.0	4.0	2.0	162.0	0.0	120.0	42.0
76	37	957.5034013605442	1815.496598639456	4.0	4.0	0.0	0.0	147.0	144.0	0.0	0.0
77	20	2119.52	1021.52	4.0	4.0	0.0	1.0	475.0	456.0	0.0	19.0
77	31	5.519507186858316	1925.5195071868584	4.0	4.0	0.0	1.0	487.0	468.0	0.0	19.0
78	20	2119.52	1021.52	4.0	4.0	0.0	1.0	475.0	456.0	0.0	19.0
78	31	5.519507186858316	1925.5195071868584	4.0	4.0	0.0	1.0	487.0	468.0	0.0	19.0
79	25	540.6833855799373	1456.6833855799373	7.0	4.0	5.0	4.0	638.0	100.0	32.0	504.0
79	29	909.5080213903744	1617.5080213903743	4.0	4.0	0.0	1.0	187.0	184.0	0.0	3.0
80	25	1780.7113783533764	1390.7113783533764	9.0	4.0	7.0	4.0	1081.0	184.0	89.0	808.0
80	29	6.586452762923352	1708.2816399286987	9.0	6.0	5.0	4.0	561.0	54.0	172.0	332.0
80	30	2079.5	1708.6470588235295	4.0	2.0	4.0	0.0	34.0	10.0	24.0	0.0
80	35	1325.5075376884422	1799.5075376884422	4.0	4.0	0.0	1.0	199.0	196.0	0.0	3.0
81	3	1551.503355704698	145.50335570469798	4.0	4.0	0.0	0.0	149.0	148.0	0.0	0.0
81	15	612.6945701357466	942.658371040724	11.0	4.0	10.0	4.0	884.0	140.0	96.0	648.0
81	18	1740.5037593984962	1048.0977443609022	6.0	1.0	4.0	4.0	266.0	2.0	108.0	156.0
81	20	852.7083333333334	1166.7083333333333	9.0	4.0	7.0	4.0	1056.0	176.0	88.0	792.0
81	26	1557.509881422925	1515.509881422925	4.0	4.0	0.0	1.0	253.0	248.0	0.0	5.0
81	27	2355.5086372360843	1631.341650671785	6.0	4.0	4.0	2.0	521.0	408.0	93.0	19.0
81	31	613.5062111801242	1787.1024844720496	6.0	4.0	4.0	2.0	644.0	364.0	264.0	16.0
81	32	379.5	1863.4897959183672	4.0	4.0	0.0	0.0	98.0	96.0	0.0	0.0
82	3	1551.503355704698	145.50335570469798	4.0	4.0	0.0	0.0	149.0	148.0	0.0	0.0
82	15	612.6945701357466	942.658371040724	11.0	4.0	10.0	4.0	884.0	140.0	96.0	648.0
82	18	1740.5037593984962	1048.0977443609022	6.0	1.0	4.0	4.0	266.0	2.0	108.0	156.0
82	20	852.7083333333334	1166.7083333333333	9.0	4.0	7.0	4.0	1056.0	176.0	88.0	792.0
82	26	1557.509881422925	1515.509881422925	4.0	4.0	0.0	1.0	253.0	248.0	0.0	5.0
82	27	2355.5086372360843	1631.341650671785	6.0	4.0	4.0	2.0	521.0	408.0	93.0	19.0
82	31	613.5062111801242	1787.1024844720496	6.0	4.0	4.0	2.0	644.0	364.0	264.0	16.0
82	32	379.5	1863.4897959183672	4.0	4.0	0.0	0.0	98.0	96.0	0.0	0.0
83	18	945.5125448028674	1001.5125448028674	4.0	4.0	0.0	1.0	279.0	272.0	0.0	7.0
83	32	332.6561085972851	1558.656108597285	7.0	4.0	5.0	5.0	442.0	60.0	12.0	370.0
83	36	1432.508771929825	1780.508771929825	4.0	1.0	0.0	4.0	171.0	3.0	0.0	168.0
83	37	1012.5	1827.5828220858896	4.0	0.0	4.0	2.0	326.0	0.0	272.0	54.0
83	40	52.51219512195122	1964.5121951219512	4.0	1.0	0.0	4.0	205.0	4.0	0.0	200.0
83	44	2160.5	1989.5	4.0	0.0	4.0	0.0	172.0	0.0	172.0	0.0
84	20	724.6963613550815	1152.6963613550815	9.0	4.0	7.0	4.0	797.0	128.0	57.0	612.0
84	21	1316.5	1203.5	4.0	0.0	4.0	0.0	148.0	0.0	148.0	0.0
84	23	621.5	1294.5	4.0	0.0	4.0	0.0	276.0	0.0	276.0	0.0
84	31	164.5	1755.5729166666667	4.0	0.0	4.0	2.0	192.0	0.0	164.0	28.0
85	22	1137.5153203342618	1331.5153203342618	4.0	4.0	0.0	1.0	359.0	348.0	0.0	11.0
86	22	1137.5153203342618	1331.5153203342618	4.0	4.0	0.0	1.0	359.0	348.0	0.0	11.0
87	22	1121.5	1208.7790697674418	6.0	4.0	4.0	0.0	172.0	48.0	124.0	0.0
87	23	1348.690082644628	1258.6157024793388	11.0	4.0	10.0	4.0	968.0	148.0	144.0	676.0
87	36	695.657926102503	1911.6615017878428	7.0	4.0	2.0	4.0	839.0	696.0	6.0	136.0
87	43	583.5177304964539	2023.5177304964536	4.0	4.0	0.0	1.0	423.0	408.0	0.0	15.0
88	17	364.508	984.516	4.0	1.0	1.0	4.0	250.0	6.0	2.0	240.0
88	19	54.68235294117647	1036.6779411764703	7.0	4.0	6.0	4.0	680.0	108.0	36.0	536.0
88	22	1482.5019607843135	1265.8039215686274	6.0	1.0	4.0	4.0	510.0	2.0	356.0	152.0
88	26	3.507537688442211	1423.5075376884422	4.0	4.0	0.0	1.0	199.0	196.0	0.0	3.0
89	6	464.5	373.5	4.0	0.0	4.0	0.0	296.0	0.0	296.0	0.0
89	26	1768.710727969349	1424.710727969349	9.0	4.0	7.0	4.0	1044.0	176.0	88.0	780.0
89	31	1297.5127272727273	1595.5127272727273	4.0	4.0	0.0	1.0	275.0	268.0	0.0	7.0
89	48	478.7048997772828	1976.703786191537	9.0	4.0	7.0	4.0	898.0	148.0	73.0	676.0
89	51	2163.5	2042.4777777777776	4.0	2.0	4.0	0.0	180.0	8.0	172.0	0.0
90	6	464.5	373.5	4.0	0.0	4.0	0.0	296.0	0.0	296.0	0.0
90	26	1768.710727969349	1424.710727969349	9.0	4.0	7.0	4.0	1044.0	176.0	88.0	780.0
90	31	1297.5127272727273	1595.5127272727273	4.0	4.0	0.0	1.0	275.0	268.0	0.0	7.0
90	48	478.7048997772828	1976.703786191537	9.0	4.0	7.0	4.0	898.0	148.0	73.0	676.0
90	51	2163.5	2042.4777777777776	4.0	2.0	4.0	0.0	180.0	8.0	172.0	0.0
91	6	1713.516339869281	639.5163398692811	4.0	4.0	0.0	2.0	459.0	440.0	0.0	19.0
91	7	1793.504132231405	733.5041322314049	4.0	4.0	0.0	0.0	121.0	120.0	0.0	0.0
91	10	392.6690140845071	980.669014084507	7.0	4.0	5.0	4.0	568.0	84.0	24.0	460.0
91	19	277.5	1471.8333333333333	6.0	4.0	4.0	0.0	180.0	120.0	60.0	0.0
91	25	1290.6469321851453	1835.0678148546824	11.0	5.0	7.0	8.0	929.0	115.0	49.0	764.0
91	28	2426.585164835165	1978.5851648351647	6.0	3.0	1.0	4.0	364.0	33.0	3.0	324.0
92	7	25.5	684.4736842105264	4.0	2.0	4.0	0.0	114.0	6.0	108.0	0.0
92	17	431.51272727272726	1069.5127272727273	4.0	4.0	0.0	1.0	275.0	268.0	0.0	7.0
92	32	166.58357771260998	1798.58357771261	6.0	3.0	1.0	4.0	341.0	30.0	3.0	304.0
93	15	958.5736040609136	1272.469543147208	8.0	3.0	5.0	4.0	394.0	30.0	45.0	316.0
93	16	946.5196078431372	1344.5196078431372	4.0	1.0	1.0	4.0	306.0	9.0	3.0	292.0
93	24	2284.5	1791.0	2.0	0.0	2.0	2.0	34.0	0.0	8.0	26.0
94	15	958.5736040609136	1272.469543147208	8.0	3.0	5.0	4.0	394.0	30.0	45.0	316.0
94	16	946.5196078431372	1344.5196078431372	4.0	1.0	1.0	4.0	306.0	9.0	3.0	292.0
94	24	2284.5	1791.0	2.0	0.0	2.0	2.0	34.0	0.0	8.0	26.0
95	9	1102.6990521327014	746.6990521327015	9.0	4.0	7.0	4.0	844.0	136.0	64.0	644.0
