#frame	event	cm_x	cm_y	size	size_r	size_g	size_b	sum	sum_r	sum_g	sum_b
0	12	2146.5821727019497	636.5877437325905	6.0	3.0	2.0	4.0	359.0	33.0	6.0	316.0
1	12	2146.5821727019497	636.5877437325905	6.0	3.0	2.0	4.0	359.0	33.0	6.0	316.0
2	13	2092.673765730881	928.3339787028074	13.0	7.0	7.0	8.0	1033.0	149.0	64.0	820.0
2	27	1844.0258064516129	1732.0258064516129	7.0	5.0	0.0	4.0	310.0	150.0	0.0	160.0
3	15	1666.6974169741698	934.6974169741698	9.0	4.0	7.0	4.0	813.0	132.0	57.0	624.0
3	18	2410.6647564469918	1090.5845272206304	9.0	4.0	8.0	4.0	698.0	100.0	86.0	512.0
3	26	1138.6462264150944	1708.6462264150944	7.0	4.0	5.0	4.0	424.0	56.0	12.0	356.0
3	28	849.6625615763547	1783.6625615763546	7.0	4.0	0.0	4.0	812.0	680.0	0.0	132.0
4	16	651.52	733.52	4.0	4.0	0.0	1.0	500.0	480.0	0.0	20.0
4	43	514.6677966101695	1706.6694915254238	7.0	4.0	5.0	4.0	590.0	88.0	25.0	476.0
4	46	1985.5170603674544	1867.5170603674544	4.0	4.0	0.0	1.0	381.0	368.0	0.0	13.0
4	50	1346.5074626865671	2000.5074626865671	4.0	1.0	0.0	4.0	134.0	2.0	0.0	132.0
5	16	651.52	733.52	4.0	4.0	0.0	1.0	500.0	480.0	0.0	20.0
5	43	514.6677966101695	1706.6694915254238	7.0	4.0	5.0	4.0	590.0	88.0	25.0	476.0
5	46	1985.5170603674544	1867.5170603674544	4.0	4.0	0.0	1.0	381.0	368.0	0.0	13.0
5	50	1346.5074626865671	2000.5074626865671	4.0	1.0	0.0	4.0	134.0	2.0	0.0	132.0
6	16	48.664739884393065	1034.6647398843932	7.0	4.0	5.0	4.0	519.0	76.0	19.0	424.0
6	20	1822.6888141295208	1220.5862068965516	11.0	4.0	10.0	6.0	1189.0	180.0	205.0	804.0
6	27	2086.8866279069766	1670.1424418604652	7.0	5.0	3.0	4.0	344.0	128.0	7.0	208.0
7	10	2199.520309477756	673.5203094777563	4.0	4.0	0.0	1.0	517.0	496.0	0.0	21.0
10	10	1069.5044025157233	647.1635220125786	6.0	4.0	4.0	3.0	795.0	496.0	264.0	35.0
10	36	1798.5092024539877	1844.509202453988	4.0	1.0	0.0	4.0	163.0	3.0	0.0	160.0
11	10	611.5311572700297	637.4955489614243	4.0	4.0	0.0	2.0	337.0	316.0	0.0	21.0
11	31	1500.5017064846415	1872.7337883959044	6.0	0.0	4.0	4.0	293.0	0.0	69.0	224.0
11	33	1208.661354581673	1978.661354581673	7.0	4.0	5.0	4.0	502.0	72.0	18.0	412.0
12	29	24.68994413407821	1686.689944134078	9.0	4.0	7.0	4.0	716.0	112.0	48.0	556.0
12	36	1533.5170603674542	1861.5170603674544	4.0	4.0	0.0	1.0	381.0	368.0	0.0	13.0
13	29	24.68994413407821	1686.689944134078	9.0	4.0	7.0	4.0	716.0	112.0	48.0	556.0
13	36	1533.5170603674542	1861.5170603674544	4.0	4.0	0.0	1.0	381.0	368.0	0.0	13.0
14	21	1932.707614213198	868.707614213198	9.0	4.0	7.0	4.0	985.0	164.0	81.0	740.0
14	31	2240.5855855855857	1516.5855855855857	6.0	3.0	1.0	4.0	333.0	30.0	3.0	296.0
14	32	2064.679758308157	1574.679758308157	7.0	4.0	5.0	4.0	662.0	104.0	30.0	528.0
14	36	176.626213592233	1706.5655339805826	9.0	4.0	5.0	4.0	412.0	48.0	29.0	332.0
14	37	1104.508982035928	1710.508982035928	4.0	1.0	0.0	4.0	167.0	3.0	0.0	164.0
15	23	716.7116788321168	1302.7116788321168	9.0	4.0	7.0	4.0	1096.0	184.0	96.0	816.0
16	24	2047.520153550864	1247.5201535508638	4.0	4.0	0.0	1.0	521.0	500.0	0.0	21.0
16	34	10.5	1647.7166666666667	4.0	0.0	4.0	2.0	120.0	0.0	68.0	52.0
17	24	2047.520153550864	1247.5201535508638	4.0	4.0	0.0	1.0	521.0	500.0	0.0	21.0
17	34	10.5	1647.7166666666667	4.0	0.0	4.0	2.0	120.0	0.0	68.0	52.0
18	6	1646.9603174603174	210.5079365079365	6.0	2.0	4.0	4.0	252.0	4.0	112.0	136.0
18	23	2038.7146507666096	1334.717206132879	9.0	4.0	7.0	4.0	1174.0	200.0	104.0	868.0
19	8	311.52016129032256	601.5201612903226	4.0	4.0	0.0	1.0	496.0	476.0	0.0	20.0
19	22	2159.521064301552	1683.5166297117516	4.0	4.0	0.0	2.0	451.0	432.0	0.0	19.0
19	34	954.7063572149344	2026.709384460141	9.0	4.0	7.0	4.0	991.0	164.0	81.0	744.0
20	11	530.0	237.0	1.0	1.0	0.0	1.0	20.0	7.0	0.0	13.0
20	18	1578.519877675841	860.4434250764526	6.0	1.0	5.0	4.0	327.0	9.0	29.0	288.0
20	20	424.7158469945355	1170.7158469945357	9.0	4.0	7.0	4.0	1281.0	220.0	113.0	948.0
21	11	530.0	237.0	1.0	1.0	0.0	1.0	20.0	7.0	0.0	13.0
21	18	1578.519877675841	860.4434250764526	6.0	1.0	5.0	4.0	327.0	9.0	29.0	288.0
21	20	424.7158469945355	1170.7158469945357	9.0	4.0	7.0	4.0	1281.0	220.0	113.0	948.0
22	20	2046.584699453552	1144.5819672131147	6.0	3.0	2.0	4.0	366.0	33.0	5.0	324.0
22	35	1461.1842105263158	1841.798245614035	9.0	5.0	4.0	5.0	570.0	351.0	24.0	195.0
23	20	1780.58357771261	1212.58357771261	6.0	3.0	1.0	4.0	341.0	30.0	3.0	304.0
23	25	2230.662650602409	1402.6626506024097	7.0	4.0	5.0	4.0	498.0	72.0	18.0	408.0
23	39	630.7009345794393	1862.7009345794395	9.0	4.0	7.0	4.0	856.0	140.0	64.0	652.0
23	41	1312.6626506024097	1962.6626506024097	7.0	4.0	5.0	4.0	498.0	72.0	18.0	408.0
24	21	2118.5128205128203	1052.5128205128206	4.0	1.0	0.0	4.0	234.0	5.0	0.0	228.0
25	21	2118.5128205128203	1052.5128205128206	4.0	1.0	0.0	4.0	234.0	5.0	0.0	228.0
26	18	1574.659090909091	1190.6570247933885	7.0	4.0	5.0	4.0	484.0	68.0	19.0	396.0
26	19	854.6700680272108	1210.6700680272108	7.0	4.0	5.0	4.0	588.0	88.0	24.0	476.0
26	23	1905.520871143376	1369.5208711433756	4.0	4.0	0.0	1.0	551.0	528.0	0.0	23.0
27	20	1297.5198412698412	1185.5198412698412	4.0	4.0	0.0	1.0	504.0	484.0	0.0	20.0
30	5	2088.519867549669	246.51986754966887	4.0	1.0	1.0	4.0	302.0	9.0	3.0	288.0
30	35	252.63942307692307	1656.639423076923	7.0	4.0	5.0	4.0	416.0	52.0	12.0	352.0
30	40	1768.6526315789474	1978.4494736842105	11.0	4.0	10.0	4.0	950.0	120.0	242.0	588.0
31	23	1644.5	1790.0	2.0	0.0	2.0	2.0	50.0	0.0	10.0	40.0
32	11	1648.5092024539877	426.5092024539877	4.0	1.0	0.0	4.0	163.0	3.0	0.0	160.0
32	32	906.6796875	1616.5625	11.0	4.0	10.0	4.0	1024.0	148.0	192.0	684.0
33	11	1648.5092024539877	426.5092024539877	4.0	1.0	0.0	4.0	163.0	3.0	0.0	160.0
33	32	906.6796875	1616.5625	11.0	4.0	10.0	4.0	1024.0	148.0	192.0	684.0
34	15	970.5124378109452	820.5124378109452	4.0	1.0	0.0	4.0	201.0	4.0	0.0	196.0
34	18	1828.5	1099.5581395348838	4.0	0.0	4.0	2.0	172.0	0.0	152.0	20.0
35	23	1983.5206286836933	1491.5206286836935	4.0	4.0	0.0	1.0	509.0	488.0	0.0	21.0
35	33	1851.521815008726	1793.521815008726	4.0	4.0	0.0	1.0	573.0	548.0	0.0	25.0
35	41	806.5144032921811	1980.514403292181	4.0	1.0	0.0	4.0	243.0	6.0	0.0	236.0
38	22	192.67241379310343	1580.6724137931035	7.0	4.0	5.0	4.0	580.0	88.0	24.0	468.0
38	36	1333.6580976863754	1939.6606683804628	7.0	4.0	0.0	5.0	778.0	652.0	0.0	126.0
38	39	2418.669014084507	2008.6690140845071	7.0	4.0	5.0	4.0	568.0	84.0	24.0	460.0
39	15	22.585585585585587	760.5855855855856	6.0	3.0	1.0	4.0	333.0	30.0	3.0	296.0
39	17	1506.702643171806	968.702643171806	9.0	4.0	7.0	4.0	908.0	148.0	72.0	688.0
39	21	1620.5	1059.6181818181817	4.0	0.0	4.0	2.0	220.0	0.0	168.0	52.0
39	30	678.6813880126183	1388.6813880126183	7.0	4.0	5.0	4.0	634.0	100.0	30.0	504.0
39	31	1754.6733001658374	1536.6716417910447	7.0	4.0	5.0	4.0	603.0	92.0	26.0	484.0
40	26	1514.5597722960151	1480.225806451613	8.0	3.0	5.0	5.0	527.0	30.0	185.0	309.0
41	26	1514.5597722960151	1480.225806451613	8.0	3.0	5.0	5.0	527.0	30.0	185.0	309.0
42	23	870.58357771261	1144.58357771261	6.0	3.0	1.0	4.0	341.0	30.0	3.0	304.0
42	42	962.5128205128206	1894.5128205128208	4.0	1.0	0.0	4.0	234.0	5.0	0.0	228.0
42	44	1414.531746031746	2018.373015873016	7.0	2.0	5.0	5.0	378.0	18.0	76.0	282.0
43	10	2040.694871794872	810.6948717948718	9.0	4.0	7.0	4.0	780.0	124.0	56.0	600.0
44	23	328.5188679245283	1678.5188679245282	4.0	1.0	1.0	4.0	318.0	9.0	3.0	304.0
45	23	328.5188679245283	1678.5188679245282	4.0	1.0	1.0	4.0	318.0	9.0	3.0	304.0
46	28	2424.5870786516853	1828.5870786516853	6.0	3.0	1.0	4.0	356.0	33.0	3.0	316.0
46	31	1086.7097729516288	1950.7097729516288	9.0	4.0	7.0	4.0	1013.0	172.0	81.0	760.0
48	4	1195.2881720430107	76.12258064516129	8.0	1.0	5.0	4.0	465.0	8.0	183.0	272.0
48	30	824.5	1164.9736842105262	6.0	0.0	4.0	4.0	304.0	0.0	144.0	160.0
49	4	1195.2881720430107	76.12258064516129	8.0	1.0	5.0	4.0	465.0	8.0	183.0	272.0
49	30	824.5	1164.9736842105262	6.0	0.0	4.0	4.0	304.0	0.0	144.0	160.0
50	20	938.5095541401274	974.2006369426751	6.0	1.0	4.0	4.0	314.0	4.0	97.0	212.0
51	15	2127.521815008726	945.521815008726	4.0	4.0	0.0	1.0	573.0	548.0	0.0	25.0
51	29	1398.691011235955	1774.691011235955	9.0	4.0	7.0	4.0	712.0	112.0	48.0	552.0
54	33	1224.513043478261	1848.513043478261	4.0	1.0	0.0	4.0	230.0	5.0	0.0	224.0
54	35	476.51173708920186	1866.511737089202	4.0	1.0	0.0	4.0	213.0	4.0	0.0	208.0
56	34	1394.6490486257928	1858.6490486257928	7.0	4.0	5.0	4.0	473.0	64.0	13.0	396.0
57	34	1394.6490486257928	1858.6490486257928	7.0	4.0	5.0	4.0	473.0	64.0	13.0	396.0
58	18	2200.680981595092	1494.6779141104294	7.0	4.0	5.0	5.0	652.0	100.0	30.0	522.0
60	10	1194.5159010600707	554.5159010600706	4.0	1.0	1.0	4.0	283.0	7.0	2.0	272.0
60	18	2159.3925619834718	1056.504132231405	4.0	0.0	4.0	2.0	242.0	0.0	188.0	52.0
60	19	1082.6224226804125	1097.485824742268	12.0	7.0	7.0	8.0	776.0	90.0	18.0	664.0
61	10	1194.5159010600707	554.5159010600706	4.0	1.0	1.0	4.0	283.0	7.0	2.0	272.0
61	18	2159.3925619834718	1056.504132231405	4.0	0.0	4.0	2.0	242.0	0.0	188.0	52.0
61	19	1082.6224226804125	1097.485824742268	12.0	7.0	7.0	8.0	776.0	90.0	18.0	664.0
62	13	652.5117370892019	858.5117370892019	4.0	1.0	0.0	4.0	213.0	4.0	0.0	208.0
62	20	663.5102739726027	1159.2431506849316	6.0	6.0	4.0	3.0	584.0	440.0	124.0	20.0
62	29	2129.5204855842185	1693.5235204855842	4.0	4.0	0.0	2.0	659.0	628.0	0.0	31.0
62	42	156.66134185303514	2040.6134185303515	9.0	4.0	8.0	5.0	626.0	88.0	56.0	482.0
63	25	2086.669658886894	1260.673249551167	7.0	4.0	5.0	5.0	557.0	84.0	19.0	454.0
63	29	2122.5087719298244	1510.508771929825	4.0	1.0	0.0	4.0	171.0	3.0	0.0	168.0
64	2	1954.6685714285716	56.6647619047619	7.0	4.0	5.0	5.0	525.0	76.0	19.0	430.0
64	12	1770.5	786.0	2.0	0.0	2.0	2.0	46.0	0.0	6.0	40.0
65	2	1954.6685714285716	56.6647619047619	7.0	4.0	5.0	5.0	525.0	76.0	19.0	430.0
65	12	1770.5	786.0	2.0	0.0	2.0	2.0	46.0	0.0	6.0	40.0
66	40	618.5098814229249	1860.3517786561265	6.0	1.0	4.0	4.0	253.0	4.0	40.0	208.0
67	18	466.6690140845071	1778.6690140845071	7.0	4.0	5.0	4.0	568.0	84.0	24.0	460.0
70	21	2174.5087719298244	1384.508771929825	4.0	1.0	0.0	4.0	171.0	3.0	0.0	168.0
71	8	1380.6309523809523	464.4419642857143	9.0	4.0	8.0	4.0	672.0	80.0	152.0	440.0
71	10	1974.5168539325844	510.5168539325843	4.0	1.0	1.0	4.0	267.0	7.0	2.0	256.0
71	12	832.6835820895523	816.6835820895523	7.0	4.0	5.0	4.0	670.0	108.0	30.0	532.0
71	29	1186.7100093545369	1882.7100093545369	9.0	4.0	7.0	4.0	1069.0	180.0	89.0	800.0
72	32	1950.509202453988	1904.509202453988	4.0	1.0	0.0	4.0	163.0	3.0	0.0	160.0
73	32	1950.509202453988	1904.509202453988	4.0	1.0	0.0	4.0	163.0	3.0	0.0	160.0
74	3	1408.662239089184	480.6622390891841	7.0	4.0	5.0	4.0	527.0	76.0	19.0	432.0
74	9	871.5203094777563	825.5203094777563	4.0	4.0	0.0	1.0	517.0	496.0	0.0	21.0
74	14	750.8461538461538	1166.508547008547	11.0	8.0	7.0	8.0	1170.0	356.0	80.0	734.0
74	15	1723.5208711433756	1181.5208711433756	4.0	4.0	0.0	1.0	551.0	528.0	0.0	23.0
74	28	223.3905996758509	1823.455429497569	8.0	4.0	4.0	1.0	617.0	552.0	40.0	25.0
75	23	125.26690712353472	1331.2669071235348	10.0	4.0	5.0	8.0	1109.0	596.0	13.0	500.0
75	31	1211.0916030534352	1736.5954198473282	5.0	0.0	5.0	3.0	131.0	0.0	74.0	57.0
76	17	1430.689944134078	746.6899441340782	9.0	4.0	7.0	4.0	716.0	112.0	48.0	556.0
77	20	2119.52	1021.52	4.0	4.0	0.0	1.0	475.0	456.0	0.0	19.0
77	31	5.519507186858316	1925.5195071868584	4.0	4.0	0.0	1.0	487.0	468.0	0.0	19.0
78	20	2119.52	1021.52	4.0	4.0	0.0	1.0	475.0	456.0	0.0	19.0
78	31	5.519507186858316	1925.5195071868584	4.0	4.0	0.0	1.0	487.0	468.0	0.0	19.0
79	24	1590.5	1399.7272727272727	4.0	0.0	4.0	2.0	88.0	0.0	48.0	40.0
79	25	540.6833855799373	1456.6833855799373	7.0	4.0	5.0	4.0	638.0	100.0	32.0	504.0
80	20	518.645885286783	1302.6458852867831	7.0	4.0	1.0	5.0	401.0	52.0	3.0	342.0
80	25	1780.7113783533764	1390.7113783533764	9.0	4.0	7.0	4.0	1081.0	184.0	89.0	808.0
80	29	6.586452762923352	1708.2816399286987	9.0	6.0	5.0	4.0	561.0	54.0	172.0	332.0
81	15	612.6945701357466	942.658371040724	11.0	4.0	10.0	4.0	884.0	140.0	96.0	648.0
81	20	852.7083333333334	1166.7083333333333	9.0	4.0	7.0	4.0	1056.0	176.0	88.0	792.0
81	27	2355.5086372360843	1631.341650671785	6.0	4.0	4.0	2.0	521.0	408.0	93.0	19.0
82	15	612.6945701357466	942.658371040724	11.0	4.0	10.0	4.0	884.0	140.0	96.0	648.0
82	20	852.7083333333334	1166.7083333333333	9.0	4.0	7.0	4.0	1056.0	176.0	88.0	792.0
82	27	2355.5086372360843	1631.341650671785	6.0	4.0	4.0	2.0	521.0	408.0	93.0	19.0
83	30	650.6695652173913	1438.663768115942	7.0	4.0	1.0	5.0	345.0	52.0	3.0	286.0
83	32	332.6561085972851	1558.656108597285	7.0	4.0	5.0	5.0	442.0	60.0	12.0	370.0
83	36	1432.508771929825	1780.508771929825	4.0	1.0	0.0	4.0	171.0	3.0	0.0	168.0
84	20	724.6963613550815	1152.6963613550815	9.0	4.0	7.0	4.0	797.0	128.0	57.0	612.0
84	25	1056.513043478261	1512.513043478261	4.0	1.0	0.0	4.0	230.0	5.0	0.0	224.0
87	23	1348.690082644628	1258.6157024793388	11.0	4.0	10.0	4.0	968.0	148.0	144.0	676.0
87	36	695.657926102503	1911.6615017878428	7.0	4.0	2.0	4.0	839.0	696.0	6.0	136.0
88	19	54.68235294117647	1036.6779411764703	7.0	4.0	6.0	4.0	680.0	108.0	36.0	536.0
89	26	1768.710727969349	1424.710727969349	9.0	4.0	7.0	4.0	1044.0	176.0	88.0	780.0
89	48	478.7048997772828	1976.703786191537	9.0	4.0	7.0	4.0	898.0	148.0	73.0	676.0
90	26	1768.710727969349	1424.710727969349	9.0	4.0	7.0	4.0	1044.0	176.0	88.0	780.0
90	48	478.7048997772828	1976.703786191537	9.0	4.0	7.0	4.0	898.0	148.0	73.0	676.0
91	6	1713.516339869281	639.5163398692811	4.0	4.0	0.0	2.0	459.0	440.0	0.0	19.0
91	10	392.6690140845071	980.669014084507	7.0	4.0	5.0	4.0	568.0	84.0	24.0	460.0
91	25	1290.6469321851453	1835.0678148546824	11.0	5.0	7.0	8.0	929.0	115.0	49.0	764.0
91	28	2426.585164835165	1978.5851648351647	6.0	3.0	1.0	4.0	364.0	33.0	3.0	324.0
92	32	166.58357771260998	1798.58357771261	6.0	3.0	1.0	4.0	341.0	30.0	3.0	304.0
93	15	958.5736040609136	1272.469543147208	8.0	3.0	5.0	4.0	394.0	30.0	45.0	316.0
93	24	2284.5	1791.0	2.0	0.0	2.0	2.0	34.0	0.0	8.0	26.0
94	15	958.5736040609136	1272.469543147208	8.0	3.0	5.0	4.0	394.0	30.0	45.0	316.0
94	24	2284.5	1791.0	2.0	0.0	2.0	2.0	34.0	0.0	8.0	26.0
95	9	1102.6990521327014	746.6990521327015	9.0	4.0	7.0	4.0	844.0	136.0	64.0	644.0
