Value	Count
5.0	81
4.0	66
16.0	52
20.0	50
9.0	49
13.0	46
15.0	43
7.0	42
6.0	41
17.0	41
22.0	41
26.0	41
52.0	38
47.0	37
12.0	36
23.0	36
19.0	35
66.0	34
29.0	34
14.0	33
32.0	33
34.0	33
10.0	33
93.0	32
50.0	32
58.0	32
71.0	31
11.0	31
42.0	31
91.0	30
28.0	30
111.0	29
54.0	29
35.0	28
48.0	28
65.0	28
159.0	28
3.0	28
24.0	27
78.0	27
27.0	27
133.0	27
59.0	27
44.0	27
49.0	26
56.0	26
233.0	25
153.0	25
323.0	25
30.0	25
101.0	25
160.0	25
31.0	25
43.0	25
351.0	25
96.0	24
8.0	24
325.0	24
76.0	24
57.0	24
354.0	24
206.0	23
39.0	23
246.0	23
53.0	23
106.0	23
192.0	23
69.0	23
170.0	23
492.0	23
154.0	22
148.0	22
102.0	22
262.0	22
352.0	22
73.0	22
89.0	22
21.0	22
55.0	22
163.0	22
183.0	22
62.0	22
321.0	22
119.0	21
134.0	21
215.0	21
103.0	21
68.0	21
234.0	21
36.0	21
122.0	21
245.0	21
127.0	21
222.0	21
195.0	21
84.0	21
81.0	20
77.0	20
249.0	20
313.0	20
18.0	20
108.0	20
88.0	20
87.0	20
230.0	20
142.0	20
25.0	20
80.0	19
158.0	19
2.0	19
135.0	19
131.0	19
118.0	19
350.0	19
531.0	19
343.0	19
463.0	19
143.0	19
141.0	19
164.0	19
33.0	19
114.0	19
181.0	19
185.0	18
254.0	18
329.0	18
220.0	18
662.0	18
312.0	18
377.0	18
251.0	18
64.0	18
125.0	18
272.0	18
293.0	18
395.0	18
74.0	18
258.0	18
276.0	18
228.0	17
147.0	17
176.0	17
177.0	17
61.0	17
112.0	17
224.0	17
417.0	17
161.0	17
217.0	17
240.0	17
205.0	17
51.0	17
324.0	17
152.0	17
115.0	17
334.0	17
150.0	17
121.0	17
507.0	17
166.0	17
333.0	17
303.0	17
85.0	16
38.0	16
382.0	16
212.0	16
620.0	16
194.0	16
37.0	16
298.0	16
129.0	16
140.0	16
180.0	16
60.0	16
347.0	16
208.0	16
105.0	16
404.0	16
203.0	16
146.0	15
168.0	15
514.0	15
433.0	15
83.0	15
384.0	15
231.0	15
75.0	15
349.0	15
247.0	15
299.0	15
145.0	15
510.0	15
273.0	15
211.0	15
326.0	15
264.0	15
239.0	15
104.0	15
365.0	15
90.0	15
497.0	15
132.0	15
184.0	15
139.0	15
327.0	15
179.0	15
840.0	15
110.0	15
543.0	14
366.0	14
82.0	14
316.0	14
380.0	14
188.0	14
261.0	14
72.0	14
46.0	14
242.0	14
79.0	14
401.0	14
100.0	14
204.0	14
534.0	14
186.0	14
41.0	14
288.0	14
156.0	14
632.0	14
45.0	14
375.0	14
271.0	14
169.0	14
408.0	14
92.0	14
310.0	14
225.0	14
213.0	14
238.0	14
107.0	14
175.0	14
385.0	13
178.0	13
40.0	13
304.0	13
94.0	13
360.0	13
171.0	13
144.0	13
571.0	13
348.0	13
636.0	13
167.0	13
410.0	13
97.0	13
137.0	13
266.0	13
202.0	13
603.0	13
199.0	13
282.0	13
201.0	13
109.0	13
223.0	13
138.0	13
67.0	13
99.0	13
538.0	13
98.0	12
519.0	12
659.0	12
255.0	12
257.0	12
268.0	12
306.0	12
221.0	12
367.0	12
336.0	12
440.0	12
256.0	12
490.0	12
498.0	12
278.0	12
279.0	12
207.0	12
465.0	12
548.0	12
508.0	12
617.0	12
337.0	12
219.0	12
829.0	12
265.0	12
130.0	12
232.0	12
521.0	12
227.0	12
244.0	12
431.0	12
356.0	12
530.0	12
529.0	12
284.0	12
474.0	11
576.0	11
86.0	11
566.0	11
339.0	11
592.0	11
376.0	11
397.0	11
216.0	11
341.0	11
429.0	11
317.0	11
518.0	11
477.0	11
473.0	11
128.0	11
848.0	11
649.0	11
388.0	11
190.0	11
297.0	11
274.0	11
446.0	11
504.0	11
574.0	11
335.0	11
415.0	11
200.0	11
270.0	11
516.0	11
253.0	11
439.0	11
214.0	11
842.0	11
528.0	10
654.0	10
472.0	10
831.0	10
379.0	10
562.0	10
573.0	10
750.0	10
542.0	10
520.0	10
301.0	10
196.0	10
283.0	10
666.0	10
120.0	10
470.0	10
151.0	10
400.0	10
285.0	10
448.0	10
235.0	10
372.0	10
554.0	10
502.0	10
890.0	10
383.0	10
300.0	10
277.0	10
674.0	10
292.0	10
447.0	10
524.0	10
414.0	10
412.0	10
307.0	10
305.0	10
774.0	10
371.0	10
173.0	10
294.0	10
241.0	10
628.0	10
441.0	10
825.0	10
522.0	9
136.0	9
416.0	9
532.0	9
449.0	9
374.0	9
290.0	9
165.0	9
808.0	9
487.0	9
444.0	9
445.0	9
355.0	9
124.0	9
248.0	9
328.0	9
450.0	9
359.0	9
346.0	9
461.0	9
716.0	9
363.0	9
435.0	9
182.0	9
315.0	9
442.0	9
302.0	9
123.0	9
70.0	9
236.0	9
149.0	9
210.0	9
322.0	9
406.0	9
496.0	9
437.0	9
1261.0	9
459.0	9
113.0	9
362.0	9
318.0	9
478.0	9
320.0	8
330.0	8
260.0	8
671.0	8
267.0	8
500.0	8
95.0	8
551.0	8
396.0	8
898.0	8
499.0	8
742.0	8
563.0	8
635.0	8
646.0	8
611.0	8
885.0	8
187.0	8
237.0	8
600.0	8
295.0	8
503.0	8
191.0	8
462.0	8
697.0	8
155.0	8
589.0	8
281.0	8
546.0	8
669.0	8
545.0	8
605.0	8
457.0	8
824.0	8
629.0	8
340.0	8
467.0	8
198.0	8
432.0	8
381.0	8
685.0	8
607.0	8
370.0	8
390.0	8
280.0	8
314.0	8
259.0	7
419.0	7
765.0	7
676.0	7
695.0	7
275.0	7
436.0	7
672.0	7
252.0	7
454.0	7
269.0	7
193.0	7
737.0	7
593.0	7
567.0	7
981.0	7
864.0	7
403.0	7
799.0	7
648.0	7
309.0	7
743.0	7
587.0	7
876.0	7
174.0	7
688.0	7
172.0	7
586.0	7
595.0	7
455.0	7
338.0	7
888.0	7
830.0	7
761.0	7
673.0	7
561.0	7
63.0	7
926.0	7
744.0	7
296.0	7
711.0	7
897.0	7
541.0	7
399.0	7
289.0	7
511.0	7
430.0	7
423.0	7
867.0	7
427.0	7
229.0	7
1016.0	7
679.0	7
501.0	7
209.0	7
780.0	7
319.0	7
556.0	7
642.0	7
775.0	7
717.0	6
727.0	6
250.0	6
357.0	6
482.0	6
1278.0	6
852.0	6
585.0	6
939.0	6
1095.0	6
787.0	6
616.0	6
1035.0	6
157.0	6
614.0	6
369.0	6
940.0	6
1006.0	6
647.0	6
836.0	6
402.0	6
1178.0	6
422.0	6
458.0	6
425.0	6
732.0	6
1005.0	6
456.0	6
555.0	6
394.0	6
418.0	6
858.0	6
615.0	6
451.0	6
1148.0	6
731.0	6
475.0	6
438.0	6
604.0	6
776.0	6
373.0	6
243.0	6
509.0	6
332.0	6
652.0	6
517.0	6
608.0	6
682.0	6
263.0	6
331.0	6
612.0	6
660.0	6
719.0	6
353.0	6
794.0	6
1059.0	6
117.0	6
544.0	6
1266.0	6
515.0	6
781.0	6
393.0	6
368.0	6
559.0	6
116.0	6
869.0	5
723.0	5
751.0	5
791.0	5
655.0	5
754.0	5
675.0	5
712.0	5
553.0	5
1111.0	5
703.0	5
1631.0	5
925.0	5
389.0	5
1080.0	5
287.0	5
964.0	5
481.0	5
1152.0	5
960.0	5
479.0	5
1151.0	5
405.0	5
880.0	5
938.0	5
819.0	5
344.0	5
625.0	5
358.0	5
590.0	5
291.0	5
639.0	5
689.0	5
1213.0	5
1212.0	5
805.0	5
956.0	5
480.0	5
622.0	5
460.0	5
469.0	5
552.0	5
453.0	5
810.0	5
783.0	5
506.0	5
1127.0	5
928.0	5
969.0	5
753.0	5
901.0	5
740.0	5
687.0	5
407.0	5
643.0	5
865.0	5
818.0	5
550.0	5
866.0	5
1218.0	5
570.0	5
189.0	5
398.0	5
364.0	5
755.0	5
668.0	5
583.0	5
961.0	5
661.0	5
813.0	5
342.0	5
621.0	5
378.0	5
580.0	5
826.0	5
786.0	5
594.0	5
807.0	5
694.0	5
197.0	4
653.0	4
906.0	4
1085.0	4
839.0	4
792.0	4
1055.0	4
800.0	4
601.0	4
921.0	4
954.0	4
591.0	4
606.0	4
126.0	4
835.0	4
1139.0	4
434.0	4
638.0	4
572.0	4
729.0	4
994.0	4
424.0	4
630.0	4
468.0	4
535.0	4
733.0	4
618.0	4
568.0	4
537.0	4
428.0	4
771.0	4
1588.0	4
924.0	4
627.0	4
779.0	4
945.0	4
710.0	4
626.0	4
526.0	4
598.0	4
837.0	4
684.0	4
471.0	4
1083.0	4
1075.0	4
838.0	4
308.0	4
547.0	4
784.0	4
1110.0	4
724.0	4
748.0	4
495.0	4
950.0	4
645.0	4
540.0	4
558.0	4
709.0	4
525.0	4
579.0	4
597.0	4
785.0	4
527.0	4
1552.0	4
752.0	4
879.0	4
946.0	4
1099.0	4
610.0	4
917.0	4
513.0	4
493.0	4
588.0	4
811.0	4
226.0	4
919.0	4
1243.0	4
162.0	4
578.0	4
741.0	4
637.0	4
1047.0	3
971.0	3
766.0	3
756.0	3
1061.0	3
760.0	3
2071.0	3
1445.0	3
929.0	3
985.0	3
895.0	3
1761.0	3
640.0	3
1156.0	3
993.0	3
1048.0	3
1280.0	3
1542.0	3
1070.0	3
678.0	3
1191.0	3
899.0	3
958.0	3
1333.0	3
1292.0	3
734.0	3
997.0	3
1259.0	3
725.0	3
1222.0	3
670.0	3
904.0	3
1147.0	3
1060.0	3
489.0	3
1444.0	3
1195.0	3
768.0	3
1305.0	3
957.0	3
735.0	3
1338.0	3
989.0	3
1470.0	3
1041.0	3
2176.0	3
909.0	3
1251.0	3
1663.0	3
1185.0	3
951.0	3
484.0	3
391.0	3
1240.0	3
1721.0	3
1385.0	3
915.0	3
1320.0	3
1115.0	3
1050.0	3
1615.0	3
1406.0	3
581.0	3
762.0	3
847.0	3
631.0	3
846.0	3
1089.0	3
1627.0	3
575.0	3
1547.0	3
1774.0	3
773.0	3
577.0	3
833.0	3
726.0	3
1220.0	3
1126.0	3
1375.0	3
1137.0	3
749.0	3
452.0	3
841.0	3
1534.0	3
708.0	3
696.0	3
870.0	3
770.0	3
1193.0	3
930.0	3
863.0	3
1208.0	3
822.0	3
747.0	3
411.0	3
875.0	3
935.0	3
549.0	3
699.0	3
1097.0	3
1306.0	3
815.0	3
1245.0	3
1190.0	3
413.0	3
1647.0	3
641.0	3
1268.0	3
942.0	3
1121.0	3
681.0	3
889.0	3
486.0	3
619.0	3
1176.0	2
657.0	2
1283.0	2
714.0	2
979.0	2
1130.0	2
1303.0	2
698.0	2
801.0	2
980.0	2
596.0	2
949.0	2
656.0	2
491.0	2
1867.0	2
2543.0	2
1450.0	2
1604.0	2
464.0	2
609.0	2
868.0	2
1310.0	2
1087.0	2
988.0	2
999.0	2
1558.0	2
1013.0	2
758.0	2
2056.0	2
599.0	2
1452.0	2
2096.0	2
707.0	2
1460.0	2
650.0	2
644.0	2
1311.0	2
1154.0	2
1008.0	2
1775.0	2
1119.0	2
1180.0	2
1174.0	2
1593.0	2
2021.0	2
2139.0	2
700.0	2
1149.0	2
1506.0	2
1104.0	2
1082.0	2
2452.0	2
1142.0	2
1757.0	2
1931.0	2
872.0	2
974.0	2
1712.0	2
1084.0	2
1307.0	2
894.0	2
896.0	2
759.0	2
843.0	2
680.0	2
1851.0	2
975.0	2
1088.0	2
1370.0	2
1018.0	2
1914.0	2
882.0	2
623.0	2
361.0	2
633.0	2
910.0	2
665.0	2
1072.0	2
823.0	2
1905.0	2
1993.0	2
1122.0	2
1026.0	2
1135.0	2
1348.0	2
1696.0	2
539.0	2
1355.0	2
704.0	2
1384.0	2
1309.0	2
1296.0	2
730.0	2
1866.0	2
1200.0	2
920.0	2
887.0	2
613.0	2
976.0	2
512.0	2
494.0	2
918.0	2
970.0	2
1694.0	2
1423.0	2
1252.0	2
1357.0	2
1134.0	2
891.0	2
809.0	2
1036.0	2
720.0	2
1042.0	2
1339.0	2
1011.0	2
1033.0	2
1682.0	2
2054.0	2
426.0	2
2016.0	2
947.0	2
2179.0	2
1544.0	2
1144.0	2
569.0	2
2035.0	2
745.0	2
746.0	2
1546.0	2
1562.0	2
845.0	2
1071.0	2
392.0	2
1131.0	2
1004.0	2
421.0	2
1263.0	2
2028.0	2
505.0	2
1181.0	2
690.0	2
420.0	2
972.0	2
218.0	2
715.0	2
777.0	2
1342.0	2
1984.0	2
764.0	2
1229.0	2
1844.0	2
943.0	2
533.0	2
795.0	2
1747.0	2
1238.0	2
536.0	2
987.0	2
1466.0	2
1669.0	2
968.0	2
523.0	2
1316.0	2
948.0	2
1424.0	2
793.0	2
1159.0	2
996.0	2
1855.0	2
916.0	2
1579.0	2
914.0	2
789.0	2
908.0	2
488.0	2
903.0	2
772.0	2
854.0	2
992.0	2
706.0	2
936.0	2
1354.0	2
1170.0	2
1163.0	2
1530.0	2
832.0	2
1416.0	2
1336.0	2
1473.0	2
1052.0	2
931.0	2
1065.0	2
877.0	2
1069.0	2
1171.0	2
912.0	2
1224.0	2
1501.0	2
1066.0	2
881.0	2
965.0	2
763.0	2
739.0	2
1614.0	2
1109.0	2
738.0	2
1796.0	2
476.0	2
817.0	2
1652.0	2
557.0	2
658.0	2
2077.0	2
982.0	2
2415.0	2
1098.0	2
1290.0	2
1090.0	2
1067.0	2
1495.0	2
1057.0	2
466.0	2
1166.0	2
778.0	2
1044.0	2
1010.0	2
1132.0	2
1716.0	2
1076.0	2
286.0	2
790.0	2
485.0	2
1674.0	2
702.0	2
713.0	2
1001.0	2
1469.0	2
1092.0	2
1418.0	2
1043.0	2
1794.0	2
1250.0	2
1219.0	2
995.0	2
1395.0	2
1247.0	2
902.0	2
984.0	2
1270.0	2
798.0	2
1114.0	2
953.0	2
1227.0	2
1323.0	2
944.0	2
828.0	2
804.0	2
387.0	1
1340.0	1
1434.0	1
