Value	Count
10.0	59
6.0	52
7.0	48
31.0	48
20.0	46
15.0	45
4.0	44
5.0	43
16.0	42
21.0	38
12.0	37
37.0	37
25.0	36
14.0	36
8.0	34
158.0	33
52.0	33
19.0	32
129.0	32
72.0	32
26.0	31
11.0	31
9.0	30
36.0	29
57.0	29
24.0	28
97.0	27
663.0	27
122.0	27
114.0	27
41.0	27
132.0	26
105.0	26
313.0	26
89.0	26
23.0	26
244.0	26
33.0	25
44.0	25
28.0	25
59.0	25
152.0	25
82.0	25
39.0	25
29.0	25
50.0	25
88.0	25
62.0	24
18.0	24
30.0	24
75.0	24
141.0	24
60.0	23
27.0	23
304.0	23
267.0	23
326.0	23
35.0	23
349.0	23
42.0	23
284.0	22
38.0	22
504.0	22
46.0	22
270.0	22
73.0	22
40.0	22
123.0	22
144.0	22
98.0	21
91.0	21
119.0	21
275.0	21
220.0	21
187.0	21
462.0	21
176.0	21
543.0	21
156.0	21
155.0	21
70.0	21
199.0	21
379.0	21
351.0	21
93.0	21
17.0	21
167.0	21
47.0	20
13.0	20
394.0	20
165.0	20
290.0	20
94.0	20
246.0	20
230.0	20
170.0	20
136.0	20
56.0	20
87.0	20
100.0	19
650.0	19
66.0	19
184.0	19
74.0	19
104.0	19
249.0	19
362.0	19
34.0	19
53.0	19
364.0	19
375.0	19
126.0	19
149.0	19
115.0	19
102.0	19
380.0	19
84.0	19
116.0	19
99.0	19
69.0	19
45.0	19
49.0	19
528.0	18
48.0	18
71.0	18
357.0	18
111.0	18
251.0	18
252.0	18
264.0	18
321.0	18
205.0	18
160.0	18
67.0	18
130.0	18
237.0	18
433.0	18
153.0	18
83.0	18
180.0	17
257.0	17
315.0	17
51.0	17
182.0	17
271.0	17
279.0	17
291.0	17
96.0	17
274.0	17
228.0	17
459.0	17
32.0	17
612.0	17
231.0	17
373.0	17
334.0	17
384.0	17
480.0	17
476.0	17
22.0	17
405.0	16
673.0	16
219.0	16
775.0	16
368.0	16
318.0	16
441.0	16
113.0	16
461.0	16
329.0	16
239.0	16
80.0	16
171.0	16
594.0	16
428.0	16
117.0	16
277.0	16
473.0	16
506.0	16
347.0	16
358.0	16
224.0	15
420.0	15
221.0	15
234.0	15
352.0	15
467.0	15
320.0	15
437.0	15
302.0	15
128.0	15
276.0	15
755.0	15
143.0	15
356.0	15
78.0	15
263.0	15
207.0	15
157.0	15
555.0	15
311.0	15
265.0	15
55.0	15
536.0	15
85.0	15
166.0	15
201.0	15
415.0	14
112.0	14
408.0	14
336.0	14
455.0	14
206.0	14
168.0	14
403.0	14
470.0	14
227.0	14
213.0	14
191.0	14
223.0	14
108.0	14
261.0	14
431.0	14
354.0	14
54.0	14
456.0	14
348.0	14
314.0	14
222.0	14
185.0	14
203.0	14
194.0	14
363.0	14
410.0	14
181.0	14
488.0	14
211.0	14
436.0	14
365.0	14
439.0	14
135.0	14
95.0	14
544.0	13
332.0	13
282.0	13
216.0	13
145.0	13
507.0	13
474.0	13
209.0	13
154.0	13
294.0	13
131.0	13
389.0	13
511.0	13
412.0	13
547.0	13
421.0	13
367.0	13
566.0	13
452.0	13
522.0	13
81.0	13
423.0	13
65.0	13
197.0	13
322.0	13
259.0	13
76.0	13
232.0	13
780.0	13
162.0	13
330.0	12
344.0	12
287.0	12
196.0	12
398.0	12
174.0	12
169.0	12
341.0	12
618.0	12
103.0	12
381.0	12
489.0	12
592.0	12
301.0	12
718.0	12
406.0	12
479.0	12
215.0	12
388.0	12
355.0	12
360.0	12
750.0	12
681.0	12
620.0	12
342.0	12
63.0	12
590.0	12
374.0	12
283.0	12
183.0	12
64.0	12
606.0	12
148.0	12
293.0	12
316.0	11
151.0	11
429.0	11
712.0	11
438.0	11
295.0	11
587.0	11
651.0	11
345.0	11
61.0	11
208.0	11
369.0	11
458.0	11
177.0	11
445.0	11
377.0	11
147.0	11
245.0	11
101.0	11
794.0	11
189.0	11
175.0	11
309.0	11
486.0	11
140.0	11
297.0	11
68.0	11
419.0	11
371.0	11
217.0	11
571.0	11
724.0	11
502.0	11
241.0	11
125.0	11
569.0	11
110.0	11
235.0	11
323.0	11
300.0	11
809.0	11
292.0	11
353.0	11
477.0	10
366.0	10
958.0	10
58.0	10
127.0	10
382.0	10
588.0	10
262.0	10
434.0	10
556.0	10
306.0	10
343.0	10
508.0	10
190.0	10
212.0	10
471.0	10
139.0	10
611.0	10
179.0	10
475.0	10
417.0	10
142.0	10
178.0	10
610.0	10
186.0	10
414.0	10
758.0	10
634.0	10
317.0	10
808.0	10
717.0	10
464.0	10
442.0	10
679.0	10
121.0	10
692.0	10
247.0	10
43.0	10
798.0	10
537.0	10
106.0	10
513.0	10
397.0	10
401.0	10
2.0	10
632.0	10
395.0	10
288.0	10
137.0	10
665.0	10
657.0	10
546.0	9
676.0	9
150.0	9
440.0	9
280.0	9
324.0	9
564.0	9
829.0	9
118.0	9
570.0	9
383.0	9
722.0	9
333.0	9
195.0	9
173.0	9
781.0	9
214.0	9
385.0	9
92.0	9
133.0	9
552.0	9
714.0	9
894.0	9
753.0	9
188.0	9
378.0	9
466.0	9
86.0	9
523.0	9
660.0	9
427.0	9
515.0	9
146.0	9
524.0	9
402.0	9
310.0	9
472.0	9
272.0	9
392.0	9
238.0	9
286.0	9
642.0	9
540.0	9
391.0	9
633.0	9
746.0	8
485.0	8
617.0	8
498.0	8
325.0	8
529.0	8
432.0	8
607.0	8
413.0	8
478.0	8
625.0	8
451.0	8
172.0	8
1025.0	8
533.0	8
791.0	8
923.0	8
929.0	8
707.0	8
512.0	8
593.0	8
399.0	8
107.0	8
200.0	8
510.0	8
636.0	8
806.0	8
303.0	8
448.0	8
404.0	8
622.0	8
319.0	8
860.0	8
218.0	8
340.0	8
560.0	8
210.0	8
1456.0	8
598.0	8
600.0	8
258.0	8
586.0	8
109.0	8
337.0	8
869.0	8
450.0	8
273.0	8
710.0	8
807.0	8
285.0	8
495.0	8
1063.0	8
350.0	8
743.0	8
299.0	8
328.0	8
361.0	8
935.0	7
668.0	7
1023.0	7
164.0	7
697.0	7
526.0	7
653.0	7
738.0	7
370.0	7
266.0	7
532.0	7
901.0	7
698.0	7
701.0	7
831.0	7
766.0	7
418.0	7
716.0	7
159.0	7
695.0	7
812.0	7
468.0	7
338.0	7
967.0	7
826.0	7
703.0	7
691.0	7
386.0	7
519.0	7
443.0	7
658.0	7
307.0	7
563.0	7
597.0	7
740.0	7
689.0	7
435.0	7
509.0	7
236.0	7
572.0	7
861.0	7
312.0	7
918.0	7
387.0	7
409.0	7
674.0	7
745.0	7
944.0	7
253.0	7
198.0	7
777.0	7
240.0	7
726.0	7
754.0	7
830.0	7
416.0	7
670.0	7
786.0	7
281.0	7
822.0	7
627.0	7
503.0	7
79.0	7
980.0	7
677.0	7
687.0	7
741.0	7
736.0	7
193.0	7
278.0	7
390.0	7
204.0	7
719.0	7
661.0	7
576.0	6
327.0	6
783.0	6
821.0	6
269.0	6
568.0	6
839.0	6
505.0	6
1016.0	6
713.0	6
585.0	6
1035.0	6
638.0	6
605.0	6
308.0	6
376.0	6
493.0	6
138.0	6
3.0	6
1236.0	6
243.0	6
704.0	6
912.0	6
628.0	6
996.0	6
823.0	6
534.0	6
805.0	6
1270.0	6
490.0	6
787.0	6
248.0	6
1039.0	6
595.0	6
531.0	6
855.0	6
629.0	6
192.0	6
884.0	6
457.0	6
813.0	6
422.0	6
844.0	6
645.0	6
666.0	6
242.0	6
226.0	6
850.0	6
268.0	6
225.0	6
120.0	6
463.0	6
908.0	6
776.0	6
518.0	6
615.0	6
909.0	6
1197.0	6
550.0	6
372.0	6
1073.0	6
430.0	6
989.0	6
407.0	6
1141.0	6
732.0	6
1176.0	5
393.0	5
1128.0	5
986.0	5
260.0	5
596.0	5
921.0	5
788.0	5
702.0	5
890.0	5
579.0	5
1126.0	5
1350.0	5
254.0	5
1234.0	5
609.0	5
1148.0	5
941.0	5
1044.0	5
711.0	5
619.0	5
538.0	5
742.0	5
575.0	5
517.0	5
1011.0	5
1009.0	5
1022.0	5
623.0	5
1530.0	5
484.0	5
497.0	5
757.0	5
305.0	5
748.0	5
790.0	5
1074.0	5
646.0	5
675.0	5
446.0	5
565.0	5
737.0	5
124.0	5
453.0	5
577.0	5
928.0	5
494.0	5
90.0	5
682.0	5
868.0	5
769.0	5
425.0	5
1079.0	5
396.0	5
233.0	5
659.0	5
688.0	5
545.0	5
202.0	5
835.0	5
541.0	5
886.0	5
744.0	5
1090.0	5
983.0	4
1173.0	4
720.0	4
591.0	4
643.0	4
846.0	4
824.0	4
749.0	4
893.0	4
640.0	4
499.0	4
1034.0	4
400.0	4
730.0	4
561.0	4
616.0	4
731.0	4
161.0	4
501.0	4
1111.0	4
77.0	4
1227.0	4
359.0	4
1344.0	4
424.0	4
539.0	4
449.0	4
982.0	4
527.0	4
848.0	4
562.0	4
1213.0	4
735.0	4
1133.0	4
250.0	4
635.0	4
444.0	4
664.0	4
621.0	4
656.0	4
630.0	4
603.0	4
729.0	4
706.0	4
483.0	4
878.0	4
1224.0	4
880.0	4
1031.0	4
469.0	4
346.0	4
802.0	4
491.0	4
548.0	4
881.0	4
946.0	4
481.0	4
465.0	4
602.0	4
678.0	4
827.0	4
613.0	4
558.0	4
608.0	4
690.0	4
828.0	4
289.0	4
833.0	4
922.0	4
487.0	4
836.0	4
818.0	4
411.0	4
624.0	4
842.0	4
843.0	4
1750.0	4
1172.0	4
891.0	4
516.0	4
604.0	4
684.0	4
994.0	4
667.0	4
654.0	4
804.0	4
589.0	4
976.0	4
948.0	4
641.0	4
1107.0	4
1265.0	4
845.0	3
727.0	3
1440.0	3
1158.0	3
1328.0	3
163.0	3
599.0	3
1050.0	3
601.0	3
1049.0	3
1922.0	3
549.0	3
683.0	3
840.0	3
1189.0	3
1536.0	3
496.0	3
1426.0	3
1030.0	3
981.0	3
1284.0	3
992.0	3
1153.0	3
762.0	3
814.0	3
854.0	3
832.0	3
644.0	3
331.0	3
1047.0	3
696.0	3
1116.0	3
819.0	3
950.0	3
1165.0	3
1139.0	3
867.0	3
1043.0	3
1179.0	3
1055.0	3
1052.0	3
723.0	3
937.0	3
951.0	3
1084.0	3
763.0	3
841.0	3
955.0	3
978.0	3
1293.0	3
906.0	3
1075.0	3
774.0	3
789.0	3
1654.0	3
567.0	3
972.0	3
872.0	3
926.0	3
1395.0	3
1754.0	3
1613.0	3
751.0	3
1019.0	3
500.0	3
876.0	3
856.0	3
838.0	3
1113.0	3
1707.0	3
1042.0	3
857.0	3
1160.0	3
447.0	3
1559.0	3
1544.0	3
1037.0	3
898.0	3
631.0	3
915.0	3
931.0	3
1085.0	3
1032.0	3
883.0	3
773.0	3
672.0	2
1112.0	2
578.0	2
708.0	2
554.0	2
760.0	2
1310.0	2
1254.0	2
581.0	2
542.0	2
1194.0	2
793.0	2
1109.0	2
971.0	2
875.0	2
1125.0	2
700.0	2
580.0	2
796.0	2
1478.0	2
584.0	2
1138.0	2
1206.0	2
1004.0	2
514.0	2
873.0	2
1247.0	2
1038.0	2
551.0	2
1713.0	2
907.0	2
1014.0	2
772.0	2
993.0	2
1479.0	2
1246.0	2
966.0	2
460.0	2
1005.0	2
956.0	2
1094.0	2
1732.0	2
454.0	2
2177.0	2
1609.0	2
734.0	2
1413.0	2
1827.0	2
1231.0	2
614.0	2
1245.0	2
255.0	2
795.0	2
952.0	2
1003.0	2
1409.0	2
2225.0	2
1410.0	2
764.0	2
1240.0	2
1315.0	2
492.0	2
1912.0	2
1183.0	2
1249.0	2
900.0	2
709.0	2
1317.0	2
1588.0	2
1021.0	2
801.0	2
298.0	2
1429.0	2
959.0	2
721.0	2
1114.0	2
925.0	2
1060.0	2
1519.0	2
1161.0	2
799.0	2
1117.0	2
1326.0	2
1383.0	2
1275.0	2
525.0	2
2096.0	2
1137.0	2
1625.0	2
1262.0	2
1385.0	2
1636.0	2
652.0	2
1692.0	2
649.0	2
1147.0	2
655.0	2
1149.0	2
1208.0	2
936.0	2
1859.0	2
1045.0	2
998.0	2
1953.0	2
1773.0	2
1068.0	2
1105.0	2
582.0	2
1000.0	2
1166.0	2
1083.0	2
1306.0	2
1319.0	2
779.0	2
933.0	2
767.0	2
339.0	2
1191.0	2
934.0	2
939.0	2
1454.0	2
1384.0	2
1448.0	2
913.0	2
725.0	2
825.0	2
1067.0	2
914.0	2
574.0	2
870.0	2
1662.0	2
1242.0	2
1187.0	2
1065.0	2
1012.0	2
1053.0	2
979.0	2
583.0	2
1765.0	2
924.0	2
888.0	2
1411.0	2
1376.0	2
1375.0	2
1008.0	2
920.0	2
1669.0	2
1400.0	2
1154.0	2
1285.0	2
482.0	2
1101.0	2
910.0	2
817.0	2
1095.0	2
1601.0	2
1365.0	2
669.0	2
864.0	2
759.0	2
810.0	2
1473.0	2
1944.0	2
1252.0	2
739.0	2
1054.0	2
974.0	2
1261.0	2
1078.0	2
866.0	2
1589.0	2
770.0	2
1396.0	2
792.0	2
1071.0	2
1118.0	2
1493.0	2
1006.0	2
1099.0	2
1205.0	2
705.0	2
1303.0	2
852.0	2
853.0	2
1070.0	2
335.0	2
2101.0	2
1382.0	2
1119.0	2
1355.0	2
752.0	2
535.0	2
1880.0	2
1127.0	2
1377.0	2
694.0	2
1450.0	2
1605.0	2
768.0	2
1528.0	2
1888.0	2
1177.0	2
1685.0	2
134.0	2
858.0	2
887.0	2
1017.0	2
1151.0	2
1122.0	2
1480.0	2
1283.0	2
693.0	2
229.0	2
1081.0	2
426.0	2
961.0	2
919.0	2
797.0	2
685.0	2
940.0	2
1040.0	2
1020.0	2
686.0	2
785.0	2
1359.0	2
256.0	2
897.0	2
938.0	2
1767.0	2
1415.0	2
1583.0	2
1251.0	2
1463.0	2
1620.0	2
1511.0	2
1059.0	2
765.0	2
874.0	2
662.0	2
573.0	2
1312.0	1
1184.0	1
