#	frame	event	cm_x	cm_y	size	size_r	size_g	size_b	sum	sum_r	sum_g	sum_b
3	451	432.8847101330268	217.41435375266877	19.0	18.0	16.0	16.0	6089.0	2280.0	1861.0	1948.0	
4	451	432.8847101330268	217.41435375266877	19.0	18.0	16.0	16.0	6089.0	2280.0	1861.0	1948.0	
7	488	38.97795071335927	240.0621271076524	28.0	28.0	24.0	24.0	7710.0	2919.0	2439.0	2352.0	
8	488	38.97795071335927	240.0621271076524	28.0	28.0	24.0	24.0	7710.0	2919.0	2439.0	2352.0	
9	933	612.2869770182675	427.45565704183855	28.0	24.0	20.0	23.0	6788.0	2307.0	2131.0	2350.0	
10	933	612.2869770182675	427.45565704183855	28.0	24.0	20.0	23.0	6788.0	2307.0	2131.0	2350.0	
11	933	612.2869770182675	427.45565704183855	28.0	24.0	20.0	23.0	6788.0	2307.0	2131.0	2350.0	
12	65	1.9134699215344375	34.901918047079334	14.0	12.0	12.0	10.0	4588.0	1827.0	1191.0	1570.0	
12	659	538.8338641188959	311.46974522293	29.0	23.0	23.0	26.0	7536.0	2525.0	2063.0	2947.0	
12	689	315.714715536105	326.5265317286652	11.0	11.0	10.0	7.0	3656.0	1443.0	1413.0	799.0	
13	65	1.9134699215344375	34.901918047079334	14.0	12.0	12.0	10.0	4588.0	1827.0	1191.0	1570.0	
13	659	538.8338641188959	311.46974522293	29.0	23.0	23.0	26.0	7536.0	2525.0	2063.0	2947.0	
13	689	315.714715536105	326.5265317286652	11.0	11.0	10.0	7.0	3656.0	1443.0	1413.0	799.0	
14	179	512.9878048780488	98.32184517497348	20.0	20.0	19.0	14.0	5658.0	2457.0	1880.0	1321.0	
14	612	281.7207909761872	309.8839994429745	19.0	16.0	15.0	19.0	7181.0	2510.0	2055.0	2616.0	
15	179	512.9878048780488	98.32184517497348	20.0	20.0	19.0	14.0	5658.0	2457.0	1880.0	1321.0	
15	612	281.7207909761872	309.8839994429745	19.0	16.0	15.0	19.0	7181.0	2510.0	2055.0	2616.0	
19	39	462.1569936157864	24.27060359837493	19.0	17.0	15.0	19.0	6892.0	2450.0	2043.0	2399.0	
19	387	251.3932617769827	188.5433810375671	25.0	24.0	19.0	14.0	6708.0	2748.0	2111.0	1849.0	
20	39	462.1569936157864	24.27060359837493	19.0	17.0	15.0	19.0	6892.0	2450.0	2043.0	2399.0	
20	387	251.3932617769827	188.5433810375671	25.0	24.0	19.0	14.0	6708.0	2748.0	2111.0	1849.0	
21	65	6.646211222241058	34.04373622647906	20.0	16.0	13.0	18.0	5899.0	2223.0	1651.0	2025.0	
21	753	430.25436801511097	369.4482921454431	21.0	19.0	20.0	21.0	6353.0	1995.0	1984.0	2374.0	
22	65	6.646211222241058	34.04373622647906	20.0	16.0	13.0	18.0	5899.0	2223.0	1651.0	2025.0	
22	753	430.25436801511097	369.4482921454431	21.0	19.0	20.0	21.0	6353.0	1995.0	1984.0	2374.0	
31	438	188.84134818784372	198.9380905373008	28.0	26.0	20.0	25.0	7091.0	2318.0	2253.0	2518.0	
32	438	188.84134818784372	198.9380905373008	28.0	26.0	20.0	25.0	7091.0	2318.0	2253.0	2518.0	
35	886	518.602034826844	436.48444531402856	17.0	15.0	16.0	17.0	5111.0	1674.0	1564.0	1873.0	
36	886	518.602034826844	436.48444531402856	17.0	15.0	16.0	17.0	5111.0	1674.0	1564.0	1873.0	
40	663	595.9373737373737	334.960372960373	23.0	22.0	18.0	19.0	6435.0	2935.0	1668.0	1831.0	
41	663	595.9373737373737	334.960372960373	23.0	22.0	18.0	19.0	6435.0	2935.0	1668.0	1831.0	
42	858	79.5122828040743	409.7677251847414	16.0	14.0	13.0	15.0	5007.0	2000.0	1557.0	1450.0	
43	858	79.5122828040743	409.7677251847414	16.0	14.0	13.0	15.0	5007.0	2000.0	1557.0	1450.0	
44	355	377.8906372934697	172.05763178599528	15.0	14.0	12.0	15.0	5084.0	1443.0	1396.0	2245.0	
45	355	377.8906372934697	172.05763178599528	15.0	14.0	12.0	15.0	5084.0	1443.0	1396.0	2245.0	
46	211	201.48094768015795	106.26219151036526	21.0	15.0	16.0	20.0	5065.0	1659.0	1508.0	1897.0	
47	211	201.48094768015795	106.26219151036526	21.0	15.0	16.0	20.0	5065.0	1659.0	1508.0	1897.0	
48	211	201.48094768015795	106.26219151036526	21.0	15.0	16.0	20.0	5065.0	1659.0	1508.0	1897.0	
49	22	448.7478540772533	10.292611894543224	21.0	18.0	16.0	15.0	6524.0	2573.0	2063.0	1888.0	
49	400	105.0030407191962	197.59994711792703	27.0	25.0	21.0	24.0	7564.0	2754.0	2349.0	2461.0	
50	22	448.7478540772533	10.292611894543224	21.0	18.0	16.0	15.0	6524.0	2573.0	2063.0	1888.0	
50	400	105.0030407191962	197.59994711792703	27.0	25.0	21.0	24.0	7564.0	2754.0	2349.0	2461.0	
51	240	66.14301270417423	118.07416817906837	29.0	24.0	24.0	25.0	8265.0	2547.0	2735.0	2983.0	
51	407	287.1994739149496	202.1961858833845	15.0	14.0	12.0	12.0	4562.0	2109.0	1516.0	937.0	
51	583	602.648379052369	283.49305308158176	20.0	19.0	11.0	16.0	5614.0	2216.0	1394.0	2004.0	
51	807	607.4709962168979	386.147288776797	27.0	25.0	25.0	27.0	7930.0	2668.0	2264.0	2998.0	
52	240	66.14301270417423	118.07416817906837	29.0	24.0	24.0	25.0	8265.0	2547.0	2735.0	2983.0	
52	407	287.1994739149496	202.1961858833845	15.0	14.0	12.0	12.0	4562.0	2109.0	1516.0	937.0	
52	583	602.648379052369	283.49305308158176	20.0	19.0	11.0	16.0	5614.0	2216.0	1394.0	2004.0	
52	807	607.4709962168979	386.147288776797	27.0	25.0	25.0	27.0	7930.0	2668.0	2264.0	2998.0	
55	40	530.687488908607	21.750133096716947	21.0	21.0	19.0	18.0	5635.0	1925.0	1726.0	1983.0	
56	40	530.687488908607	21.750133096716947	21.0	21.0	19.0	18.0	5635.0	1925.0	1726.0	1983.0	
57	40	530.687488908607	21.750133096716947	21.0	21.0	19.0	18.0	5635.0	1925.0	1726.0	1983.0	
58	64	607.950016772895	30.98591076819859	27.0	25.0	21.0	26.0	8943.0	3218.0	2760.0	2965.0	
59	64	607.950016772895	30.98591076819859	27.0	25.0	21.0	26.0	8943.0	3218.0	2760.0	2965.0	
60	1004	499.8412457273072	471.79680972274974	31.0	28.0	24.0	23.0	5266.0	1688.0	1558.0	2020.0	
61	1004	499.8412457273072	471.79680972274974	31.0	28.0	24.0	23.0	5266.0	1688.0	1558.0	2020.0	
62	1004	499.8412457273072	471.79680972274974	31.0	28.0	24.0	23.0	5266.0	1688.0	1558.0	2020.0	
65	217	578.3635496183206	108.95092693565977	21.0	21.0	19.0	20.0	7336.0	2644.0	2311.0	2380.0	
66	217	578.3635496183206	108.95092693565977	21.0	21.0	19.0	20.0	7336.0	2644.0	2311.0	2380.0	
67	130	160.95896612149534	71.78767523364486	32.0	32.0	25.0	23.0	6848.0	2828.0	1795.0	2225.0	
67	388	248.12141327623127	188.91413276231265	14.0	14.0	11.0	13.0	4670.0	1688.0	1524.0	1458.0	
68	130	160.95896612149534	71.78767523364486	32.0	32.0	25.0	23.0	6848.0	2828.0	1795.0	2225.0	
68	388	248.12141327623127	188.91413276231265	14.0	14.0	11.0	13.0	4670.0	1688.0	1524.0	1458.0	
69	130	160.95896612149534	71.78767523364486	32.0	32.0	25.0	23.0	6848.0	2828.0	1795.0	2225.0	
69	388	248.12141327623127	188.91413276231265	14.0	14.0	11.0	13.0	4670.0	1688.0	1524.0	1458.0	
72	331	169.88629952164848	156.38967251318533	29.0	28.0	25.0	24.0	8153.0	2776.0	2212.0	3165.0	
73	331	169.88629952164848	156.38967251318533	29.0	28.0	25.0	24.0	8153.0	2776.0	2212.0	3165.0	
77	432	325.8424606151538	203.69317329332333	22.0	20.0	18.0	16.0	5332.0	2481.0	1550.0	1301.0	
78	432	325.8424606151538	203.69317329332333	22.0	20.0	18.0	16.0	5332.0	2481.0	1550.0	1301.0	
79	19	480.9095796676442	8.120723362658847	17.0	16.0	15.0	15.0	6138.0	2235.0	1968.0	1935.0	
80	19	480.9095796676442	8.120723362658847	17.0	16.0	15.0	15.0	6138.0	2235.0	1968.0	1935.0	
81	321	152.3720430107527	162.09462365591398	16.0	16.0	11.0	11.0	4185.0	1797.0	1156.0	1232.0	
81	557	563.3027205988196	260.0525406650353	22.0	18.0	19.0	18.0	6947.0	2145.0	2297.0	2505.0	
82	321	152.3720430107527	162.09462365591398	16.0	16.0	11.0	11.0	4185.0	1797.0	1156.0	1232.0	
82	557	563.3027205988196	260.0525406650353	22.0	18.0	19.0	18.0	6947.0	2145.0	2297.0	2505.0	
83	953	396.7842813311305	457.671701675714	17.0	17.0	15.0	10.0	4237.0	2010.0	1497.0	729.0	
83	972	265.9100687182552	465.9973110247983	13.0	13.0	8.0	8.0	3347.0	1806.0	1070.0	470.0	
84	953	396.7842813311305	457.671701675714	17.0	17.0	15.0	10.0	4237.0	2010.0	1497.0	729.0	
84	972	265.9100687182552	465.9973110247983	13.0	13.0	8.0	8.0	3347.0	1806.0	1070.0	470.0	
85	510	636.8275765234484	254.0485818590284	18.0	17.0	12.0	10.0	3561.0	1443.0	1181.0	937.0	
86	510	636.8275765234484	254.0485818590284	18.0	17.0	12.0	10.0	3561.0	1443.0	1181.0	937.0	
87	510	636.8275765234484	254.0485818590284	18.0	17.0	12.0	10.0	3561.0	1443.0	1181.0	937.0	
90	62	105.03005573248409	27.44705414012739	20.0	20.0	16.0	18.0	5024.0	1944.0	1247.0	1833.0	
91	62	105.03005573248409	27.44705414012739	20.0	20.0	16.0	18.0	5024.0	1944.0	1247.0	1833.0	
92	353	610.2028356964137	155.69658048373643	24.0	23.0	22.0	22.0	5995.0	1967.0	1826.0	2202.0	
92	790	276.4795609386828	357.8781226343679	34.0	32.0	26.0	24.0	5284.0	2407.0	1713.0	1163.0	
93	353	610.2028356964137	155.69658048373643	24.0	23.0	22.0	22.0	5995.0	1967.0	1826.0	2202.0	
93	790	276.4795609386828	357.8781226343679	34.0	32.0	26.0	24.0	5284.0	2407.0	1713.0	1163.0	
94	353	610.2028356964137	155.69658048373643	24.0	23.0	22.0	22.0	5995.0	1967.0	1826.0	2202.0	
94	790	276.4795609386828	357.8781226343679	34.0	32.0	26.0	24.0	5284.0	2407.0	1713.0	1163.0	
95	329	450.4773376888526	155.30318497345854	17.0	15.0	13.0	16.0	4898.0	1828.0	1581.0	1489.0	
96	329	450.4773376888526	155.30318497345854	17.0	15.0	13.0	16.0	4898.0	1828.0	1581.0	1489.0	
104	216	83.94559704933148	101.78699861687411	18.0	18.0	13.0	17.0	4338.0	1923.0	1564.0	851.0	
104	331	8.173806739661954	151.56394174550866	42.0	35.0	33.0	39.0	9407.0	2934.0	2860.0	3613.0	
105	216	83.94559704933148	101.78699861687411	18.0	18.0	13.0	17.0	4338.0	1923.0	1564.0	851.0	
105	331	8.173806739661954	151.56394174550866	42.0	35.0	33.0	39.0	9407.0	2934.0	2860.0	3613.0	
106	291	503.5592680986476	141.0359984089101	18.0	17.0	17.0	15.0	5028.0	1956.0	1709.0	1363.0	
106	679	325.218200100553	316.9106753812636	21.0	20.0	19.0	20.0	5967.0	2053.0	1764.0	2149.0	
107	291	503.5592680986476	141.0359984089101	18.0	17.0	17.0	15.0	5028.0	1956.0	1709.0	1363.0	
107	679	325.218200100553	316.9106753812636	21.0	20.0	19.0	20.0	5967.0	2053.0	1764.0	2149.0	
108	291	503.5592680986476	141.0359984089101	18.0	17.0	17.0	15.0	5028.0	1956.0	1709.0	1363.0	
108	679	325.218200100553	316.9106753812636	21.0	20.0	19.0	20.0	5967.0	2053.0	1764.0	2149.0	
111	817	34.6714007240323	412.93400167084377	34.0	25.0	28.0	30.0	7182.0	2440.0	2001.0	2739.0	
112	817	34.6714007240323	412.93400167084377	34.0	25.0	28.0	30.0	7182.0	2440.0	2001.0	2739.0	
116	137	223.7385631989156	60.7824466282616	20.0	18.0	18.0	18.0	5902.0	2119.0	2050.0	1733.0	
117	137	223.7385631989156	60.7824466282616	20.0	18.0	18.0	18.0	5902.0	2119.0	2050.0	1733.0	
