Value	Count
76.0	114.0
36.0	112.0
164.0	105.0
188.0	103.0
72.0	103.0
32.0	103.0
88.0	102.0
96.0	98.0
24.0	97.0
112.0	94.0
60.0	93.0
52.0	92.0
64.0	91.0
84.0	89.0
104.0	88.0
136.0	85.0
92.0	84.0
132.0	84.0
232.0	80.0
176.0	78.0
28.0	78.0
160.0	76.0
168.0	76.0
204.0	75.0
40.0	74.0
208.0	74.0
120.0	73.0
224.0	72.0
44.0	72.0
108.0	72.0
196.0	71.0
156.0	69.0
140.0	68.0
80.0	68.0
180.0	68.0
228.0	66.0
124.0	64.0
252.0	64.0
128.0	64.0
212.0	62.0
56.0	62.0
200.0	61.0
184.0	60.0
152.0	59.0
192.0	57.0
100.0	56.0
116.0	56.0
68.0	54.0
268.0	52.0
144.0	51.0
148.0	50.0
292.0	50.0
216.0	49.0
288.0	49.0
172.0	48.0
436.0	47.0
236.0	47.0
308.0	45.0
220.0	45.0
240.0	43.0
260.0	43.0
248.0	43.0
312.0	43.0
264.0	42.0
138.0	41.0
125.0	41.0
284.0	40.0
13.0	40.0
316.0	39.0
280.0	38.0
300.0	37.0
296.0	36.0
150.0	36.0
244.0	35.0
256.0	35.0
191.0	34.0
62.0	32.0
129.0	32.0
262.0	32.0
551.0	31.0
158.0	31.0
154.0	31.0
272.0	30.0
195.0	29.0
226.0	29.0
134.0	29.0
142.0	29.0
372.0	29.0
243.0	29.0
341.0	29.0
449.0	28.0
555.0	28.0
279.0	27.0
304.0	27.0
348.0	27.0
213.0	26.0
320.0	26.0
53.0	26.0
162.0	25.0
658.0	24.0
321.0	24.0
424.0	24.0
149.0	24.0
325.0	24.0
179.0	24.0
31.0	23.0
324.0	23.0
356.0	23.0
504.0	23.0
50.0	23.0
230.0	23.0
547.0	22.0
114.0	22.0
542.0	22.0
462.0	22.0
568.0	22.0
423.0	22.0
82.0	21.0
580.0	21.0
502.0	21.0
332.0	20.0
519.0	20.0
121.0	20.0
275.0	20.0
363.0	20.0
628.0	20.0
458.0	20.0
776.0	20.0
387.0	20.0
174.0	20.0
217.0	20.0
253.0	20.0
251.0	19.0
342.0	19.0
170.0	19.0
419.0	19.0
178.0	19.0
406.0	19.0
572.0	19.0
535.0	19.0
415.0	19.0
205.0	18.0
589.0	18.0
16.0	18.0
219.0	18.0
173.0	18.0
904.0	18.0
784.0	18.0
141.0	18.0
183.0	18.0
638.0	18.0
836.0	18.0
276.0	18.0
397.0	18.0
30.0	17.0
527.0	17.0
598.0	17.0
328.0	17.0
466.0	17.0
412.0	17.0
271.0	17.0
34.0	17.0
389.0	17.0
632.0	17.0
86.0	17.0
486.0	16.0
66.0	16.0
201.0	16.0
354.0	16.0
352.0	16.0
145.0	16.0
376.0	16.0
350.0	16.0
856.0	16.0
234.0	15.0
368.0	15.0
295.0	15.0
364.0	15.0
360.0	15.0
206.0	15.0
444.0	15.0
581.0	15.0
634.0	15.0
780.0	15.0
329.0	15.0
414.0	15.0
306.0	15.0
408.0	15.0
427.0	15.0
432.0	15.0
282.0	15.0
130.0	15.0
157.0	14.0
185.0	14.0
274.0	14.0
127.0	14.0
445.0	14.0
189.0	14.0
506.0	14.0
525.0	14.0
12.0	14.0
146.0	14.0
636.0	14.0
222.0	14.0
187.0	14.0
385.0	14.0
440.0	14.0
650.0	13.0
396.0	13.0
474.0	13.0
102.0	13.0
74.0	13.0
964.0	13.0
496.0	13.0
137.0	13.0
626.0	13.0
509.0	13.0
515.0	13.0
517.0	13.0
720.0	13.0
768.0	13.0
630.0	13.0
122.0	13.0
925.0	13.0
640.0	13.0
908.0	12.0
133.0	12.0
399.0	12.0
337.0	12.0
41.0	12.0
395.0	12.0
340.0	12.0
601.0	12.0
492.0	12.0
577.0	12.0
534.0	12.0
393.0	12.0
211.0	12.0
428.0	12.0
346.0	12.0
299.0	12.0
888.0	12.0
521.0	12.0
679.0	12.0
167.0	12.0
247.0	12.0
712.0	12.0
45.0	12.0
615.0	12.0
642.0	12.0
355.0	12.0
257.0	12.0
670.0	12.0
245.0	12.0
298.0	12.0
464.0	12.0
479.0	11.0
563.0	11.0
921.0	11.0
573.0	11.0
749.0	11.0
159.0	11.0
617.0	11.0
25.0	11.0
487.0	11.0
772.0	11.0
560.0	11.0
338.0	11.0
378.0	11.0
683.0	11.0
106.0	11.0
482.0	11.0
741.0	11.0
291.0	10.0
896.0	10.0
753.0	10.0
457.0	10.0
606.0	10.0
654.0	10.0
586.0	10.0
538.0	10.0
163.0	10.0
860.0	10.0
498.0	10.0
900.0	10.0
381.0	10.0
99.0	10.0
402.0	10.0
469.0	10.0
844.0	10.0
175.0	10.0
303.0	10.0
764.0	10.0
821.0	10.0
597.0	10.0
989.0	10.0
404.0	10.0
345.0	10.0
448.0	10.0
662.0	10.0
645.0	10.0
884.0	10.0
374.0	9.0
358.0	9.0
452.0	9.0
490.0	9.0
602.0	9.0
646.0	9.0
210.0	9.0
446.0	9.0
442.0	9.0
584.0	9.0
675.0	9.0
270.0	9.0
193.0	9.0
421.0	9.0
266.0	9.0
258.0	9.0
287.0	9.0
344.0	9.0
334.0	9.0
42.0	9.0
249.0	9.0
359.0	9.0
203.0	9.0
98.0	9.0
960.0	9.0
65.0	9.0
553.0	9.0
215.0	9.0
817.0	9.0
564.0	9.0
55.0	9.0
1160.0	9.0
648.0	8.0
383.0	8.0
294.0	8.0
840.0	8.0
333.0	8.0
813.0	8.0
151.0	8.0
453.0	8.0
530.0	8.0
475.0	8.0
207.0	8.0
916.0	8.0
416.0	8.0
117.0	8.0
876.0	8.0
585.0	8.0
221.0	8.0
438.0	8.0
824.0	8.0
401.0	8.0
808.0	8.0
657.0	8.0
461.0	8.0
171.0	8.0
297.0	8.0
182.0	8.0
255.0	8.0
484.0	8.0
523.0	8.0
85.0	8.0
737.0	8.0
852.0	8.0
470.0	8.0
81.0	8.0
73.0	8.0
460.0	8.0
641.0	8.0
186.0	7.0
223.0	7.0
594.0	7.0
491.0	7.0
254.0	7.0
593.0	7.0
544.0	7.0
653.0	7.0
1393.0	7.0
161.0	7.0
289.0	7.0
793.0	7.0
418.0	7.0
801.0	7.0
468.0	7.0
1069.0	7.0
384.0	7.0
166.0	7.0
336.0	7.0
500.0	7.0
972.0	7.0
1048.0	7.0
310.0	7.0
1061.0	7.0
1168.0	7.0
943.0	7.0
980.0	7.0
716.0	7.0
619.0	7.0
278.0	7.0
733.0	7.0
1096.0	7.0
197.0	7.0
1112.0	7.0
369.0	7.0
649.0	7.0
529.0	7.0
1081.0	7.0
194.0	7.0
796.0	6.0
810.0	6.0
89.0	6.0
339.0	6.0
758.0	6.0
305.0	6.0
812.0	6.0
877.0	6.0
1016.0	6.0
1380.0	6.0
456.0	6.0
765.0	6.0
143.0	6.0
429.0	6.0
326.0	6.0
510.0	6.0
105.0	6.0
366.0	6.0
218.0	6.0
493.0	6.0
941.0	6.0
671.0	6.0
489.0	6.0
1104.0	6.0
422.0	6.0
792.0	6.0
545.0	6.0
932.0	6.0
818.0	6.0
892.0	6.0
828.0	6.0
1001.0	6.0
684.0	6.0
322.0	6.0
110.0	6.0
246.0	6.0
330.0	6.0
607.0	6.0
19.0	6.0
90.0	6.0
302.0	6.0
250.0	6.0
277.0	6.0
7.0	6.0
118.0	6.0
139.0	6.0
39.0	6.0
58.0	6.0
147.0	6.0
513.0	6.0
388.0	6.0
37.0	6.0
227.0	6.0
126.0	6.0
605.0	6.0
549.0	5.0
944.0	5.0
612.0	5.0
800.0	5.0
680.0	5.0
952.0	5.0
1044.0	5.0
823.0	5.0
687.0	5.0
349.0	5.0
724.0	5.0
1304.0	5.0
38.0	5.0
924.0	5.0
269.0	5.0
968.0	5.0
976.0	5.0
488.0	5.0
869.0	5.0
664.0	5.0
362.0	5.0
394.0	5.0
57.0	5.0
946.0	5.0
1193.0	5.0
407.0	5.0
522.0	5.0
70.0	5.0
46.0	5.0
574.0	5.0
1252.0	5.0
286.0	5.0
214.0	5.0
803.0	5.0
912.0	5.0
797.0	5.0
229.0	5.0
508.0	5.0
238.0	5.0
367.0	5.0
307.0	5.0
153.0	5.0
318.0	5.0
357.0	5.0
343.0	5.0
101.0	5.0
539.0	5.0
618.0	4.0
1220.0	4.0
1145.0	4.0
331.0	4.0
1004.0	4.0
778.0	4.0
838.0	4.0
759.0	4.0
739.0	4.0
868.0	4.0
978.0	4.0
875.0	4.0
1144.0	4.0
686.0	4.0
735.0	4.0
1791.0	4.0
590.0	4.0
225.0	4.0
984.0	4.0
261.0	4.0
814.0	4.0
1174.0	4.0
507.0	4.0
1133.0	4.0
933.0	4.0
850.0	4.0
1266.0	4.0
910.0	4.0
870.0	4.0
499.0	4.0
862.0	4.0
155.0	4.0
476.0	4.0
848.0	4.0
565.0	4.0
766.0	4.0
718.0	4.0
431.0	4.0
481.0	4.0
583.0	4.0
528.0	4.0
540.0	4.0
511.0	4.0
119.0	4.0
327.0	4.0
301.0	4.0
816.0	4.0
314.0	4.0
624.0	4.0
531.0	4.0
532.0	4.0
400.0	4.0
370.0	4.0
666.0	4.0
109.0	4.0
285.0	4.0
413.0	4.0
283.0	4.0
9.0	4.0
788.0	4.0
559.0	4.0
11.0	4.0
181.0	4.0
77.0	4.0
59.0	4.0
335.0	3.0
1025.0	3.0
434.0	3.0
700.0	3.0
29.0	3.0
603.0	3.0
1198.0	3.0
1356.0	3.0
75.0	3.0
610.0	3.0
267.0	3.0
674.0	3.0
371.0	3.0
782.0	3.0
1269.0	3.0
1108.0	3.0
1005.0	3.0
71.0	3.0
1148.0	3.0
405.0	3.0
437.0	3.0
169.0	3.0
745.0	3.0
494.0	3.0
373.0	3.0
846.0	3.0
781.0	3.0
985.0	3.0
97.0	3.0
451.0	3.0
420.0	3.0
571.0	3.0
1100.0	3.0
1283.0	3.0
241.0	3.0
795.0	3.0
691.0	3.0
543.0	3.0
347.0	3.0
1300.0	3.0
177.0	3.0
317.0	3.0
591.0	3.0
673.0	3.0
1244.0	3.0
557.0	3.0
386.0	3.0
570.0	3.0
685.0	3.0
942.0	3.0
550.0	3.0
478.0	3.0
319.0	3.0
1149.0	3.0
762.0	3.0
1205.0	3.0
67.0	3.0
403.0	3.0
536.0	3.0
1176.0	3.0
945.0	3.0
1018.0	3.0
380.0	3.0
78.0	3.0
576.0	3.0
604.0	3.0
1065.0	3.0
1021.0	3.0
1722.0	2.0
757.0	2.0
1092.0	2.0
690.0	2.0
1098.0	2.0
743.0	2.0
1224.0	2.0
872.0	2.0
454.0	2.0
1341.0	2.0
533.0	2.0
293.0	2.0
1221.0	2.0
1630.0	2.0
740.0	2.0
714.0	2.0
934.0	2.0
596.0	2.0
894.0	2.0
1013.0	2.0
1029.0	2.0
620.0	2.0
859.0	2.0
981.0	2.0
1019.0	2.0
1041.0	2.0
754.0	2.0
3497.0	2.0
639.0	2.0
719.0	2.0
732.0	2.0
769.0	2.0
1331.0	2.0
1125.0	2.0
895.0	2.0
1184.0	2.0
1008.0	2.0
473.0	2.0
3275.0	2.0
1764.0	2.0
1349.0	2.0
516.0	2.0
831.0	2.0
927.0	2.0
2367.0	2.0
1364.0	2.0
644.0	2.0
1054.0	2.0
1210.0	2.0
1207.0	2.0
886.0	2.0
566.0	2.0
971.0	2.0
558.0	2.0
723.0	2.0
1249.0	2.0
1110.0	2.0
1327.0	2.0
750.0	2.0
1273.0	2.0
1134.0	2.0
1237.0	2.0
1189.0	2.0
1262.0	2.0
1118.0	2.0
1257.0	2.0
1080.0	2.0
1046.0	2.0
1147.0	2.0
707.0	2.0
1082.0	2.0
885.0	2.0
1062.0	2.0
1131.0	2.0
1032.0	2.0
1461.0	2.0
1180.0	2.0
315.0	2.0
8.0	2.0
1000.0	2.0
313.0	2.0
893.0	2.0
353.0	2.0
309.0	2.0
1698.0	2.0
375.0	2.0
1128.0	2.0
561.0	2.0
1254.0	2.0
609.0	2.0
463.0	2.0
443.0	2.0
425.0	2.0
830.0	2.0
611.0	2.0
902.0	2.0
805.0	2.0
926.0	2.0
1040.0	2.0
281.0	2.0
465.0	2.0
483.0	2.0
198.0	2.0
63.0	2.0
21.0	2.0
273.0	2.0
113.0	2.0
233.0	2.0
209.0	2.0
263.0	2.0
311.0	2.0
6.0	2.0
1122.0	2.0
1129.0	2.0
1030.0	2.0
1071.0	2.0
922.0	2.0
546.0	2.0
678.0	2.0
459.0	2.0
1548.0	2.0
520.0	2.0
699.0	2.0
938.0	2.0
883.0	2.0
837.0	2.0
802.0	2.0
1006.0	2.0
1028.0	2.0
863.0	2.0
656.0	2.0
694.0	2.0
731.0	2.0
480.0	2.0
1085.0	2.0
689.0	2.0
879.0	2.0
1178.0	2.0
1073.0	2.0
1278.0	2.0
990.0	2.0
1064.0	2.0
729.0	2.0
623.0	2.0
115.0	2.0
874.0	2.0
569.0	1.0
1191.0	1.0
1503.0	1.0
467.0	1.0
677.0	1.0
1265.0	1.0
1090.0	1.0
1372.0	1.0
526.0	1.0
107.0	1.0
834.0	1.0
1150.0	1.0
887.0	1.0
567.0	1.0
621.0	1.0
871.0	1.0
799.0	1.0
906.0	1.0
1075.0	1.0
744.0	1.0
1622.0	1.0
1022.0	1.0
439.0	1.0
518.0	1.0
1167.0	1.0
1325.0	1.0
1345.0	1.0
1240.0	1.0
706.0	1.0
1322.0	1.0
1337.0	1.0
786.0	1.0
1298.0	1.0
833.0	1.0
2574.0	1.0
1360.0	1.0
1204.0	1.0
524.0	1.0
914.0	1.0
2004.0	1.0
701.0	1.0
669.0	1.0
1020.0	1.0
1055.0	1.0
751.0	1.0
83.0	1.0
1186.0	1.0
1094.0	1.0
1056.0	1.0
1143.0	1.0
2083.0	1.0
1072.0	1.0
1012.0	1.0
579.0	1.0
1261.0	1.0
715.0	1.0
734.0	1.0
931.0	1.0
688.0	1.0
726.0	1.0
512.0	1.0
1336.0	1.0
901.0	1.0
1153.0	1.0
643.0	1.0
537.0	1.0
1111.0	1.0
651.0	1.0
1015.0	1.0
841.0	1.0
1141.0	1.0
1502.0	1.0
949.0	1.0
1455.0	1.0
1506.0	1.0
1076.0	1.0
35.0	1.0
1120.0	1.0
1292.0	1.0
1470.0	1.0
997.0	1.0
1770.0	1.0
767.0	1.0
1568.0	1.0
1776.0	1.0
1123.0	1.0
1665.0	1.0
785.0	1.0
1354.0	1.0
1079.0	1.0
855.0	1.0
825.0	1.0
1413.0	1.0
704.0	1.0
966.0	1.0
1438.0	1.0
794.0	1.0
854.0	1.0
608.0	1.0
1195.0	1.0
937.0	1.0
1421.0	1.0
430.0	1.0
890.0	1.0
820.0	1.0
377.0	1.0
47.0	1.0
323.0	1.0
1228.0	1.0
1117.0	1.0
1057.0	1.0
410.0	1.0
774.0	1.0
433.0	1.0
993.0	1.0
501.0	1.0
676.0	1.0
647.0	1.0
556.0	1.0
562.0	1.0
477.0	1.0
920.0	1.0
411.0	1.0
1253.0	1.0
239.0	1.0
51.0	1.0
392.0	1.0
1052.0	1.0
61.0	1.0
54.0	1.0
202.0	1.0
235.0	1.0
409.0	1.0
613.0	1.0
447.0	1.0
391.0	1.0
552.0	1.0
616.0	1.0
936.0	1.0
1732.0	1.0
807.0	1.0
655.0	1.0
672.0	1.0
1352.0	1.0
1569.0	1.0
775.0	1.0
1388.0	1.0
746.0	1.0
351.0	1.0
987.0	1.0
730.0	1.0
1034.0	1.0
992.0	1.0
1542.0	1.0
1242.0	1.0
485.0	1.0
826.0	1.0
595.0	1.0
1170.0	1.0
660.0	1.0
710.0	1.0
878.0	1.0
1113.0	1.0
237.0	1.0
379.0	1.0
290.0	1.0
1024.0	1.0
587.0	1.0
770.0	1.0
635.0	1.0
928.0	1.0
497.0	-1.0
815.0	-1.0
111.0	-1.0
1126.0	-1.0
1246.0	-1.0
1187.0	-1.0
1395.0	-1.0
1574.0	-1.0
1121.0	-1.0
1035.0	-1.0
1197.0	-1.0
950.0	-1.0
756.0	-1.0
692.0	-1.0
806.0	-1.0
905.0	-1.0
882.0	-1.0
1803.0	-1.0
752.0	-1.0
705.0	-1.0
1211.0	-1.0
665.0	-1.0
2002.0	-1.0
1119.0	-1.0
103.0	-1.0
514.0	-1.0
1536.0	-1.0
842.0	-1.0
1232.0	-1.0
1166.0	-1.0
1248.0	-1.0
1088.0	-1.0
1236.0	-1.0
789.0	-1.0
503.0	-1.0
123.0	-1.0
450.0	-1.0
681.0	-1.0
809.0	-1.0
771.0	-1.0
866.0	-1.0
435.0	-1.0
1017.0	-1.0
541.0	-1.0
982.0	-1.0
1066.0	-1.0
988.0	-1.0
575.0	-1.0
1234.0	-1.0
554.0	-1.0
682.0	-1.0
742.0	-1.0
49.0	-1.0
953.0	-2.0
471.0	-2.0
1446.0	-2.0
43.0	-2.0
27.0	-2.0
190.0	-2.0
472.0	-2.0
845.0	-2.0
588.0	-2.0
94.0	-2.0
10.0	-2.0
1321.0	-2.0
578.0	-2.0
2472.0	-2.0
977.0	-2.0
738.0	-2.0
1185.0	-2.0
736.0	-2.0
913.0	-2.0
2444.0	-2.0
1002.0	-2.0
2278.0	-2.0
819.0	-2.0
1514.0	-2.0
1033.0	-2.0
798.0	-2.0
231.0	-2.0
970.0	-2.0
548.0	-2.0
426.0	-3.0
17.0	-3.0
69.0	-3.0
242.0	-3.0
1036.0	-3.0
1130.0	-3.0
1136.0	-3.0
390.0	-4.0
135.0	-4.0
889.0	-5.0
131.0	-5.0
398.0	-5.0
14.0	-5.0
365.0	-5.0
15.0	-11.0
23.0	-15.0
48.0	-22.0
18.0	-42.0
20.0	-52.0
26.0	-57.0
22.0	-103.0
