Brightness	Occurrences
0.0	6860
5.0	1348
4.0	1199
6.0	1105
8.0	1062
7.0	1054
9.0	1028
11.0	1017
12.0	947
14.0	936
13.0	914
16.0	888
2.0	886
19.0	877
15.0	846
23.0	840
3.0	832
17.0	826
21.0	816
27.0	814
20.0	796
22.0	755
18.0	749
10.0	733
28.0	726
30.0	703
40.0	700
26.0	699
31.0	698
24.0	697
34.0	677
25.0	672
29.0	672
36.0	651
43.0	637
44.0	633
37.0	622
35.0	619
32.0	610
33.0	607
48.0	604
42.0	591
38.0	589
64.0	586
41.0	574
49.0	564
55.0	564
45.0	560
39.0	558
77.0	555
50.0	554
67.0	552
51.0	542
46.0	542
47.0	537
68.0	533
71.0	532
58.0	532
54.0	531
79.0	529
52.0	529
60.0	526
102.0	525
153.0	523
107.0	519
111.0	517
56.0	512
69.0	511
91.0	510
72.0	510
61.0	509
70.0	507
86.0	506
100.0	505
93.0	504
95.0	503
97.0	503
108.0	502
63.0	501
53.0	496
66.0	494
104.0	494
117.0	491
83.0	489
105.0	489
59.0	489
90.0	488
73.0	487
74.0	485
146.0	484
75.0	483
96.0	483
112.0	482
137.0	482
76.0	481
131.0	481
87.0	478
57.0	478
81.0	476
152.0	475
62.0	474
123.0	473
84.0	473
133.0	472
196.0	470
82.0	470
120.0	468
175.0	468
163.0	465
94.0	465
191.0	464
65.0	463
204.0	462
128.0	461
110.0	461
149.0	461
103.0	459
80.0	458
171.0	457
141.0	456
187.0	453
176.0	452
139.0	450
159.0	448
89.0	448
160.0	447
85.0	447
127.0	446
186.0	445
132.0	445
122.0	445
119.0	444
183.0	443
78.0	443
116.0	442
155.0	442
174.0	441
189.0	441
147.0	440
165.0	440
115.0	439
208.0	439
143.0	439
214.0	439
135.0	438
216.0	438
101.0	437
98.0	437
145.0	436
167.0	436
185.0	435
178.0	435
184.0	434
181.0	433
169.0	432
177.0	431
150.0	430
125.0	430
238.0	429
157.0	428
230.0	427
106.0	425
206.0	424
164.0	424
144.0	423
173.0	423
182.0	423
148.0	421
280.0	421
113.0	421
257.0	419
158.0	418
124.0	417
142.0	416
168.0	416
258.0	416
154.0	416
248.0	416
126.0	415
221.0	415
109.0	415
211.0	415
151.0	414
140.0	412
114.0	411
251.0	410
193.0	410
192.0	409
136.0	409
121.0	408
212.0	408
170.0	408
222.0	407
205.0	406
180.0	406
237.0	405
213.0	405
234.0	400
162.0	399
199.0	399
129.0	398
200.0	398
231.0	398
244.0	398
166.0	398
236.0	396
263.0	395
99.0	394
188.0	393
92.0	393
243.0	393
195.0	392
217.0	392
138.0	391
228.0	390
268.0	389
275.0	388
223.0	387
161.0	387
235.0	387
197.0	387
247.0	386
118.0	386
249.0	385
156.0	385
209.0	384
225.0	383
130.0	383
261.0	381
88.0	380
255.0	379
272.0	379
256.0	378
207.0	378
227.0	376
194.0	375
201.0	375
134.0	374
232.0	373
246.0	373
219.0	373
203.0	372
262.0	371
252.0	371
286.0	371
172.0	371
287.0	370
190.0	369
210.0	369
215.0	368
179.0	368
218.0	368
220.0	367
281.0	364
250.0	364
233.0	362
271.0	359
259.0	359
241.0	357
253.0	355
198.0	355
242.0	354
254.0	353
274.0	349
229.0	347
239.0	347
224.0	347
314.0	346
283.0	345
266.0	340
267.0	339
226.0	338
290.0	330
273.0	329
240.0	326
277.0	326
245.0	326
304.0	325
297.0	324
320.0	324
284.0	324
202.0	324
265.0	322
321.0	321
260.0	321
301.0	319
325.0	319
288.0	317
278.0	317
351.0	316
302.0	315
264.0	313
299.0	311
270.0	310
306.0	309
292.0	308
323.0	308
269.0	306
315.0	306
276.0	305
311.0	305
291.0	302
355.0	301
350.0	301
339.0	301
360.0	300
326.0	299
317.0	298
309.0	297
364.0	295
285.0	295
279.0	294
294.0	293
300.0	292
342.0	292
335.0	292
347.0	290
352.0	289
282.0	288
349.0	286
322.0	285
303.0	284
338.0	284
293.0	283
337.0	281
345.0	281
332.0	280
318.0	279
296.0	278
344.0	277
295.0	277
310.0	276
289.0	275
298.0	271
356.0	271
354.0	270
312.0	270
346.0	269
367.0	266
392.0	265
328.0	264
331.0	264
361.0	263
340.0	262
308.0	261
357.0	259
363.0	259
374.0	257
366.0	257
336.0	256
341.0	256
330.0	256
319.0	256
376.0	255
333.0	255
382.0	254
313.0	251
305.0	251
394.0	247
372.0	246
370.0	246
362.0	246
359.0	245
400.0	244
343.0	244
365.0	244
353.0	242
348.0	242
327.0	241
324.0	240
358.0	236
307.0	236
381.0	235
404.0	234
418.0	232
377.0	231
316.0	231
385.0	230
388.0	230
368.0	230
334.0	229
413.0	228
369.0	227
387.0	227
391.0	225
329.0	224
389.0	223
390.0	221
383.0	218
397.0	216
393.0	216
408.0	214
371.0	213
405.0	212
375.0	212
380.0	211
398.0	208
401.0	208
395.0	206
396.0	206
378.0	206
412.0	205
399.0	205
440.0	204
379.0	202
429.0	201
409.0	200
458.0	199
410.0	199
411.0	197
414.0	196
386.0	196
444.0	194
407.0	194
442.0	192
478.0	189
420.0	189
373.0	188
433.0	188
492.0	187
426.0	186
402.0	186
456.0	184
436.0	183
454.0	183
438.0	182
417.0	182
421.0	180
424.0	179
441.0	179
415.0	178
443.0	178
487.0	178
423.0	178
463.0	177
476.0	176
419.0	176
453.0	175
384.0	175
448.0	174
462.0	172
484.0	172
482.0	170
434.0	170
451.0	170
422.0	170
432.0	169
450.0	168
406.0	167
469.0	166
479.0	164
437.0	163
452.0	163
431.0	162
491.0	162
455.0	161
416.0	160
471.0	159
439.0	159
446.0	159
461.0	159
497.0	159
430.0	158
465.0	157
403.0	157
466.0	157
493.0	156
468.0	156
449.0	156
495.0	155
506.0	155
534.0	154
508.0	153
470.0	152
457.0	151
425.0	150
464.0	150
445.0	150
447.0	150
459.0	150
503.0	149
524.0	149
498.0	149
488.0	148
539.0	147
526.0	146
485.0	145
494.0	144
474.0	144
467.0	143
477.0	143
527.0	143
509.0	143
519.0	142
521.0	141
514.0	141
428.0	140
435.0	139
520.0	139
483.0	138
512.0	138
460.0	138
504.0	137
592.0	136
486.0	136
481.0	136
530.0	134
564.0	134
553.0	133
499.0	133
502.0	133
515.0	132
511.0	131
537.0	131
518.0	130
427.0	128
496.0	128
505.0	127
531.0	127
591.0	126
490.0	126
472.0	125
523.0	125
532.0	125
522.0	124
489.0	124
538.0	124
543.0	124
525.0	124
540.0	124
517.0	123
516.0	123
567.0	122
542.0	122
544.0	122
552.0	122
510.0	121
582.0	121
614.0	120
507.0	119
535.0	119
528.0	118
558.0	116
547.0	115
587.0	115
603.0	114
536.0	114
571.0	114
475.0	113
568.0	113
569.0	112
480.0	111
555.0	111
577.0	110
557.0	110
619.0	109
529.0	109
473.0	109
541.0	108
632.0	108
595.0	108
562.0	108
605.0	107
533.0	107
565.0	106
549.0	106
513.0	106
563.0	105
578.0	105
501.0	105
584.0	104
554.0	104
546.0	104
561.0	103
580.0	103
673.0	101
590.0	101
599.0	100
545.0	100
621.0	100
607.0	99
560.0	99
556.0	99
610.0	99
617.0	98
500.0	98
575.0	98
559.0	97
585.0	95
576.0	95
612.0	95
597.0	95
572.0	95
600.0	95
675.0	95
574.0	94
586.0	94
635.0	94
583.0	94
625.0	93
550.0	93
573.0	91
548.0	91
662.0	90
608.0	90
641.0	90
570.0	90
598.0	90
642.0	89
676.0	88
602.0	87
623.0	86
629.0	85
613.0	85
649.0	85
615.0	85
579.0	85
667.0	84
677.0	83
611.0	83
618.0	83
679.0	82
604.0	82
606.0	81
666.0	81
651.0	79
593.0	78
601.0	78
627.0	78
616.0	78
654.0	78
671.0	78
633.0	77
640.0	77
628.0	77
657.0	77
634.0	77
695.0	77
659.0	76
645.0	76
652.0	76
637.0	75
588.0	75
670.0	75
656.0	75
631.0	75
660.0	75
581.0	75
551.0	74
589.0	74
703.0	73
646.0	73
683.0	73
643.0	72
636.0	72
620.0	72
658.0	71
668.0	71
639.0	71
785.0	70
655.0	70
721.0	69
664.0	69
669.0	68
716.0	68
704.0	67
609.0	67
697.0	66
702.0	66
630.0	66
712.0	66
692.0	65
713.0	65
680.0	64
650.0	64
696.0	64
708.0	63
734.0	63
714.0	63
681.0	63
626.0	63
718.0	63
693.0	62
690.0	62
674.0	62
772.0	62
594.0	62
596.0	62
688.0	62
624.0	61
691.0	61
701.0	61
724.0	60
728.0	60
824.0	60
685.0	60
684.0	60
706.0	60
644.0	59
715.0	59
710.0	59
727.0	59
661.0	58
705.0	58
796.0	58
653.0	58
719.0	57
566.0	57
694.0	57
687.0	57
648.0	57
711.0	57
731.0	56
745.0	56
638.0	56
722.0	56
647.0	55
825.0	55
682.0	55
739.0	55
855.0	55
717.0	55
751.0	54
665.0	54
780.0	54
730.0	54
723.0	54
749.0	53
709.0	53
812.0	53
700.0	53
797.0	53
754.0	53
784.0	52
741.0	52
779.0	52
698.0	52
833.0	52
783.0	52
795.0	52
622.0	52
663.0	51
774.0	51
672.0	51
699.0	51
707.0	50
742.0	50
811.0	50
803.0	49
848.0	49
867.0	49
686.0	49
764.0	48
766.0	48
799.0	48
904.0	48
760.0	48
678.0	48
729.0	48
762.0	48
758.0	48
747.0	48
898.0	47
689.0	47
755.0	47
725.0	47
826.0	47
757.0	46
786.0	46
787.0	46
748.0	46
763.0	46
868.0	46
761.0	46
818.0	45
809.0	45
804.0	45
836.0	44
750.0	44
769.0	44
815.0	44
926.0	44
800.0	44
865.0	44
777.0	44
887.0	43
850.0	43
775.0	43
781.0	43
771.0	43
733.0	43
773.0	43
736.0	43
732.0	43
752.0	43
720.0	43
744.0	42
737.0	42
768.0	42
792.0	42
866.0	42
726.0	42
853.0	42
828.0	41
842.0	41
959.0	41
943.0	41
873.0	41
1074.0	40
788.0	40
844.0	40
846.0	40
782.0	40
858.0	40
831.0	40
817.0	40
877.0	40
901.0	40
790.0	40
875.0	40
791.0	39
823.0	39
753.0	39
821.0	39
830.0	38
860.0	38
869.0	38
756.0	38
778.0	38
789.0	38
810.0	38
886.0	38
834.0	38
843.0	38
888.0	38
944.0	37
940.0	37
827.0	37
884.0	37
965.0	37
852.0	37
919.0	37
934.0	37
928.0	37
854.0	37
798.0	37
870.0	37
776.0	37
924.0	37
838.0	36
847.0	36
767.0	36
746.0	36
837.0	36
735.0	36
738.0	36
801.0	36
849.0	35
740.0	35
907.0	35
856.0	35
949.0	35
863.0	35
794.0	35
770.0	35
916.0	35
759.0	34
872.0	34
819.0	34
840.0	34
883.0	34
893.0	33
816.0	33
874.0	33
832.0	32
989.0	32
807.0	32
990.0	32
743.0	32
1134.0	32
845.0	32
945.0	32
851.0	32
841.0	32
918.0	32
802.0	31
862.0	31
923.0	31
808.0	31
765.0	31
892.0	31
859.0	31
930.0	31
914.0	31
882.0	31
793.0	31
1031.0	31
861.0	31
902.0	31
885.0	31
905.0	30
915.0	30
879.0	30
829.0	30
933.0	30
937.0	30
1039.0	30
813.0	30
974.0	29
1158.0	29
977.0	29
936.0	29
1028.0	29
903.0	29
839.0	29
1008.0	29
935.0	29
895.0	28
1017.0	28
864.0	28
1051.0	28
927.0	28
908.0	28
1041.0	28
805.0	28
1013.0	28
1131.0	27
878.0	27
891.0	27
896.0	27
960.0	27
929.0	27
922.0	26
958.0	26
871.0	26
948.0	26
814.0	26
1157.0	26
911.0	26
1241.0	26
857.0	26
1081.0	26
899.0	26
993.0	26
889.0	26
964.0	25
880.0	25
920.0	25
961.0	25
1037.0	25
876.0	25
986.0	25
997.0	25
984.0	25
992.0	25
966.0	25
947.0	25
1065.0	25
969.0	25
988.0	24
1177.0	24
1093.0	24
1201.0	24
1090.0	24
806.0	24
1014.0	24
979.0	24
938.0	24
835.0	24
1165.0	24
994.0	24
890.0	24
1023.0	24
962.0	24
1115.0	24
912.0	24
1044.0	23
931.0	23
897.0	23
1001.0	23
1302.0	23
963.0	23
1049.0	23
900.0	23
1097.0	23
820.0	23
1045.0	23
1000.0	23
881.0	23
1126.0	23
1143.0	22
910.0	22
955.0	22
906.0	22
1076.0	22
1066.0	22
932.0	22
1050.0	22
1025.0	22
941.0	22
1040.0	21
952.0	21
925.0	21
985.0	21
991.0	21
968.0	21
921.0	21
981.0	21
1174.0	21
999.0	21
1149.0	21
1072.0	21
942.0	21
1080.0	21
1130.0	20
1084.0	20
980.0	20
1142.0	20
1159.0	20
1068.0	20
1054.0	20
1036.0	20
1217.0	20
1046.0	20
1010.0	20
1055.0	20
913.0	20
1102.0	20
946.0	19
1005.0	19
1004.0	19
1095.0	19
1164.0	19
971.0	19
1034.0	19
1247.0	19
1266.0	19
1336.0	19
956.0	19
1103.0	19
1145.0	19
1012.0	19
975.0	19
1140.0	19
1128.0	19
1024.0	19
1185.0	19
951.0	19
1009.0	19
1038.0	18
1026.0	18
1343.0	18
987.0	18
894.0	18
1052.0	18
1116.0	18
1043.0	18
1218.0	18
1047.0	18
1208.0	18
1070.0	18
1146.0	18
978.0	18
1154.0	18
1035.0	18
1112.0	18
1178.0	17
1199.0	17
1311.0	17
1060.0	17
1021.0	17
1089.0	17
1211.0	17
1007.0	17
1124.0	17
1301.0	17
950.0	17
1240.0	17
1002.0	17
1137.0	16
1227.0	16
1078.0	16
1061.0	16
1011.0	16
1220.0	16
1161.0	16
1099.0	16
1082.0	16
1223.0	16
1006.0	16
973.0	16
995.0	16
1144.0	16
1265.0	16
954.0	16
1027.0	16
1205.0	16
1110.0	16
1077.0	16
1181.0	16
1032.0	16
1057.0	16
1015.0	16
976.0	16
1085.0	15
1281.0	15
909.0	15
1298.0	15
1353.0	15
1071.0	15
996.0	15
1129.0	15
1182.0	15
1003.0	15
1170.0	15
1168.0	15
1088.0	15
917.0	15
1022.0	15
1334.0	15
822.0	15
1020.0	15
1437.0	15
1188.0	15
1063.0	15
1228.0	15
1104.0	15
1191.0	14
1111.0	14
1048.0	14
1139.0	14
998.0	14
1073.0	14
1018.0	14
1286.0	14
1179.0	14
1147.0	14
1258.0	14
1204.0	14
972.0	14
1400.0	14
1096.0	14
1079.0	14
1397.0	14
1092.0	14
1386.0	14
1408.0	14
1150.0	14
1114.0	14
1515.0	14
1105.0	14
1176.0	14
1305.0	14
1029.0	14
1119.0	13
1291.0	13
1574.0	13
1214.0	13
1254.0	13
1118.0	13
1083.0	13
1175.0	13
1160.0	13
1346.0	13
1135.0	13
970.0	13
1213.0	13
1113.0	13
1309.0	13
1109.0	13
1162.0	13
1122.0	13
1094.0	13
1212.0	13
1069.0	13
1120.0	13
967.0	13
1056.0	13
1260.0	13
1053.0	13
1250.0	12
1471.0	12
1432.0	12
1242.0	12
1152.0	12
1200.0	12
1058.0	12
1042.0	12
1257.0	12
939.0	12
1429.0	12
1226.0	12
1098.0	12
1317.0	12
1283.0	12
1183.0	12
1151.0	12
1107.0	12
1196.0	12
1209.0	12
1091.0	12
1075.0	11
1285.0	11
1106.0	11
1464.0	11
1272.0	11
1136.0	11
1287.0	11
1125.0	11
1637.0	11
1233.0	11
1132.0	11
1251.0	11
1216.0	11
1449.0	11
1225.0	11
1330.0	11
1303.0	11
1367.0	11
1108.0	11
1520.0	11
1466.0	11
1156.0	11
1033.0	11
1239.0	11
1378.0	11
1141.0	11
1202.0	11
1197.0	10
1338.0	10
1371.0	10
1461.0	10
1522.0	10
1328.0	10
1510.0	10
1409.0	10
1351.0	10
1189.0	10
1484.0	10
1414.0	10
1274.0	10
1385.0	10
1187.0	10
1184.0	10
1532.0	10
1275.0	10
1210.0	10
1193.0	10
1180.0	10
1256.0	10
1411.0	10
1383.0	10
1820.0	10
1067.0	10
1249.0	10
1388.0	10
1064.0	10
1138.0	10
1552.0	10
1172.0	10
1016.0	10
1524.0	10
1615.0	10
1296.0	9
1117.0	9
1252.0	9
1660.0	9
1649.0	9
1253.0	9
1600.0	9
1488.0	9
1269.0	9
1504.0	9
1195.0	9
1862.0	9
1547.0	9
1238.0	9
1262.0	9
1323.0	9
1295.0	9
1393.0	9
1232.0	9
1284.0	9
1167.0	9
1352.0	9
1019.0	9
1399.0	9
1335.0	9
1418.0	9
1267.0	9
1554.0	9
1585.0	9
1364.0	9
1264.0	9
1314.0	9
1166.0	8
1589.0	8
1308.0	8
1423.0	8
1289.0	8
1316.0	8
1292.0	8
1460.0	8
1416.0	8
1345.0	8
1943.0	8
1349.0	8
1509.0	8
1377.0	8
1387.0	8
1243.0	8
1326.0	8
1280.0	8
1765.0	8
1307.0	8
1612.0	8
1030.0	8
1169.0	8
1271.0	8
1476.0	8
1498.0	8
1876.0	8
1993.0	8
1406.0	8
1366.0	8
1192.0	8
1101.0	8
1268.0	8
1527.0	8
1577.0	8
1059.0	8
1398.0	8
982.0	8
1475.0	8
1647.0	8
1320.0	8
1121.0	7
1333.0	7
1780.0	7
1331.0	7
1290.0	7
1528.0	7
1395.0	7
1153.0	7
1368.0	7
1606.0	7
1454.0	7
1663.0	7
1575.0	7
1304.0	7
1508.0	7
1430.0	7
1322.0	7
1640.0	7
1674.0	7
1234.0	7
1127.0	7
1446.0	7
983.0	7
1795.0	7
1263.0	7
1935.0	7
1244.0	7
1342.0	7
1229.0	7
1329.0	7
1324.0	7
1123.0	7
1248.0	7
1474.0	7
1436.0	7
1425.0	7
1313.0	7
1435.0	7
1748.0	7
1255.0	7
1569.0	6
1380.0	6
1325.0	6
1470.0	6
1224.0	6
1444.0	6
1538.0	6
1546.0	6
1701.0	6
2974.0	6
1391.0	6
1288.0	6
1401.0	6
1618.0	6
1439.0	6
1482.0	6
1293.0	6
1279.0	6
1521.0	6
953.0	6
1402.0	6
1133.0	6
1373.0	6
1237.0	6
1354.0	6
1356.0	6
1788.0	6
1523.0	6
1321.0	6
1583.0	6
1617.0	6
1348.0	6
1490.0	6
1692.0	6
1591.0	6
1190.0	6
1086.0	6
1957.0	6
1696.0	6
1319.0	6
1171.0	6
1517.0	6
1372.0	6
1480.0	6
1458.0	6
1361.0	6
1370.0	6
1542.0	6
1576.0	6
1357.0	6
1507.0	6
1714.0	6
1744.0	6
1669.0	6
1614.0	6
1359.0	6
1347.0	6
1270.0	5
1390.0	5
1909.0	5
1327.0	5
1374.0	5
2037.0	5
1365.0	5
1630.0	5
1491.0	5
1230.0	5
1539.0	5
2072.0	5
1564.0	5
1312.0	5
1062.0	5
1718.0	5
1194.0	5
1404.0	5
1297.0	5
1376.0	5
1516.0	5
1100.0	5
1842.0	5
1695.0	5
1396.0	5
1206.0	5
1905.0	5
1362.0	5
1481.0	5
1756.0	5
1811.0	5
1339.0	5
1155.0	5
1572.0	5
1463.0	5
1662.0	5
1231.0	5
1485.0	5
1580.0	5
1595.0	5
1245.0	5
1843.0	5
1628.0	5
1468.0	5
1407.0	5
1821.0	5
1567.0	5
1620.0	5
1776.0	5
1282.0	5
1895.0	5
1953.0	5
1553.0	5
1341.0	5
1759.0	5
1222.0	5
1545.0	5
1477.0	5
1332.0	5
1650.0	5
1300.0	5
1424.0	5
1551.0	5
2469.0	4
1713.0	4
1587.0	4
1801.0	4
1802.0	4
1489.0	4
1494.0	4
1310.0	4
1299.0	4
1588.0	4
2616.0	4
1457.0	4
1955.0	4
2018.0	4
1594.0	4
1635.0	4
1625.0	4
1757.0	4
1456.0	4
1999.0	4
1540.0	4
1421.0	4
1403.0	4
1465.0	4
957.0	4
1358.0	4
2179.0	4
1643.0	4
1443.0	4
1415.0	4
2133.0	4
1601.0	4
1794.0	4
1668.0	4
1573.0	4
1885.0	4
1413.0	4
1792.0	4
1382.0	4
1639.0	4
1989.0	4
1726.0	4
1246.0	4
1261.0	4
1681.0	4
1315.0	4
1533.0	4
1340.0	4
1278.0	4
1648.0	4
2004.0	4
1419.0	4
1462.0	4
1203.0	4
1198.0	4
1680.0	4
1207.0	4
1880.0	4
1512.0	4
1381.0	4
1163.0	4
1087.0	4
1824.0	4
1384.0	4
1823.0	4
1294.0	4
1666.0	4
1259.0	4
2026.0	4
1700.0	4
1942.0	4
1565.0	4
1886.0	4
1405.0	4
1531.0	4
1856.0	4
1751.0	4
1593.0	3
1683.0	3
1847.0	3
1868.0	3
2340.0	3
1775.0	3
1410.0	3
2334.0	3
2107.0	3
1941.0	3
1661.0	3
1506.0	3
1732.0	3
1921.0	3
1968.0	3
1767.0	3
1961.0	3
1599.0	3
2016.0	3
1511.0	3
1720.0	3
1369.0	3
1431.0	3
4046.0	3
1499.0	3
2088.0	3
1778.0	3
1849.0	3
1529.0	3
2138.0	3
1915.0	3
1651.0	3
1988.0	3
2136.0	3
2402.0	3
2013.0	3
1930.0	3
2440.0	3
2312.0	3
2098.0	3
1148.0	3
1787.0	3
1818.0	3
1505.0	3
1581.0	3
1544.0	3
1350.0	3
1604.0	3
1734.0	3
1743.0	3
2077.0	3
1655.0	3
1737.0	3
1389.0	3
1712.0	3
1901.0	3
1636.0	3
1945.0	3
1586.0	3
1860.0	3
1659.0	3
2054.0	3
1438.0	3
2733.0	3
2605.0	3
1634.0	3
1219.0	3
1938.0	3
2435.0	3
2071.0	3
1944.0	3
1970.0	3
1622.0	3
1686.0	3
1750.0	3
2384.0	3
2280.0	3
1638.0	3
1502.0	3
1440.0	3
2084.0	3
1670.0	3
3196.0	3
2110.0	3
1754.0	3
1412.0	3
2010.0	3
1503.0	3
2041.0	3
1675.0	3
1469.0	2
1840.0	2
1913.0	2
1568.0	2
2309.0	2
1453.0	2
1173.0	2
1676.0	2
2242.0	2
1375.0	2
2374.0	2
1985.0	2
1717.0	2
1679.0	2
1641.0	2
1747.0	2
2086.0	2
2295.0	2
1746.0	2
2528.0	2
1277.0	2
1807.0	2
2160.0	2
2093.0	2
1850.0	2
1448.0	2
1833.0	2
2322.0	2
1428.0	2
1394.0	2
1610.0	2
2548.0	2
2873.0	2
1740.0	2
1796.0	2
1665.0	2
1764.0	2
1337.0	2
1442.0	2
1947.0	2
1911.0	2
1631.0	2
1858.0	2
2135.0	2
1603.0	2
2235.0	2
2230.0	2
1716.0	2
1865.0	2
2012.0	2
1495.0	2
1869.0	2
1742.0	2
2061.0	2
1975.0	2
2206.0	2
1735.0	2
2075.0	2
2327.0	2
2636.0	2
1543.0	2
1830.0	2
1624.0	2
1605.0	2
2040.0	2
2051.0	2
1579.0	2
2159.0	2
2456.0	2
2329.0	2
1691.0	2
1487.0	2
1829.0	2
1363.0	2
2201.0	2
2575.0	2
1513.0	2
1221.0	2
1417.0	2
1705.0	2
2211.0	2
2558.0	2
2467.0	2
1854.0	2
1497.0	2
2560.0	2
1186.0	2
1548.0	2
1427.0	2
2416.0	2
1894.0	2
2156.0	2
1536.0	2
2422.0	2
1492.0	2
2118.0	2
1731.0	2
1803.0	2
2514.0	2
1318.0	2
1235.0	2
1815.0	2
1761.0	2
1929.0	2
1924.0	2
2092.0	2
2343.0	2
2379.0	2
1819.0	2
2217.0	2
1571.0	2
2076.0	2
1919.0	2
1549.0	2
1951.0	2
1629.0	2
1839.0	2
1745.0	2
2173.0	2
1236.0	2
1760.0	2
2473.0	2
1972.0	2
1749.0	2
1719.0	2
2144.0	2
1739.0	2
1887.0	2
2600.0	2
1698.0	2
1654.0	2
1678.0	2
1530.0	2
1559.0	2
1934.0	2
1623.0	2
3397.0	2
1276.0	2
1882.0	2
2720.0	2
1711.0	2
1479.0	2
1922.0	2
1561.0	2
1592.0	2
1616.0	2
1496.0	2
1809.0	2
1782.0	2
2191.0	2
1657.0	2
1979.0	2
2276.0	2
2549.0	2
2530.0	2
1644.0	2
1608.0	2
1804.0	2
1797.0	2
1697.0	2
1537.0	2
2014.0	2
2397.0	2
1560.0	2
1447.0	2
1422.0	2
3082.0	2
1920.0	2
1891.0	2
1590.0	2
2033.0	2
2338.0	2
1433.0	2
1602.0	2
1452.0	2
1907.0	2
2647.0	2
1890.0	2
1707.0	2
1500.0	2
1472.0	2
1736.0	2
2011.0	2
2531.0	2
1667.0	2
1658.0	2
3066.0	2
1379.0	2
1607.0	2
2595.0	2
1838.0	2
1556.0	2
2108.0	2
1884.0	2
1852.0	2
2316.0	2
1845.0	2
2314.0	2
1770.0	2
2474.0	2
1888.0	2
2019.0	2
2698.0	2
1598.0	2
2711.0	2
1769.0	2
1273.0	2
2161.0	2
2198.0	2
1846.0	2
1215.0	2
2454.0	2
1450.0	2
1753.0	2
2048.0	2
2770.0	2
1558.0	1
1344.0	1
1459.0	1
1434.0	1
