Brightness	Occurrences
16.0	3346
20.0	2625
36.0	2082
24.0	1892
48.0	1802
44.0	1626
64.0	1554
60.0	1547
52.0	1495
32.0	1451
28.0	1392
72.0	1186
76.0	1148
88.0	1112
40.0	1090
56.0	1016
68.0	995
84.0	948
92.0	888
80.0	833
104.0	795
96.0	704
112.0	679
100.0	634
8.0	591
120.0	574
108.0	543
116.0	534
128.0	534
144.0	466
132.0	426
136.0	405
124.0	388
152.0	356
156.0	339
140.0	327
18.0	294
160.0	294
172.0	282
180.0	276
12.0	272
148.0	267
4.0	258
168.0	256
34.0	255
164.0	247
184.0	230
188.0	225
176.0	213
212.0	180
192.0	177
196.0	175
208.0	171
200.0	166
46.0	161
228.0	158
66.0	155
204.0	154
58.0	151
224.0	143
74.0	142
216.0	136
62.0	134
50.0	132
220.0	130
26.0	130
42.0	129
106.0	128
70.0	126
54.0	124
78.0	121
236.0	119
232.0	115
22.0	113
240.0	113
86.0	112
98.0	103
126.0	102
38.0	101
82.0	101
94.0	101
90.0	100
102.0	95
10.0	92
30.0	89
264.0	89
244.0	86
110.0	85
248.0	78
142.0	76
256.0	76
21.0	76
17.0	75
114.0	75
146.0	74
118.0	74
130.0	74
134.0	73
154.0	72
252.0	71
53.0	71
25.0	69
33.0	65
138.0	64
61.0	64
23.0	64
162.0	61
150.0	61
49.0	60
174.0	60
77.0	58
73.0	58
276.0	58
122.0	55
268.0	54
158.0	53
186.0	53
182.0	52
166.0	50
29.0	50
69.0	49
45.0	48
260.0	47
206.0	46
194.0	45
85.0	43
178.0	43
67.0	42
57.0	42
202.0	42
198.0	42
19.0	41
113.0	40
190.0	40
272.0	39
284.0	39
65.0	36
222.0	35
226.0	35
218.0	34
105.0	34
280.0	34
101.0	34
97.0	33
214.0	32
133.0	32
81.0	32
89.0	31
304.0	31
292.0	30
71.0	29
170.0	29
129.0	29
296.0	28
288.0	27
119.0	27
141.0	27
51.0	27
125.0	26
210.0	26
109.0	25
41.0	24
161.0	24
75.0	23
79.0	23
93.0	23
47.0	22
308.0	22
187.0	21
246.0	21
234.0	21
83.0	21
242.0	21
143.0	20
39.0	20
43.0	20
59.0	20
27.0	19
131.0	19
316.0	19
103.0	19
153.0	19
35.0	19
332.0	19
137.0	19
165.0	18
149.0	18
254.0	18
230.0	18
87.0	18
121.0	18
117.0	18
173.0	18
274.0	17
238.0	17
63.0	17
91.0	17
55.0	17
123.0	17
14.0	17
193.0	16
107.0	16
324.0	16
189.0	16
115.0	16
37.0	16
282.0	16
139.0	16
99.0	15
312.0	15
111.0	15
201.0	14
163.0	14
300.0	14
95.0	14
169.0	13
270.0	13
31.0	13
286.0	13
320.0	13
266.0	13
167.0	12
147.0	12
250.0	12
145.0	12
5.0	12
135.0	12
9.0	12
352.0	11
177.0	11
239.0	11
290.0	11
181.0	11
195.0	10
151.0	10
298.0	10
157.0	10
197.0	10
159.0	10
171.0	10
302.0	10
127.0	9
251.0	9
278.0	9
213.0	9
249.0	9
231.0	9
336.0	9
294.0	9
185.0	9
205.0	9
241.0	8
328.0	8
253.0	8
211.0	8
155.0	8
255.0	8
356.0	8
318.0	8
203.0	8
183.0	7
330.0	7
258.0	7
334.0	7
301.0	7
209.0	7
279.0	7
217.0	7
273.0	7
262.0	7
223.0	7
306.0	7
269.0	7
235.0	6
179.0	6
191.0	6
360.0	6
233.0	6
245.0	6
257.0	6
199.0	6
344.0	6
416.0	5
497.0	5
271.0	5
13.0	5
384.0	5
243.0	5
267.0	5
764.0	4
275.0	4
472.0	4
368.0	4
285.0	4
322.0	4
15.0	4
492.0	4
460.0	4
350.0	4
354.0	4
310.0	4
395.0	4
299.0	4
372.0	4
295.0	4
367.0	4
297.0	4
434.0	4
227.0	4
340.0	4
175.0	4
338.0	4
348.0	4
311.0	3
207.0	3
639.0	3
281.0	3
225.0	3
215.0	3
402.0	3
305.0	3
364.0	3
307.0	3
392.0	3
385.0	3
453.0	3
237.0	3
314.0	3
263.0	3
229.0	3
408.0	3
374.0	3
346.0	3
323.0	3
378.0	3
381.0	3
358.0	3
667.0	3
414.0	3
371.0	2
369.0	2
431.0	2
507.0	2
293.0	2
370.0	2
665.0	2
289.0	2
556.0	2
470.0	2
11.0	2
440.0	2
523.0	2
757.0	2
351.0	2
520.0	2
247.0	2
386.0	2
474.0	2
810.0	2
1075.0	2
400.0	2
502.0	2
648.0	2
362.0	2
705.0	2
353.0	2
303.0	2
376.0	2
349.0	2
259.0	2
865.0	2
410.0	2
563.0	2
420.0	2
483.0	2
357.0	2
265.0	2
261.0	2
584.0	2
756.0	2
327.0	2
988.0	2
379.0	2
389.0	2
6.0	2
559.0	2
874.0	1
568.0	1
663.0	1
333.0	1
337.0	1
433.0	1
443.0	1
931.0	1
640.0	1
375.0	1
897.0	1
469.0	1
1158.0	1
331.0	1
464.0	1
963.0	1
382.0	1
693.0	1
1002.0	1
598.0	1
542.0	1
1239.0	1
1096.0	1
329.0	1
526.0	1
601.0	1
767.0	1
1076.0	1
766.0	1
418.0	1
359.0	1
287.0	1
970.0	1
636.0	1
1349.0	1
776.0	1
447.0	1
326.0	1
221.0	1
325.0	1
704.0	1
660.0	1
891.0	1
713.0	1
401.0	1
609.0	1
1139.0	1
579.0	1
625.0	1
720.0	1
1004.0	1
390.0	1
887.0	1
595.0	1
505.0	1
380.0	1
387.0	1
480.0	1
363.0	1
407.0	1
394.0	1
555.0	1
309.0	1
739.0	1
552.0	1
391.0	1
527.0	1
870.0	1
521.0	1
425.0	1
450.0	1
343.0	1
692.0	1
485.0	1
411.0	1
600.0	1
1037.0	1
315.0	1
652.0	1
477.0	1
572.0	1
