Value	Count
6.0	60
7.0	45
4.0	42
5.0	41
9.0	37
17.0	37
16.0	33
26.0	33
32.0	28
11.0	28
54.0	28
41.0	27
55.0	26
8.0	26
39.0	26
272.0	25
62.0	25
14.0	25
19.0	25
10.0	24
50.0	23
400.0	23
12.0	23
70.0	22
13.0	22
232.0	22
183.0	22
18.0	22
422.0	21
44.0	21
139.0	21
36.0	21
253.0	20
145.0	20
162.0	20
21.0	20
173.0	20
93.0	20
576.0	20
2.0	20
80.0	20
22.0	19
33.0	19
29.0	19
42.0	19
51.0	19
27.0	19
40.0	19
35.0	19
102.0	18
266.0	18
100.0	18
251.0	18
49.0	18
352.0	18
28.0	18
164.0	18
309.0	18
66.0	17
60.0	17
59.0	17
321.0	17
286.0	17
20.0	17
271.0	17
63.0	17
3.0	17
75.0	17
296.0	16
144.0	16
282.0	16
103.0	16
724.0	16
288.0	16
219.0	16
48.0	16
626.0	16
65.0	16
213.0	16
56.0	16
519.0	16
249.0	16
386.0	16
319.0	16
94.0	15
110.0	15
313.0	15
153.0	15
218.0	15
329.0	15
64.0	15
358.0	15
86.0	15
167.0	15
474.0	15
126.0	15
161.0	15
201.0	15
477.0	15
131.0	15
210.0	15
47.0	15
449.0	15
227.0	15
260.0	15
385.0	14
105.0	14
87.0	14
136.0	14
23.0	14
306.0	14
98.0	14
280.0	14
257.0	14
25.0	14
240.0	14
342.0	14
118.0	14
69.0	14
24.0	14
470.0	14
336.0	14
374.0	14
416.0	14
345.0	14
558.0	14
404.0	14
194.0	14
188.0	14
134.0	14
502.0	13
398.0	13
330.0	13
220.0	13
344.0	13
401.0	13
89.0	13
325.0	13
241.0	13
472.0	13
315.0	13
772.0	13
187.0	13
78.0	13
76.0	13
338.0	13
596.0	13
373.0	13
304.0	13
130.0	13
526.0	13
148.0	13
34.0	13
217.0	13
312.0	13
30.0	13
72.0	13
74.0	13
433.0	13
516.0	13
587.0	13
429.0	13
101.0	13
732.0	12
500.0	12
482.0	12
228.0	12
221.0	12
129.0	12
202.0	12
371.0	12
38.0	12
396.0	12
334.0	12
442.0	12
351.0	12
122.0	12
377.0	12
444.0	12
552.0	12
289.0	12
380.0	12
438.0	12
360.0	12
230.0	12
612.0	12
195.0	12
577.0	12
88.0	12
179.0	12
45.0	12
384.0	12
292.0	12
267.0	12
15.0	11
550.0	11
243.0	11
291.0	11
496.0	11
285.0	11
423.0	11
328.0	11
378.0	11
231.0	11
135.0	11
259.0	11
208.0	11
192.0	11
471.0	11
116.0	11
326.0	11
159.0	11
307.0	11
117.0	11
84.0	11
214.0	11
31.0	11
158.0	11
85.0	11
586.0	11
119.0	11
81.0	11
200.0	11
170.0	11
104.0	11
270.0	11
353.0	11
261.0	11
644.0	11
157.0	11
674.0	11
320.0	11
412.0	11
701.0	10
331.0	10
278.0	10
77.0	10
451.0	10
339.0	10
591.0	10
207.0	10
57.0	10
83.0	10
672.0	10
303.0	10
298.0	10
419.0	10
348.0	10
180.0	10
531.0	10
468.0	10
127.0	10
235.0	10
140.0	10
364.0	10
295.0	10
540.0	10
487.0	10
696.0	10
53.0	10
90.0	10
462.0	10
109.0	10
141.0	10
133.0	10
205.0	10
120.0	10
362.0	10
46.0	10
510.0	9
197.0	9
432.0	9
368.0	9
332.0	9
465.0	9
355.0	9
107.0	9
529.0	9
486.0	9
392.0	9
281.0	9
467.0	9
250.0	9
37.0	9
111.0	9
409.0	9
664.0	9
495.0	9
177.0	9
79.0	9
533.0	9
229.0	9
152.0	9
476.0	9
206.0	9
151.0	9
247.0	9
535.0	9
569.0	9
413.0	9
611.0	9
150.0	9
212.0	9
565.0	9
108.0	9
641.0	9
861.0	9
254.0	9
287.0	9
414.0	9
415.0	9
538.0	9
455.0	9
430.0	9
121.0	9
494.0	9
458.0	9
543.0	8
518.0	8
97.0	8
435.0	8
160.0	8
137.0	8
752.0	8
263.0	8
823.0	8
484.0	8
620.0	8
671.0	8
391.0	8
605.0	8
466.0	8
308.0	8
112.0	8
461.0	8
99.0	8
82.0	8
174.0	8
238.0	8
541.0	8
424.0	8
236.0	8
731.0	8
698.0	8
147.0	8
142.0	8
363.0	8
452.0	8
113.0	8
557.0	8
525.0	8
294.0	8
52.0	8
827.0	8
168.0	8
293.0	8
493.0	8
659.0	8
176.0	8
463.0	8
480.0	8
580.0	8
73.0	8
589.0	8
616.0	8
311.0	8
239.0	8
410.0	8
154.0	8
870.0	8
258.0	7
448.0	7
566.0	7
172.0	7
632.0	7
71.0	7
830.0	7
367.0	7
655.0	7
464.0	7
388.0	7
343.0	7
418.0	7
143.0	7
876.0	7
582.0	7
504.0	7
1285.0	7
669.0	7
791.0	7
437.0	7
677.0	7
420.0	7
657.0	7
631.0	7
765.0	7
61.0	7
521.0	7
473.0	7
831.0	7
579.0	7
497.0	7
255.0	7
182.0	7
595.0	7
402.0	7
590.0	7
600.0	7
735.0	7
573.0	7
95.0	7
204.0	7
517.0	7
501.0	7
347.0	7
297.0	7
790.0	7
175.0	7
132.0	7
184.0	7
317.0	7
372.0	7
585.0	7
479.0	7
43.0	7
381.0	7
434.0	7
575.0	7
244.0	6
169.0	6
918.0	6
411.0	6
357.0	6
583.0	6
450.0	6
561.0	6
556.0	6
898.0	6
571.0	6
907.0	6
233.0	6
146.0	6
268.0	6
498.0	6
547.0	6
940.0	6
149.0	6
405.0	6
123.0	6
279.0	6
995.0	6
513.0	6
439.0	6
301.0	6
456.0	6
299.0	6
700.0	6
1029.0	6
248.0	6
264.0	6
562.0	6
574.0	6
710.0	6
178.0	6
602.0	6
277.0	6
763.0	6
1172.0	6
570.0	6
427.0	6
166.0	6
713.0	6
818.0	6
748.0	6
324.0	6
618.0	6
1016.0	6
383.0	6
520.0	6
190.0	6
734.0	6
1035.0	6
242.0	6
666.0	6
189.0	6
545.0	6
350.0	6
746.0	6
186.0	6
335.0	6
276.0	6
475.0	6
675.0	6
1162.0	6
868.0	6
832.0	6
196.0	6
1059.0	6
492.0	6
390.0	6
256.0	6
394.0	6
581.0	6
777.0	6
503.0	6
283.0	6
198.0	6
193.0	6
1026.0	6
138.0	6
978.0	6
512.0	6
114.0	6
425.0	6
607.0	6
379.0	6
622.0	6
603.0	5
509.0	5
445.0	5
234.0	5
453.0	5
949.0	5
855.0	5
1027.0	5
459.0	5
998.0	5
837.0	5
273.0	5
892.0	5
816.0	5
1227.0	5
653.0	5
302.0	5
551.0	5
683.0	5
839.0	5
650.0	5
223.0	5
485.0	5
290.0	5
721.0	5
209.0	5
835.0	5
397.0	5
850.0	5
749.0	5
421.0	5
812.0	5
181.0	5
215.0	5
560.0	5
354.0	5
681.0	5
670.0	5
155.0	5
846.0	5
67.0	5
356.0	5
709.0	5
58.0	5
754.0	5
359.0	5
483.0	5
663.0	5
530.0	5
92.0	5
718.0	5
584.0	5
854.0	5
680.0	5
237.0	5
507.0	5
1078.0	5
613.0	5
68.0	5
1343.0	5
310.0	5
629.0	5
722.0	5
389.0	5
923.0	5
431.0	5
222.0	5
365.0	5
534.0	5
537.0	5
563.0	5
783.0	5
578.0	5
318.0	5
928.0	5
252.0	5
793.0	5
638.0	4
1271.0	4
685.0	4
544.0	4
369.0	4
96.0	4
564.0	4
786.0	4
702.0	4
1023.0	4
224.0	4
387.0	4
747.0	4
469.0	4
1087.0	4
211.0	4
715.0	4
770.0	4
269.0	4
990.0	4
567.0	4
727.0	4
440.0	4
636.0	4
689.0	4
625.0	4
125.0	4
879.0	4
346.0	4
316.0	4
714.0	4
1041.0	4
1236.0	4
216.0	4
300.0	4
322.0	4
185.0	4
691.0	4
795.0	4
820.0	4
478.0	4
262.0	4
634.0	4
337.0	4
1262.0	4
522.0	4
327.0	4
505.0	4
407.0	4
199.0	4
789.0	4
349.0	4
393.0	4
798.0	4
955.0	4
815.0	4
633.0	4
776.0	4
725.0	4
395.0	4
163.0	4
124.0	4
970.0	4
679.0	4
1020.0	4
643.0	4
275.0	4
549.0	4
203.0	4
1038.0	4
617.0	4
1123.0	4
738.0	4
426.0	4
851.0	4
751.0	4
833.0	4
333.0	4
773.0	4
191.0	4
165.0	4
825.0	4
515.0	4
514.0	4
1629.0	4
728.0	4
1109.0	4
594.0	4
717.0	4
265.0	4
807.0	4
694.0	4
665.0	4
771.0	3
889.0	3
726.0	3
1282.0	3
1319.0	3
969.0	3
554.0	3
1209.0	3
245.0	3
1231.0	3
801.0	3
764.0	3
1317.0	3
1163.0	3
1017.0	3
1415.0	3
645.0	3
382.0	3
836.0	3
639.0	3
899.0	3
546.0	3
1400.0	3
542.0	3
1946.0	3
1445.0	3
1075.0	3
1137.0	3
699.0	3
673.0	3
1904.0	3
1302.0	3
705.0	3
797.0	3
733.0	3
984.0	3
761.0	3
906.0	3
1618.0	3
536.0	3
446.0	3
903.0	3
1383.0	3
662.0	3
1225.0	3
621.0	3
366.0	3
1283.0	3
980.0	3
822.0	3
707.0	3
171.0	3
811.0	3
762.0	3
1101.0	3
403.0	3
676.0	3
819.0	3
597.0	3
958.0	3
1013.0	3
1355.0	3
608.0	3
1188.0	3
856.0	3
862.0	3
834.0	3
986.0	3
946.0	3
963.0	3
909.0	3
1306.0	3
1238.0	3
524.0	3
922.0	3
361.0	3
1566.0	3
1155.0	3
340.0	3
1224.0	2
658.0	2
647.0	2
1111.0	2
788.0	2
1663.0	2
988.0	2
454.0	2
428.0	2
642.0	2
888.0	2
785.0	2
1298.0	2
654.0	2
1232.0	2
719.0	2
1129.0	2
623.0	2
1308.0	2
1239.0	2
548.0	2
692.0	2
756.0	2
1368.0	2
91.0	2
1179.0	2
246.0	2
1138.0	2
932.0	2
1002.0	2
1051.0	2
895.0	2
739.0	2
1080.0	2
910.0	2
1069.0	2
1577.0	2
878.0	2
1066.0	2
1312.0	2
1854.0	2
1164.0	2
1181.0	2
630.0	2
1015.0	2
660.0	2
841.0	2
1815.0	2
779.0	2
1762.0	2
489.0	2
491.0	2
488.0	2
1675.0	2
1159.0	2
490.0	2
901.0	2
1479.0	2
1136.0	2
1257.0	2
1909.0	2
769.0	2
768.0	2
1156.0	2
979.0	2
1105.0	2
661.0	2
1114.0	2
1218.0	2
1299.0	2
1550.0	2
767.0	2
1347.0	2
1121.0	2
606.0	2
1047.0	2
750.0	2
305.0	2
959.0	2
598.0	2
996.0	2
897.0	2
1295.0	2
1253.0	2
987.0	2
506.0	2
939.0	2
1033.0	2
1183.0	2
740.0	2
593.0	2
957.0	2
651.0	2
1119.0	2
572.0	2
896.0	2
917.0	2
682.0	2
697.0	2
1419.0	2
708.0	2
965.0	2
840.0	2
555.0	2
781.0	2
1095.0	2
882.0	2
684.0	2
652.0	2
809.0	2
635.0	2
937.0	2
1170.0	2
1489.0	2
1601.0	2
539.0	2
441.0	2
619.0	2
1330.0	2
848.0	2
115.0	2
1456.0	2
1025.0	2
690.0	2
1019.0	2
1636.0	2
225.0	2
588.0	2
1044.0	2
1166.0	2
942.0	2
341.0	2
1508.0	2
1067.0	2
656.0	2
933.0	2
1206.0	2
926.0	2
1953.0	2
376.0	2
1688.0	2
1289.0	2
1053.0	2
904.0	2
1673.0	2
1351.0	2
156.0	2
821.0	2
967.0	2
1000.0	2
908.0	2
1275.0	2
1031.0	2
1084.0	2
128.0	2
649.0	2
737.0	2
760.0	2
800.0	2
843.0	2
601.0	2
730.0	2
914.0	2
1028.0	2
792.0	2
930.0	2
1394.0	2
950.0	2
615.0	2
523.0	2
997.0	2
1110.0	2
1009.0	2
443.0	2
964.0	2
884.0	2
905.0	2
758.0	2
828.0	2
1052.0	2
1089.0	2
847.0	2
667.0	2
977.0	2
375.0	2
1240.0	2
720.0	2
911.0	2
1115.0	2
944.0	2
992.0	2
1261.0	2
528.0	2
568.0	2
802.0	2
759.0	2
1011.0	2
1252.0	2
628.0	2
736.0	2
938.0	2
872.0	2
226.0	2
1340.0	2
1032.0	2
688.0	2
1007.0	2
693.0	2
695.0	2
954.0	2
1003.0	2
274.0	2
960.0	2
826.0	2
1450.0	2
1161.0	2
900.0	2
1005.0	2
1249.0	2
952.0	2
877.0	2
1569.0	2
408.0	2
1612.0	2
624.0	2
457.0	2
1242.0	2
1788.0	2
989.0	2
604.0	2
743.0	2
1260.0	2
874.0	2
805.0	2
929.0	2
1018.0	2
1096.0	2
859.0	1
1106.0	1
