Value	Count
12.0	37
33.0	35
18.0	34
32.0	31
27.0	29
36.0	27
21.0	25
15.0	25
13.0	22
64.0	21
78.0	20
31.0	20
54.0	18
185.0	17
38.0	17
87.0	17
16.0	16
39.0	16
70.0	16
24.0	16
19.0	15
51.0	14
41.0	14
292.0	14
96.0	14
35.0	14
99.0	14
93.0	13
893.0	13
46.0	13
113.0	13
22.0	13
198.0	13
11.0	13
219.0	13
512.0	12
740.0	12
629.0	12
81.0	12
67.0	12
40.0	12
76.0	12
1714.0	12
412.0	12
30.0	12
533.0	12
52.0	12
69.0	12
23.0	11
14.0	11
147.0	11
1497.0	11
20.0	11
214.0	11
179.0	11
568.0	11
1374.0	11
800.0	11
120.0	11
1770.0	11
1543.0	11
904.0	11
28.0	11
72.0	11
290.0	11
135.0	10
1229.0	10
1206.0	10
48.0	10
421.0	10
766.0	10
119.0	10
347.0	10
68.0	10
441.0	10
233.0	10
323.0	10
1257.0	10
395.0	10
1213.0	10
49.0	10
727.0	10
130.0	10
1884.0	10
284.0	10
53.0	10
178.0	10
108.0	10
110.0	10
1880.0	10
1084.0	9
201.0	9
657.0	9
1350.0	9
1387.0	9
1321.0	9
1004.0	9
426.0	9
26.0	9
237.0	9
60.0	9
313.0	9
694.0	9
193.0	9
1055.0	9
256.0	9
225.0	9
57.0	9
138.0	9
1145.0	9
105.0	9
592.0	9
1171.0	9
378.0	9
1372.0	9
928.0	9
744.0	9
825.0	9
889.0	8
332.0	8
1128.0	8
285.0	8
1358.0	8
1792.0	8
79.0	8
189.0	8
1302.0	8
915.0	8
887.0	8
312.0	8
109.0	8
1932.0	8
95.0	8
482.0	8
29.0	8
385.0	8
17.0	8
848.0	8
58.0	8
373.0	8
515.0	8
896.0	8
1143.0	8
223.0	8
297.0	8
878.0	8
677.0	8
1351.0	8
226.0	8
379.0	8
558.0	8
1651.0	8
1569.0	8
63.0	8
305.0	7
167.0	7
1838.0	7
399.0	7
910.0	7
2401.0	7
1278.0	7
211.0	7
337.0	7
686.0	7
1480.0	7
1073.0	7
572.0	7
122.0	7
1370.0	7
711.0	7
65.0	7
191.0	7
1656.0	7
1074.0	7
855.0	7
561.0	7
184.0	7
2337.0	7
1108.0	7
1946.0	7
900.0	7
702.0	7
218.0	7
133.0	7
1236.0	7
301.0	7
2429.0	7
44.0	7
486.0	7
796.0	7
124.0	7
460.0	7
862.0	7
1044.0	7
304.0	7
611.0	7
509.0	7
42.0	7
600.0	7
1509.0	7
392.0	7
505.0	7
365.0	7
1773.0	7
423.0	7
550.0	7
1209.0	7
1168.0	7
166.0	7
1007.0	7
1484.0	7
111.0	7
1971.0	7
1283.0	7
884.0	7
272.0	7
195.0	7
1710.0	7
398.0	7
1502.0	7
789.0	7
288.0	7
196.0	7
635.0	7
757.0	7
773.0	7
1023.0	7
139.0	7
1153.0	7
472.0	7
1196.0	7
1785.0	7
339.0	7
74.0	7
527.0	7
927.0	7
216.0	7
689.0	7
1465.0	7
144.0	7
112.0	7
1042.0	7
615.0	7
319.0	7
1701.0	7
253.0	7
921.0	7
153.0	7
980.0	7
117.0	7
128.0	6
1079.0	6
249.0	6
1215.0	6
66.0	6
623.0	6
141.0	6
839.0	6
3304.0	6
1760.0	6
446.0	6
1476.0	6
2114.0	6
1223.0	6
1427.0	6
782.0	6
1554.0	6
1513.0	6
1393.0	6
136.0	6
858.0	6
107.0	6
341.0	6
1904.0	6
1923.0	6
922.0	6
1081.0	6
555.0	6
756.0	6
1180.0	6
206.0	6
581.0	6
497.0	6
517.0	6
1034.0	6
1745.0	6
837.0	6
155.0	6
924.0	6
1291.0	6
410.0	6
599.0	6
1559.0	6
351.0	6
384.0	6
34.0	6
1709.0	6
47.0	6
454.0	6
170.0	6
680.0	6
186.0	6
176.0	6
971.0	6
553.0	6
785.0	6
1428.0	6
1109.0	6
149.0	6
579.0	6
2389.0	6
134.0	6
2010.0	6
275.0	6
45.0	6
158.0	6
1178.0	6
215.0	6
708.0	6
818.0	6
1508.0	6
1159.0	6
570.0	6
131.0	6
1010.0	6
306.0	6
1049.0	6
210.0	6
1987.0	6
926.0	6
933.0	6
1163.0	6
571.0	6
259.0	6
1120.0	6
504.0	6
734.0	6
1613.0	6
142.0	6
1934.0	6
587.0	6
908.0	6
650.0	6
743.0	6
521.0	6
1330.0	6
644.0	6
525.0	6
565.0	6
2042.0	6
643.0	6
761.0	6
1015.0	6
330.0	6
1245.0	6
116.0	6
857.0	6
1426.0	6
1095.0	6
777.0	6
569.0	6
455.0	6
1057.0	6
696.0	6
92.0	6
779.0	6
4476.0	6
866.0	6
582.0	6
264.0	6
982.0	6
656.0	6
1141.0	6
140.0	6
1137.0	5
231.0	5
362.0	5
1743.0	5
315.0	5
988.0	5
613.0	5
1711.0	5
2172.0	5
1065.0	5
406.0	5
1732.0	5
430.0	5
1539.0	5
1514.0	5
380.0	5
1246.0	5
1289.0	5
467.0	5
1469.0	5
952.0	5
2829.0	5
469.0	5
1309.0	5
1834.0	5
1047.0	5
1887.0	5
1203.0	5
100.0	5
1300.0	5
129.0	5
224.0	5
2163.0	5
1439.0	5
1473.0	5
772.0	5
222.0	5
252.0	5
235.0	5
43.0	5
3003.0	5
1555.0	5
492.0	5
1516.0	5
970.0	5
1753.0	5
1633.0	5
2613.0	5
1366.0	5
529.0	5
343.0	5
1523.0	5
542.0	5
3864.0	5
838.0	5
1288.0	5
241.0	5
1383.0	5
554.0	5
402.0	5
1557.0	5
273.0	5
2260.0	5
1989.0	5
543.0	5
1277.0	5
103.0	5
190.0	5
1675.0	5
1026.0	5
1627.0	5
1603.0	5
1146.0	5
667.0	5
355.0	5
2036.0	5
1629.0	5
1818.0	5
508.0	5
590.0	5
1380.0	5
784.0	5
308.0	5
1025.0	5
905.0	5
307.0	5
220.0	5
943.0	5
868.0	5
1702.0	5
276.0	5
309.0	5
1790.0	5
1398.0	5
776.0	5
490.0	5
1644.0	5
938.0	5
742.0	5
56.0	5
1715.0	5
101.0	5
132.0	5
1279.0	5
819.0	5
2939.0	5
340.0	5
175.0	5
531.0	5
1263.0	5
795.0	5
1121.0	5
1688.0	5
6.0	5
310.0	5
2326.0	5
1165.0	5
932.0	5
835.0	5
1328.0	5
2708.0	5
1303.0	5
1067.0	5
2083.0	5
205.0	5
758.0	5
969.0	5
831.0	5
872.0	5
411.0	5
549.0	5
892.0	5
1066.0	5
2947.0	5
2052.0	5
344.0	5
2187.0	5
1459.0	5
321.0	5
961.0	5
1517.0	5
2045.0	5
617.0	5
1152.0	5
993.0	5
791.0	5
145.0	5
885.0	5
1547.0	5
1273.0	5
705.0	5
760.0	5
171.0	5
1570.0	5
745.0	5
2631.0	5
1271.0	5
1089.0	5
440.0	5
1101.0	5
360.0	5
1500.0	5
2399.0	5
1003.0	5
2124.0	5
3315.0	5
404.0	5
1013.0	5
956.0	5
1237.0	5
1951.0	5
151.0	5
1518.0	5
1563.0	5
2249.0	5
741.0	5
1490.0	5
213.0	5
91.0	4
389.0	4
1638.0	4
1367.0	4
346.0	4
286.0	4
1155.0	4
1828.0	4
187.0	4
690.0	4
2054.0	4
1894.0	4
1093.0	4
1899.0	4
2475.0	4
1498.0	4
578.0	4
1658.0	4
987.0	4
1430.0	4
598.0	4
261.0	4
1927.0	4
345.0	4
947.0	4
985.0	4
83.0	4
621.0	4
3004.0	4
714.0	4
2352.0	4
752.0	4
747.0	4
182.0	4
1113.0	4
1495.0	4
841.0	4
2356.0	4
1045.0	4
2205.0	4
152.0	4
843.0	4
931.0	4
545.0	4
682.0	4
822.0	4
1807.0	4
3270.0	4
1561.0	4
3055.0	4
821.0	4
1533.0	4
1381.0	4
2089.0	4
3060.0	4
718.0	4
442.0	4
2777.0	4
1078.0	4
1272.0	4
287.0	4
645.0	4
1458.0	4
279.0	4
1112.0	4
1346.0	4
2372.0	4
655.0	4
62.0	4
408.0	4
1462.0	4
478.0	4
1640.0	4
506.0	4
1614.0	4
1654.0	4
1918.0	4
2440.0	4
405.0	4
118.0	4
828.0	4
257.0	4
2087.0	4
1985.0	4
762.0	4
2618.0	4
3269.0	4
641.0	4
675.0	4
1589.0	4
439.0	4
820.0	4
247.0	4
1778.0	4
765.0	4
71.0	4
236.0	4
909.0	4
2193.0	4
348.0	4
477.0	4
586.0	4
502.0	4
106.0	4
194.0	4
2061.0	4
519.0	4
1098.0	4
2696.0	4
1832.0	4
401.0	4
115.0	4
738.0	4
1606.0	4
726.0	4
1536.0	4
1433.0	4
1384.0	4
806.0	4
1532.0	4
483.0	4
260.0	4
580.0	4
576.0	4
913.0	4
1746.0	4
1285.0	4
1949.0	4
3305.0	4
1052.0	4
1455.0	4
1920.0	4
8.0	4
622.0	4
2002.0	4
1522.0	4
2690.0	4
299.0	4
157.0	4
890.0	4
816.0	4
870.0	4
2468.0	4
3077.0	4
1868.0	4
238.0	4
1059.0	4
1012.0	4
361.0	4
73.0	4
902.0	4
873.0	4
1674.0	4
1400.0	4
90.0	4
1649.0	4
2231.0	4
1548.0	4
1406.0	4
1812.0	4
1975.0	4
428.0	4
1698.0	4
684.0	4
895.0	4
2642.0	4
324.0	4
871.0	4
1936.0	4
1546.0	4
526.0	4
1388.0	4
1110.0	4
188.0	4
94.0	4
180.0	4
880.0	4
964.0	4
640.0	4
829.0	4
1243.0	4
474.0	4
61.0	4
2559.0	4
812.0	4
577.0	4
3347.0	4
3333.0	4
1762.0	4
1571.0	4
338.0	4
1999.0	4
1221.0	4
1916.0	4
612.0	4
2413.0	4
25.0	4
146.0	4
1043.0	4
1212.0	4
494.0	4
1842.0	4
1360.0	4
1169.0	4
1027.0	4
798.0	4
364.0	4
894.0	4
541.0	4
314.0	4
2058.0	4
1608.0	4
2836.0	4
566.0	4
1744.0	4
422.0	4
1457.0	4
2672.0	4
37.0	4
3588.0	4
1456.0	4
703.0	4
98.0	4
102.0	4
537.0	4
804.0	4
514.0	4
792.0	4
1416.0	4
245.0	4
121.0	4
2084.0	4
624.0	4
1005.0	4
805.0	4
1693.0	4
84.0	4
548.0	4
1610.0	4
192.0	4
354.0	4
692.0	4
2544.0	4
2301.0	4
1116.0	4
1869.0	3
1076.0	3
6017.0	3
403.0	3
3725.0	3
1011.0	3
903.0	3
1566.0	3
1827.0	3
1142.0	3
998.0	3
1938.0	3
501.0	3
1717.0	3
4544.0	3
2431.0	3
2535.0	3
2342.0	3
1860.0	3
917.0	3
1531.0	3
1493.0	3
1000.0	3
1188.0	3
232.0	3
3399.0	3
2952.0	3
88.0	3
3696.0	3
357.0	3
4302.0	3
769.0	3
1418.0	3
646.0	3
3376.0	3
4724.0	3
1117.0	3
723.0	3
2400.0	3
1692.0	3
1994.0	3
3895.0	3
271.0	3
2532.0	3
1222.0	3
3024.0	3
1979.0	3
2604.0	3
202.0	3
1866.0	3
1540.0	3
1056.0	3
1125.0	3
2586.0	3
1685.0	3
462.0	3
2051.0	3
934.0	3
1298.0	3
1392.0	3
771.0	3
4712.0	3
400.0	3
2351.0	3
4370.0	3
2182.0	3
2355.0	3
2920.0	3
633.0	3
1822.0	3
4407.0	3
2254.0	3
1325.0	3
329.0	3
2826.0	3
1294.0	3
778.0	3
4816.0	3
728.0	3
608.0	3
499.0	3
2048.0	3
86.0	3
1735.0	3
603.0	3
1220.0	3
815.0	3
1083.0	3
2794.0	3
596.0	3
3394.0	3
2548.0	3
4808.0	3
1706.0	3
614.0	3
2191.0	3
2344.0	3
1850.0	3
1391.0	3
148.0	3
712.0	3
3390.0	3
994.0	3
1621.0	3
4404.0	3
2719.0	3
1716.0	3
2425.0	3
1485.0	3
1852.0	3
687.0	3
1955.0	3
2303.0	3
972.0	3
409.0	3
3206.0	3
2552.0	3
1308.0	3
628.0	3
1553.0	3
1443.0	3
1995.0	3
207.0	3
562.0	3
3059.0	3
4804.0	3
754.0	3
1599.0	3
1791.0	3
1708.0	3
976.0	3
294.0	3
2098.0	3
1895.0	3
1639.0	3
1349.0	3
2946.0	3
2013.0	3
251.0	3
539.0	3
1982.0	3
664.0	3
1127.0	3
396.0	3
1740.0	3
770.0	3
852.0	3
1718.0	3
912.0	3
1440.0	3
1157.0	3
3189.0	3
2079.0	3
2914.0	3
746.0	3
1144.0	3
289.0	3
2674.0	3
165.0	3
3620.0	3
1244.0	3
2731.0	3
2245.0	3
2405.0	3
918.0	3
749.0	3
2619.0	3
1231.0	3
413.0	3
2707.0	3
3432.0	3
1965.0	3
2638.0	3
3559.0	3
786.0	3
172.0	3
676.0	3
4502.0	3
3810.0	3
3634.0	3
674.0	3
1317.0	3
2859.0	3
2100.0	3
1953.0	3
2286.0	3
1488.0	3
2606.0	3
1467.0	3
1825.0	3
1878.0	3
1695.0	3
2156.0	3
1389.0	3
1564.0	3
3274.0	3
2591.0	3
4471.0	3
2179.0	3
1204.0	3
1028.0	3
2745.0	3
200.0	3
1525.0	3
367.0	3
1499.0	3
544.0	3
653.0	3
2166.0	3
2339.0	3
2684.0	3
833.0	3
2101.0	3
942.0	3
732.0	3
480.0	3
1086.0	3
520.0	3
1924.0	3
673.0	3
1797.0	3
573.0	3
476.0	3
2525.0	3
1977.0	3
463.0	3
2053.0	3
954.0	3
277.0	3
1006.0	3
930.0	3
2227.0	3
1001.0	3
2310.0	3
298.0	3
2022.0	3
3837.0	3
352.0	3
1865.0	3
370.0	3
1420.0	3
3488.0	3
1661.0	3
1937.0	3
3754.0	3
524.0	3
2728.0	3
3290.0	3
169.0	3
523.0	3
1239.0	3
1780.0	3
1750.0	3
751.0	3
1503.0	3
2105.0	3
748.0	3
1663.0	3
2041.0	3
610.0	3
2131.0	3
1601.0	3
1290.0	3
2184.0	3
832.0	3
2957.0	3
359.0	3
951.0	3
2985.0	3
2416.0	3
2224.0	3
2046.0	3
1129.0	3
528.0	3
376.0	3
1452.0	3
1496.0	3
1542.0	3
2323.0	3
2261.0	3
999.0	3
3085.0	3
2403.0	3
2038.0	2
1070.0	2
1751.0	2
2599.0	2
4218.0	2
823.0	2
552.0	2
1630.0	2
4174.0	2
394.0	2
2246.0	2
2521.0	2
417.0	2
1619.0	2
710.0	2
1915.0	2
1721.0	2
500.0	2
2267.0	2
1855.0	2
2200.0	2
1734.0	2
433.0	2
2274.0	2
2670.0	2
1609.0	2
1903.0	2
1438.0	2
465.0	2
1945.0	2
556.0	2
1172.0	2
1338.0	2
1217.0	2
1390.0	2
1769.0	2
3210.0	2
911.0	2
1335.0	2
2662.0	2
3110.0	2
2912.0	2
4560.0	2
1238.0	2
2480.0	2
3309.0	2
1348.0	2
810.0	2
183.0	2
1839.0	2
3044.0	2
1362.0	2
4587.0	2
2841.0	2
2057.0	2
1332.0	2
3002.0	2
3070.0	2
1140.0	2
1032.0	2
2225.0	2
986.0	2
2348.0	2
1481.0	2
437.0	2
2539.0	2
1230.0	2
461.0	2
3188.0	2
278.0	2
518.0	2
5451.0	2
1988.0	2
1337.0	2
1041.0	2
487.0	2
2721.0	2
2513.0	2
1069.0	2
1598.0	2
707.0	2
1365.0	2
2622.0	2
4388.0	2
1990.0	2
1757.0	2
2043.0	2
2390.0	2
2620.0	2
1454.0	2
2364.0	2
1429.0	2
77.0	2
2979.0	2
1106.0	2
846.0	2
3499.0	2
435.0	2
3976.0	2
1552.0	2
1774.0	2
2482.0	2
1147.0	2
854.0	2
651.0	2
498.0	2
243.0	2
4955.0	2
2706.0	2
2897.0	2
1435.0	2
2752.0	2
1107.0	2
606.0	2
1315.0	2
808.0	2
698.0	2
2376.0	2
534.0	2
510.0	2
2840.0	2
5541.0	2
693.0	2
1072.0	2
2637.0	2
1061.0	2
5396.0	2
1181.0	2
2580.0	2
1214.0	2
869.0	2
429.0	2
2085.0	2
89.0	2
377.0	2
4362.0	2
1240.0	2
2755.0	2
1841.0	2
2241.0	2
156.0	2
535.0	2
2436.0	2
959.0	2
3807.0	2
1583.0	2
1699.0	2
1267.0	2
3031.0	2
721.0	2
923.0	2
2037.0	2
1935.0	2
809.0	2
2360.0	2
1489.0	2
1405.0	2
265.0	2
386.0	2
1931.0	2
1768.0	2
1318.0	2
1891.0	2
2387.0	2
2809.0	2
1355.0	2
2170.0	2
369.0	2
2543.0	2
886.0	2
963.0	2
2157.0	2
2686.0	2
160.0	2
1232.0	2
1592.0	2
4858.0	2
2711.0	2
161.0	2
891.0	2
1265.0	2
1912.0	2
217.0	2
1064.0	2
1424.0	2
3401.0	2
4115.0	2
3859.0	2
1124.0	2
536.0	2
1274.0	2
1943.0	2
2412.0	2
1259.0	2
3173.0	2
2177.0	2
234.0	2
1897.0	2
671.0	2
1719.0	2
642.0	2
1200.0	2
1650.0	2
4290.0	2
827.0	2
1730.0	2
325.0	2
1901.0	2
4845.0	2
1909.0	2
847.0	2
3595.0	2
1466.0	2
1226.0	2
438.0	2
551.0	2
2989.0	2
620.0	2
3140.0	2
2689.0	2
881.0	2
1596.0	2
648.0	2
1635.0	2
1258.0	2
239.0	2
425.0	2
5898.0	2
363.0	2
1409.0	2
1419.0	2
1582.0	2
863.0	2
1138.0	2
4348.0	2
3256.0	2
3026.0	2
2432.0	2
940.0	2
1175.0	2
1017.0	2
1659.0	2
1670.0	2
2555.0	2
1520.0	2
4135.0	2
4031.0	2
269.0	2
737.0	2
431.0	2
1794.0	2
1410.0	2
1368.0	2
1255.0	2
2017.0	2
2299.0	2
996.0	2
137.0	2
1014.0	2
2626.0	2
1507.0	2
836.0	2
3587.0	2
1829.0	2
1162.0	2
2664.0	2
2294.0	2
1854.0	2
311.0	2
1154.0	2
965.0	2
317.0	2
957.0	2
1798.0	2
2003.0	2
3887.0	2
1645.0	2
2208.0	2
2505.0	2
159.0	2
1595.0	2
2832.0	2
174.0	2
1477.0	2
3135.0	2
1849.0	2
2861.0	2
1046.0	2
1037.0	2
2462.0	2
3994.0	2
2476.0	2
767.0	2
1634.0	2
1386.0	2
803.0	2
564.0	2
470.0	2
574.0	2
1877.0	2
853.0	2
4011.0	2
2069.0	2
331.0	2
1207.0	2
1326.0	2
1051.0	2
3411.0	2
1813.0	2
168.0	2
1793.0	2
948.0	2
450.0	2
2791.0	2
82.0	2
3422.0	2
2126.0	2
953.0	2
2023.0	2
1966.0	2
1250.0	2
984.0	2
2242.0	2
1748.0	2
619.0	2
2152.0	2
199.0	2
627.0	2
3324.0	2
2370.0	2
181.0	2
1882.0	2
859.0	2
1873.0	2
240.0	2
2169.0	2
3658.0	2
209.0	2
1491.0	2
1314.0	2
2133.0	2
1441.0	2
1888.0	2
1174.0	2
547.0	2
3881.0	2
1960.0	2
3669.0	2
1094.0	2
2774.0	2
2292.0	2
1177.0	2
2855.0	2
493.0	2
1581.0	2
1810.0	2
2417.0	2
516.0	2
2115.0	2
678.0	2
1831.0	2
4545.0	2
1253.0	2
3440.0	2
2144.0	2
2250.0	2
4575.0	2
2776.0	2
733.0	2
75.0	2
2741.0	2
1343.0	2
1342.0	2
730.0	2
4913.0	2
3178.0	2
1021.0	2
1340.0	2
1752.0	2
1363.0	2
1018.0	2
3943.0	2
1050.0	2
2109.0	2
991.0	2
591.0	2
2130.0	2
4669.0	2
1576.0	2
3272.0	2
1600.0	2
1846.0	2
1402.0	2
1722.0	2
424.0	2
356.0	2
2365.0	2
2515.0	2
639.0	2
1161.0	2
1524.0	2
2159.0	2
1376.0	2
1186.0	2
2498.0	2
1447.0	2
1725.0	2
445.0	2
2317.0	2
2270.0	2
1551.0	2
447.0	2
2875.0	2
1256.0	2
1684.0	2
1694.0	2
3118.0	2
2956.0	2
1397.0	2
949.0	2
2347.0	2
1422.0	2
929.0	2
3051.0	2
4832.0	2
3339.0	2
753.0	2
1470.0	2
342.0	2
813.0	2
1260.0	2
3389.0	2
336.0	2
6322.0	2
296.0	2
1475.0	2
1252.0	2
662.0	2
2984.0	2
1731.0	2
2667.0	2
3381.0	2
1637.0	2
280.0	2
368.0	2
1973.0	2
104.0	2
126.0	2
2687.0	2
2345.0	2
230.0	2
666.0	2
4333.0	2
530.0	2
788.0	2
2313.0	2
546.0	2
1187.0	2
3061.0	2
1448.0	2
9.0	2
3867.0	2
1415.0	2
1432.0	2
4499.0	2
5977.0	2
2102.0	2
3736.0	2
1579.0	2
2075.0	2
3311.0	2
300.0	2
1741.0	2
1907.0	2
434.0	2
997.0	2
1545.0	2
322.0	2
2186.0	2
2080.0	2
3507.0	2
630.0	2
2148.0	2
3576.0	2
1707.0	2
2120.0	2
2759.0	2
685.0	2
826.0	2
2557.0	2
3025.0	2
1396.0	2
3447.0	2
2328.0	2
1847.0	2
1173.0	2
670.0	2
851.0	2
162.0	2
1504.0	2
937.0	2
1353.0	2
1224.0	2
302.0	2
879.0	2
2748.0	2
3084.0	2
3364.0	2
371.0	2
1135.0	2
229.0	2
1874.0	2
4708.0	2
3081.0	2
4186.0	2
513.0	2
1412.0	2
724.0	2
2394.0	2
1102.0	2
1681.0	2
801.0	2
2465.0	2
2404.0	2
1879.0	2
876.0	2
1736.0	2
244.0	2
1758.0	2
316.0	2
2466.0	2
3307.0	2
914.0	2
1605.0	2
1202.0	2
2872.0	2
4876.0	2
875.0	2
2143.0	2
2677.0	2
3382.0	2
5399.0	2
1176.0	2
787.0	2
2032.0	2
2374.0	2
701.0	2
3637.0	2
1062.0	2
1486.0	2
1642.0	2
2039.0	2
897.0	2
2803.0	2
935.0	2
1590.0	2
335.0	2
1556.0	2
1008.0	2
1404.0	2
1333.0	2
888.0	2
2695.0	2
163.0	2
4938.0	2
1119.0	2
318.0	2
2797.0	2
1875.0	2
2354.0	2
830.0	2
2697.0	2
2574.0	2
660.0	2
1565.0	2
2517.0	2
4389.0	2
1836.0	2
1641.0	2
2545.0	2
1607.0	2
1900.0	2
246.0	2
4343.0	2
867.0	2
717.0	2
2139.0	2
1286.0	2
1190.0	2
1035.0	2
2248.0	2
1090.0	2
3530.0	2
995.0	2
936.0	2
3130.0	2
2232.0	2
2253.0	2
2194.0	2
97.0	2
1653.0	2
1729.0	2
6328.0	2
2585.0	2
2012.0	2
3713.0	2
1444.0	2
2701.0	2
3254.0	2
1799.0	2
1673.0	2
1305.0	2
3048.0	2
164.0	2
2025.0	2
688.0	2
1323.0	2
2905.0	2
683.0	2
3012.0	2
2141.0	2
605.0	2
1902.0	2
2880.0	2
588.0	2
1575.0	2
1482.0	2
1972.0	2
2384.0	2
4486.0	2
1195.0	2
55.0	2
10.0	2
127.0	2
2648.0	2
2644.0	2
4137.0	2
1494.0	2
2493.0	2
2128.0	2
594.0	2
1104.0	2
3572.0	2
326.0	2
2782.0	2
327.0	2
1737.0	2
790.0	2
1558.0	2
1591.0	2
1779.0	2
780.0	2
1197.0	2
2681.0	2
3072.0	2
2056.0	2
1657.0	2
415.0	2
1864.0	2
2258.0	2
1802.0	2
3993.0	2
2329.0	2
722.0	2
1189.0	2
3080.0	2
2487.0	2
2822.0	2
1369.0	2
1327.0	2
2981.0	2
3073.0	2
2570.0	2
2669.0	2
143.0	2
3970.0	2
1671.0	2
150.0	2
2639.0	2
2751.0	2
602.0	2
1191.0	2
263.0	2
3485.0	2
3142.0	2
1296.0	2
898.0	2
1167.0	2
978.0	2
1464.0	2
704.0	2
736.0	2
735.0	2
3306.0	2
2652.0	2
4387.0	2
3931.0	2
1574.0	2
2150.0	2
1806.0	2
1624.0	2
511.0	2
2484.0	2
1421.0	2
3151.0	2
1597.0	2
2077.0	2
177.0	2
865.0	2
2004.0	2
1446.0	2
1268.0	2
388.0	2
2140.0	2
1281.0	2
1356.0	2
3353.0	2
491.0	2
1926.0	2
125.0	2
2117.0	2
1749.0	2
2094.0	2
563.0	2
1149.0	2
1615.0	2
1216.0	2
944.0	2
2314.0	2
2409.0	2
3187.0	2
672.0	2
3614.0	2
1795.0	2
1407.0	2
607.0	2
2489.0	2
2975.0	2
473.0	2
649.0	2
123.0	2
2983.0	2
2333.0	2
763.0	2
2634.0	2
1193.0	2
604.0	2
4641.0	2
1436.0	2
2641.0	2
632.0	2
254.0	2
1105.0	2
4155.0	2
2116.0	2
1992.0	2
1208.0	2
522.0	2
1054.0	2
303.0	2
1738.0	2
764.0	2
669.0	2
1099.0	2
1080.0	2
967.0	2
3363.0	2
3069.0	2
1534.0	2
2474.0	2
212.0	2
700.0	2
2428.0	2
1910.0	2
2371.0	2
1672.0	2
1379.0	2
2206.0	2
1622.0	2
283.0	2
2857.0	2
595.0	2
3008.0	2
2099.0	2
1158.0	2
496.0	2
575.0	2
874.0	2
2230.0	2
1261.0	2
291.0	2
2651.0	2
333.0	2
941.0	2
59.0	2
975.0	2
2500.0	2
2908.0	2
950.0	2
2189.0	2
1830.0	2
3824.0	2
3439.0	2
358.0	2
50.0	2
475.0	2
2501.0	2
2496.0	2
2713.0	2
2268.0	2
4628.0	2
2608.0	2
449.0	2
1345.0	2
1100.0	2
1474.0	2
844.0	2
5569.0	2
634.0	2
2473.0	2
1511.0	2
1956.0	2
1529.0	2
1194.0	2
1301.0	2
1501.0	2
799.0	2
1248.0	2
2336.0	2
638.0	2
1185.0	2
2621.0	2
1201.0	2
2001.0	1
495.0	1
3244.0	1
567.0	1
1826.0	1
3988.0	1
661.0	1
2510.0	1
1307.0	1
2795.0	1
