Value	Count
33.0	45
5.0	43
35.0	35
15.0	34
6.0	34
100.0	33
4.0	32
7.0	31
34.0	31
10.0	29
68.0	29
8.0	29
27.0	28
32.0	28
40.0	28
48.0	28
121.0	28
22.0	28
18.0	28
12.0	27
9.0	27
82.0	27
39.0	27
16.0	27
17.0	26
30.0	26
119.0	25
138.0	25
21.0	25
20.0	24
42.0	24
28.0	24
13.0	24
226.0	23
488.0	23
91.0	23
31.0	23
350.0	23
23.0	22
45.0	22
54.0	22
61.0	21
41.0	21
3.0	21
38.0	21
221.0	21
261.0	21
64.0	21
29.0	20
380.0	20
71.0	20
81.0	20
266.0	20
76.0	20
295.0	19
37.0	19
24.0	19
426.0	19
14.0	19
84.0	19
165.0	19
107.0	18
190.0	18
98.0	18
36.0	18
225.0	18
58.0	18
265.0	18
49.0	18
169.0	18
78.0	17
99.0	17
86.0	17
65.0	17
95.0	17
19.0	17
248.0	17
298.0	17
202.0	17
263.0	16
79.0	16
276.0	16
289.0	16
26.0	16
181.0	16
232.0	16
11.0	16
207.0	16
175.0	16
25.0	16
50.0	16
311.0	16
324.0	15
345.0	15
177.0	15
332.0	15
541.0	15
235.0	15
220.0	15
268.0	15
152.0	15
69.0	15
296.0	15
312.0	15
153.0	15
567.0	15
70.0	14
96.0	14
63.0	14
537.0	14
2.0	14
126.0	14
483.0	14
130.0	14
143.0	14
526.0	14
441.0	14
522.0	14
43.0	14
101.0	14
57.0	14
161.0	14
238.0	14
323.0	14
279.0	14
52.0	14
246.0	14
55.0	14
243.0	14
244.0	13
252.0	13
97.0	13
135.0	13
222.0	13
460.0	13
424.0	13
110.0	13
59.0	13
285.0	13
137.0	13
89.0	13
257.0	13
267.0	13
477.0	13
103.0	13
60.0	13
382.0	13
611.0	13
66.0	13
146.0	13
201.0	13
465.0	13
193.0	12
131.0	12
224.0	12
75.0	12
88.0	12
125.0	12
566.0	12
209.0	12
319.0	12
51.0	12
90.0	12
141.0	12
176.0	12
241.0	12
123.0	12
187.0	12
227.0	12
272.0	12
157.0	12
94.0	12
255.0	12
192.0	12
53.0	12
114.0	12
196.0	12
236.0	12
396.0	12
77.0	12
204.0	12
212.0	12
140.0	12
372.0	12
46.0	11
134.0	11
436.0	11
787.0	11
479.0	11
673.0	11
208.0	11
120.0	11
117.0	11
184.0	11
422.0	11
206.0	11
439.0	11
240.0	11
113.0	11
395.0	11
393.0	11
658.0	11
629.0	11
284.0	11
183.0	11
299.0	11
198.0	11
223.0	11
544.0	11
300.0	11
274.0	11
230.0	11
239.0	11
254.0	11
508.0	10
501.0	10
651.0	10
432.0	10
348.0	10
476.0	10
150.0	10
675.0	10
538.0	10
362.0	10
554.0	10
251.0	10
399.0	10
151.0	10
663.0	10
189.0	10
601.0	10
604.0	10
327.0	10
375.0	10
369.0	10
127.0	10
293.0	10
172.0	10
446.0	10
320.0	10
256.0	10
191.0	10
370.0	10
166.0	10
513.0	10
199.0	10
367.0	10
310.0	10
353.0	10
315.0	10
430.0	10
280.0	10
504.0	10
346.0	10
186.0	10
451.0	10
517.0	10
761.0	9
56.0	9
73.0	9
356.0	9
124.0	9
908.0	9
128.0	9
287.0	9
325.0	9
389.0	9
459.0	9
273.0	9
374.0	9
712.0	9
561.0	9
750.0	9
379.0	9
44.0	9
527.0	9
449.0	9
343.0	9
316.0	9
406.0	9
330.0	9
339.0	9
72.0	9
557.0	9
502.0	9
122.0	9
605.0	9
331.0	9
633.0	9
129.0	9
453.0	9
93.0	9
564.0	9
590.0	9
766.0	9
640.0	9
247.0	9
524.0	9
685.0	9
233.0	9
237.0	9
619.0	9
218.0	8
457.0	8
164.0	8
585.0	8
418.0	8
145.0	8
740.0	8
939.0	8
428.0	8
185.0	8
269.0	8
249.0	8
105.0	8
757.0	8
437.0	8
215.0	8
959.0	8
454.0	8
744.0	8
160.0	8
260.0	8
259.0	8
47.0	8
291.0	8
940.0	8
450.0	8
578.0	8
467.0	8
440.0	8
195.0	8
229.0	8
470.0	8
405.0	8
142.0	8
780.0	8
500.0	8
163.0	8
592.0	8
681.0	8
717.0	8
357.0	8
1126.0	8
321.0	8
1045.0	8
721.0	8
365.0	8
219.0	7
154.0	7
417.0	7
74.0	7
565.0	7
245.0	7
551.0	7
407.0	7
886.0	7
302.0	7
87.0	7
494.0	7
159.0	7
689.0	7
610.0	7
179.0	7
67.0	7
378.0	7
283.0	7
108.0	7
464.0	7
155.0	7
515.0	7
873.0	7
92.0	7
335.0	7
297.0	7
773.0	7
322.0	7
550.0	7
1141.0	7
679.0	7
144.0	7
317.0	7
419.0	7
158.0	7
772.0	7
455.0	7
213.0	7
548.0	7
250.0	7
903.0	7
341.0	7
480.0	7
111.0	7
80.0	7
630.0	7
337.0	7
275.0	7
433.0	7
180.0	7
1018.0	7
205.0	7
178.0	7
435.0	7
62.0	7
102.0	7
447.0	7
326.0	7
690.0	7
525.0	7
731.0	7
489.0	7
253.0	7
650.0	7
234.0	7
571.0	7
769.0	7
472.0	7
916.0	7
833.0	7
336.0	6
701.0	6
573.0	6
338.0	6
919.0	6
373.0	6
458.0	6
530.0	6
826.0	6
586.0	6
394.0	6
427.0	6
306.0	6
408.0	6
217.0	6
520.0	6
210.0	6
514.0	6
270.0	6
423.0	6
286.0	6
414.0	6
329.0	6
397.0	6
203.0	6
277.0	6
381.0	6
535.0	6
148.0	6
713.0	6
863.0	6
294.0	6
171.0	6
292.0	6
420.0	6
1158.0	6
281.0	6
486.0	6
562.0	6
104.0	6
352.0	6
228.0	6
1070.0	6
1019.0	6
385.0	6
816.0	6
771.0	6
216.0	6
156.0	6
725.0	6
735.0	6
677.0	6
608.0	6
314.0	6
262.0	6
149.0	6
214.0	6
118.0	6
194.0	6
403.0	6
723.0	6
706.0	6
358.0	6
493.0	6
745.0	6
388.0	6
1087.0	6
133.0	6
115.0	6
609.0	6
328.0	6
264.0	6
697.0	6
671.0	6
174.0	6
434.0	5
546.0	5
577.0	5
1041.0	5
313.0	5
401.0	5
496.0	5
366.0	5
364.0	5
463.0	5
543.0	5
839.0	5
615.0	5
359.0	5
529.0	5
305.0	5
1434.0	5
588.0	5
845.0	5
891.0	5
231.0	5
797.0	5
722.0	5
779.0	5
304.0	5
355.0	5
975.0	5
303.0	5
847.0	5
782.0	5
591.0	5
967.0	5
442.0	5
333.0	5
709.0	5
652.0	5
167.0	5
490.0	5
553.0	5
170.0	5
790.0	5
1054.0	5
510.0	5
733.0	5
572.0	5
506.0	5
404.0	5
775.0	5
354.0	5
1112.0	5
911.0	5
580.0	5
866.0	5
344.0	5
1372.0	5
503.0	5
1143.0	5
168.0	5
1373.0	5
870.0	5
555.0	5
386.0	5
556.0	5
539.0	5
649.0	5
1046.0	5
742.0	5
704.0	5
634.0	5
1270.0	5
990.0	5
674.0	5
1037.0	5
377.0	5
1078.0	5
794.0	4
715.0	4
754.0	4
998.0	4
1519.0	4
139.0	4
954.0	4
197.0	4
646.0	4
902.0	4
777.0	4
570.0	4
416.0	4
1533.0	4
947.0	4
568.0	4
884.0	4
703.0	4
1248.0	4
602.0	4
955.0	4
492.0	4
613.0	4
670.0	4
1145.0	4
756.0	4
282.0	4
473.0	4
751.0	4
1654.0	4
361.0	4
820.0	4
913.0	4
692.0	4
478.0	4
342.0	4
808.0	4
739.0	4
136.0	4
753.0	4
1504.0	4
497.0	4
1221.0	4
694.0	4
1090.0	4
307.0	4
109.0	4
843.0	4
581.0	4
1349.0	4
781.0	4
85.0	4
979.0	4
710.0	4
676.0	4
549.0	4
531.0	4
598.0	4
429.0	4
1091.0	4
540.0	4
612.0	4
518.0	4
462.0	4
755.0	4
1005.0	4
871.0	4
1283.0	4
200.0	4
1040.0	4
188.0	4
471.0	4
242.0	4
1253.0	4
347.0	4
271.0	4
934.0	4
684.0	4
383.0	4
784.0	4
461.0	4
796.0	4
683.0	4
638.0	4
1020.0	4
384.0	4
589.0	4
290.0	4
798.0	4
1275.0	4
802.0	4
474.0	4
993.0	4
392.0	4
162.0	4
438.0	4
387.0	4
1156.0	4
415.0	4
211.0	4
972.0	4
301.0	4
106.0	4
783.0	4
628.0	4
421.0	4
391.0	4
1139.0	4
507.0	4
147.0	4
647.0	4
702.0	4
714.0	4
547.0	4
258.0	4
484.0	4
487.0	4
173.0	4
736.0	4
112.0	4
922.0	4
849.0	4
444.0	4
1646.0	3
1137.0	3
1501.0	3
1625.0	3
582.0	3
764.0	3
716.0	3
1113.0	3
469.0	3
1233.0	3
1954.0	3
666.0	3
762.0	3
1035.0	3
643.0	3
2116.0	3
1009.0	3
636.0	3
854.0	3
1084.0	3
1008.0	3
1226.0	3
785.0	3
957.0	3
569.0	3
456.0	3
1210.0	3
603.0	3
737.0	3
1318.0	3
600.0	3
1053.0	3
748.0	3
1276.0	3
1369.0	3
1181.0	3
1017.0	3
1742.0	3
1981.0	3
1547.0	3
1502.0	3
734.0	3
443.0	3
495.0	3
809.0	3
511.0	3
1830.0	3
875.0	3
827.0	3
832.0	3
597.0	3
1936.0	3
1144.0	3
623.0	3
830.0	3
635.0	3
822.0	3
729.0	3
1970.0	3
1067.0	3
997.0	3
890.0	3
852.0	3
363.0	3
627.0	3
641.0	3
856.0	3
758.0	3
1222.0	3
523.0	3
1331.0	3
929.0	3
1231.0	3
1159.0	3
491.0	3
1134.0	3
1292.0	3
982.0	3
1243.0	3
1433.0	3
1579.0	3
999.0	3
584.0	3
599.0	3
485.0	3
705.0	3
1467.0	3
1149.0	3
1061.0	3
509.0	3
1129.0	3
973.0	3
402.0	3
664.0	3
774.0	2
1166.0	2
1066.0	2
1063.0	2
1215.0	2
533.0	2
1225.0	2
2316.0	2
587.0	2
883.0	2
1629.0	2
1073.0	2
810.0	2
860.0	2
625.0	2
1338.0	2
743.0	2
622.0	2
788.0	2
887.0	2
498.0	2
596.0	2
1190.0	2
892.0	2
1550.0	2
528.0	2
904.0	2
1123.0	2
1458.0	2
1277.0	2
1049.0	2
616.0	2
1668.0	2
1984.0	2
1052.0	2
932.0	2
1513.0	2
730.0	2
1256.0	2
1675.0	2
607.0	2
857.0	2
1529.0	2
1280.0	2
309.0	2
542.0	2
340.0	2
1710.0	2
1065.0	2
936.0	2
909.0	2
1396.0	2
411.0	2
732.0	2
1164.0	2
1761.0	2
799.0	2
620.0	2
889.0	2
1806.0	2
991.0	2
1294.0	2
1000.0	2
726.0	2
893.0	2
1076.0	2
1925.0	2
986.0	2
818.0	2
841.0	2
1182.0	2
624.0	2
1453.0	2
308.0	2
1908.0	2
1238.0	2
811.0	2
576.0	2
410.0	2
910.0	2
475.0	2
962.0	2
741.0	2
1498.0	2
1552.0	2
899.0	2
946.0	2
1544.0	2
431.0	2
1147.0	2
448.0	2
1163.0	2
521.0	2
1743.0	2
1239.0	2
1059.0	2
825.0	2
505.0	2
626.0	2
655.0	2
976.0	2
1022.0	2
1085.0	2
1174.0	2
1526.0	2
1002.0	2
1154.0	2
1398.0	2
1586.0	2
1197.0	2
1036.0	2
132.0	2
1198.0	2
805.0	2
1135.0	2
711.0	2
778.0	2
1064.0	2
654.0	2
1015.0	2
1340.0	2
1184.0	2
661.0	2
1004.0	2
1206.0	2
499.0	2
1122.0	2
614.0	2
1025.0	2
878.0	2
1414.0	2
1330.0	2
823.0	2
116.0	2
644.0	2
1001.0	2
368.0	2
1289.0	2
532.0	2
574.0	2
468.0	2
678.0	2
1341.0	2
970.0	2
686.0	2
978.0	2
1512.0	2
2900.0	2
691.0	2
937.0	2
795.0	2
425.0	2
1077.0	2
1155.0	2
595.0	2
83.0	2
829.0	2
1042.0	2
1224.0	2
1051.0	2
846.0	2
2094.0	2
1395.0	2
851.0	2
334.0	2
1188.0	2
945.0	2
1680.0	2
699.0	2
989.0	2
1713.0	2
1138.0	2
931.0	2
2374.0	2
481.0	2
606.0	2
1208.0	2
1116.0	2
1024.0	2
1043.0	2
560.0	2
1003.0	2
943.0	2
400.0	2
738.0	2
786.0	2
660.0	2
1300.0	2
519.0	2
1033.0	2
657.0	2
1910.0	2
672.0	2
1857.0	2
575.0	2
1995.0	2
682.0	2
288.0	2
1130.0	2
914.0	2
1598.0	2
1060.0	2
770.0	2
727.0	2
318.0	2
1047.0	2
390.0	2
759.0	2
1115.0	2
1117.0	2
512.0	2
648.0	2
631.0	2
2505.0	2
618.0	2
579.0	2
1869.0	2
987.0	2
516.0	2
182.0	2
680.0	2
1202.0	2
1200.0	2
559.0	2
1554.0	2
1081.0	2
2185.0	2
838.0	2
1903.0	2
1098.0	2
2254.0	2
994.0	2
1317.0	2
881.0	2
645.0	2
1321.0	2
1150.0	2
1194.0	2
1505.0	2
1257.0	2
765.0	2
1028.0	2
552.0	2
928.0	2
1301.0	2
637.0	2
1006.0	2
768.0	2
349.0	2
888.0	2
1942.0	2
1094.0	2
941.0	2
985.0	2
594.0	2
412.0	2
583.0	2
1444.0	2
1842.0	2
747.0	2
1996.0	2
621.0	2
445.0	2
837.0	2
917.0	2
1855.0	2
815.0	2
1196.0	2
882.0	2
1133.0	2
2006.0	2
918.0	2
482.0	2
1103.0	2
1439.0	2
876.0	2
1391.0	2
688.0	2
351.0	2
662.0	2
879.0	2
398.0	2
1273.0	1
466.0	1
