Value	Count
12.0	56
6.0	54
4.0	53
11.0	45
13.0	44
5.0	34
19.0	33
16.0	33
18.0	32
44.0	31
29.0	30
34.0	30
32.0	30
9.0	30
8.0	29
36.0	29
31.0	28
23.0	28
291.0	27
7.0	27
30.0	26
49.0	26
26.0	25
22.0	24
21.0	24
63.0	24
133.0	24
65.0	23
3.0	23
529.0	23
172.0	23
2.0	23
14.0	22
41.0	22
138.0	22
342.0	22
25.0	21
251.0	21
246.0	21
86.0	21
10.0	20
28.0	20
132.0	20
95.0	20
301.0	20
106.0	20
198.0	20
96.0	20
215.0	20
33.0	20
216.0	19
293.0	19
48.0	19
152.0	19
431.0	19
45.0	19
57.0	19
78.0	18
358.0	18
154.0	18
56.0	18
70.0	18
113.0	18
17.0	18
392.0	18
39.0	18
304.0	18
323.0	18
84.0	18
238.0	17
189.0	17
165.0	17
337.0	17
180.0	17
178.0	17
145.0	17
486.0	17
38.0	17
208.0	17
348.0	16
51.0	16
35.0	16
160.0	16
373.0	16
59.0	16
15.0	16
118.0	16
24.0	16
312.0	16
210.0	16
77.0	16
455.0	16
621.0	16
91.0	16
131.0	16
393.0	16
187.0	16
204.0	15
62.0	15
202.0	15
73.0	15
269.0	15
101.0	15
265.0	15
186.0	15
203.0	15
142.0	15
416.0	15
102.0	15
464.0	15
214.0	15
170.0	15
201.0	14
217.0	14
531.0	14
429.0	14
103.0	14
27.0	14
219.0	14
467.0	14
71.0	14
47.0	14
76.0	14
249.0	14
295.0	14
183.0	14
162.0	14
90.0	14
182.0	13
185.0	13
120.0	13
303.0	13
254.0	13
440.0	13
327.0	13
409.0	13
279.0	13
127.0	13
37.0	13
64.0	13
386.0	13
52.0	13
43.0	13
721.0	13
341.0	13
259.0	13
92.0	13
83.0	13
311.0	13
40.0	13
109.0	13
396.0	13
250.0	13
53.0	13
93.0	13
340.0	13
85.0	13
270.0	13
98.0	13
432.0	13
121.0	13
268.0	12
451.0	12
80.0	12
457.0	12
213.0	12
299.0	12
346.0	12
285.0	12
456.0	12
155.0	12
141.0	12
151.0	12
543.0	12
281.0	12
324.0	12
173.0	12
380.0	12
89.0	12
491.0	12
526.0	12
55.0	12
494.0	12
452.0	12
370.0	12
234.0	11
20.0	11
513.0	11
207.0	11
276.0	11
192.0	11
143.0	11
499.0	11
671.0	11
412.0	11
209.0	11
242.0	11
97.0	11
75.0	11
107.0	11
237.0	11
331.0	11
42.0	11
212.0	11
157.0	11
179.0	11
278.0	11
515.0	11
191.0	11
339.0	11
195.0	11
66.0	11
233.0	11
521.0	11
174.0	11
274.0	11
116.0	11
642.0	11
275.0	11
330.0	10
46.0	10
124.0	10
123.0	10
298.0	10
100.0	10
283.0	10
367.0	10
177.0	10
190.0	10
239.0	10
404.0	10
398.0	10
379.0	10
115.0	10
436.0	10
497.0	10
406.0	10
572.0	10
438.0	10
426.0	10
266.0	10
317.0	10
453.0	10
598.0	10
221.0	10
134.0	10
184.0	10
188.0	10
108.0	10
545.0	10
443.0	10
130.0	10
501.0	10
289.0	10
260.0	9
287.0	9
125.0	9
222.0	9
229.0	9
382.0	9
264.0	9
277.0	9
666.0	9
505.0	9
581.0	9
332.0	9
758.0	9
87.0	9
294.0	9
68.0	9
161.0	9
129.0	9
488.0	9
176.0	9
716.0	9
119.0	9
79.0	9
360.0	9
333.0	9
50.0	9
309.0	9
444.0	9
199.0	9
384.0	9
603.0	9
514.0	9
347.0	9
225.0	9
136.0	9
338.0	9
528.0	9
836.0	9
586.0	9
601.0	9
156.0	9
649.0	9
397.0	9
676.0	9
230.0	9
153.0	9
105.0	9
166.0	9
391.0	9
316.0	9
837.0	9
496.0	9
69.0	8
224.0	8
150.0	8
226.0	8
508.0	8
114.0	8
167.0	8
747.0	8
307.0	8
548.0	8
555.0	8
377.0	8
407.0	8
280.0	8
354.0	8
450.0	8
164.0	8
459.0	8
344.0	8
489.0	8
54.0	8
485.0	8
520.0	8
620.0	8
468.0	8
318.0	8
368.0	8
72.0	8
211.0	8
228.0	8
111.0	8
128.0	8
474.0	8
574.0	8
798.0	8
495.0	8
755.0	8
290.0	8
754.0	8
595.0	8
961.0	8
527.0	8
439.0	8
622.0	8
308.0	8
578.0	8
524.0	8
60.0	8
1035.0	8
862.0	8
694.0	8
67.0	8
175.0	8
599.0	7
487.0	7
227.0	7
585.0	7
110.0	7
403.0	7
612.0	7
74.0	7
418.0	7
193.0	7
390.0	7
252.0	7
58.0	7
168.0	7
421.0	7
682.0	7
533.0	7
205.0	7
576.0	7
284.0	7
363.0	7
1048.0	7
560.0	7
388.0	7
372.0	7
549.0	7
104.0	7
779.0	7
353.0	7
255.0	7
507.0	7
419.0	7
500.0	7
345.0	7
542.0	7
422.0	7
364.0	7
490.0	7
608.0	7
430.0	7
253.0	7
592.0	7
434.0	7
743.0	7
410.0	7
322.0	7
258.0	7
702.0	7
830.0	7
673.0	7
296.0	7
446.0	7
470.0	7
445.0	7
700.0	7
504.0	7
532.0	7
575.0	7
256.0	7
509.0	7
483.0	7
413.0	7
325.0	7
401.0	7
355.0	6
582.0	6
686.0	6
580.0	6
587.0	6
82.0	6
589.0	6
725.0	6
381.0	6
417.0	6
306.0	6
335.0	6
689.0	6
374.0	6
146.0	6
200.0	6
616.0	6
336.0	6
194.0	6
571.0	6
454.0	6
257.0	6
643.0	6
475.0	6
147.0	6
1008.0	6
482.0	6
61.0	6
719.0	6
286.0	6
181.0	6
447.0	6
302.0	6
522.0	6
137.0	6
117.0	6
869.0	6
437.0	6
484.0	6
760.0	6
565.0	6
897.0	6
1026.0	6
703.0	6
739.0	6
292.0	6
88.0	6
462.0	6
313.0	6
701.0	6
385.0	6
648.0	6
479.0	6
553.0	6
375.0	6
780.0	6
775.0	6
244.0	6
609.0	6
371.0	6
408.0	6
94.0	6
365.0	6
99.0	6
326.0	6
568.0	6
171.0	6
539.0	6
1028.0	6
663.0	6
699.0	6
937.0	6
321.0	6
247.0	6
206.0	6
271.0	6
245.0	6
827.0	6
248.0	6
1468.0	6
423.0	6
591.0	5
476.0	5
996.0	5
726.0	5
395.0	5
664.0	5
315.0	5
1111.0	5
816.0	5
611.0	5
554.0	5
481.0	5
1230.0	5
556.0	5
561.0	5
558.0	5
223.0	5
957.0	5
240.0	5
777.0	5
607.0	5
550.0	5
243.0	5
357.0	5
536.0	5
834.0	5
788.0	5
819.0	5
723.0	5
809.0	5
1228.0	5
343.0	5
818.0	5
964.0	5
803.0	5
722.0	5
773.0	5
163.0	5
1011.0	5
1059.0	5
751.0	5
894.0	5
881.0	5
144.0	5
126.0	5
774.0	5
1713.0	5
750.0	5
630.0	5
442.0	5
714.0	5
310.0	5
461.0	5
579.0	5
711.0	5
1181.0	5
559.0	5
597.0	5
900.0	5
544.0	5
872.0	5
376.0	5
1210.0	5
635.0	5
618.0	5
927.0	5
1317.0	5
387.0	5
652.0	4
781.0	4
288.0	4
465.0	4
605.0	4
732.0	4
1208.0	4
705.0	4
892.0	4
709.0	4
763.0	4
535.0	4
272.0	4
988.0	4
267.0	4
910.0	4
394.0	4
573.0	4
606.0	4
220.0	4
588.0	4
433.0	4
1085.0	4
706.0	4
472.0	4
735.0	4
473.0	4
887.0	4
627.0	4
680.0	4
218.0	4
661.0	4
516.0	4
427.0	4
1062.0	4
463.0	4
1056.0	4
399.0	4
232.0	4
861.0	4
1005.0	4
852.0	4
502.0	4
600.0	4
641.0	4
351.0	4
1364.0	4
807.0	4
305.0	4
1143.0	4
850.0	4
691.0	4
931.0	4
478.0	4
503.0	4
696.0	4
435.0	4
637.0	4
541.0	4
196.0	4
715.0	4
282.0	4
602.0	4
1045.0	4
546.0	4
334.0	4
538.0	4
563.0	4
904.0	4
1173.0	4
1106.0	4
557.0	4
782.0	4
610.0	4
681.0	4
808.0	4
231.0	4
882.0	4
1203.0	4
169.0	4
801.0	4
530.0	4
646.0	4
942.0	4
899.0	4
880.0	4
617.0	4
518.0	4
624.0	4
1755.0	4
112.0	4
139.0	4
688.0	4
636.0	4
261.0	4
415.0	4
314.0	4
122.0	4
425.0	4
236.0	4
1260.0	3
672.0	3
828.0	3
369.0	3
679.0	3
1360.0	3
1234.0	3
844.0	3
1226.0	3
1099.0	3
737.0	3
655.0	3
1759.0	3
770.0	3
623.0	3
1482.0	3
784.0	3
945.0	3
685.0	3
1193.0	3
1247.0	3
359.0	3
634.0	3
979.0	3
1663.0	3
958.0	3
570.0	3
378.0	3
736.0	3
1079.0	3
826.0	3
675.0	3
1955.0	3
941.0	3
135.0	3
1074.0	3
1288.0	3
366.0	3
2024.0	3
1172.0	3
759.0	3
1201.0	3
765.0	3
990.0	3
1241.0	3
1753.0	3
1051.0	3
915.0	3
799.0	3
969.0	3
1108.0	3
1371.0	3
1127.0	3
1123.0	3
1319.0	3
812.0	3
653.0	3
769.0	3
1429.0	3
547.0	3
441.0	3
1205.0	3
884.0	3
843.0	3
1124.0	3
684.0	3
940.0	3
566.0	3
839.0	3
959.0	3
820.0	3
761.0	3
1330.0	3
1521.0	3
1332.0	3
797.0	3
912.0	3
923.0	3
159.0	3
1195.0	3
695.0	3
1594.0	3
878.0	3
1095.0	3
1092.0	3
810.0	3
1554.0	3
793.0	3
263.0	3
1739.0	2
1186.0	2
1149.0	2
1072.0	2
1222.0	2
983.0	2
1284.0	2
81.0	2
1189.0	2
1308.0	2
1315.0	2
356.0	2
540.0	2
794.0	2
424.0	2
952.0	2
795.0	2
1279.0	2
569.0	2
1198.0	2
746.0	2
1348.0	2
537.0	2
1165.0	2
567.0	2
1613.0	2
262.0	2
471.0	2
273.0	2
733.0	2
631.0	2
596.0	2
506.0	2
349.0	2
985.0	2
1052.0	2
1023.0	2
656.0	2
628.0	2
1291.0	2
925.0	2
929.0	2
411.0	2
971.0	2
955.0	2
1235.0	2
1068.0	2
724.0	2
1192.0	2
1162.0	2
1136.0	2
1031.0	2
825.0	2
414.0	2
420.0	2
993.0	2
1141.0	2
1581.0	2
1402.0	2
1644.0	2
1661.0	2
951.0	2
1159.0	2
1419.0	2
731.0	2
1449.0	2
613.0	2
149.0	2
707.0	2
619.0	2
1507.0	2
510.0	2
693.0	2
796.0	2
480.0	2
1447.0	2
1354.0	2
1361.0	2
1486.0	2
1605.0	2
405.0	2
1027.0	2
1525.0	2
1097.0	2
1261.0	2
1073.0	2
729.0	2
888.0	2
654.0	2
791.0	2
1506.0	2
914.0	2
1041.0	2
1069.0	2
841.0	2
2040.0	2
889.0	2
466.0	2
811.0	2
849.0	2
511.0	2
704.0	2
1519.0	2
752.0	2
767.0	2
698.0	2
2007.0	2
757.0	2
902.0	2
525.0	2
787.0	2
1078.0	2
1496.0	2
948.0	2
577.0	2
197.0	2
1006.0	2
477.0	2
1197.0	2
460.0	2
629.0	2
832.0	2
1164.0	2
1728.0	2
235.0	2
687.0	2
697.0	2
1299.0	2
1082.0	2
917.0	2
997.0	2
831.0	2
1016.0	2
1528.0	2
657.0	2
1876.0	2
1302.0	2
1329.0	2
1220.0	2
930.0	2
662.0	2
991.0	2
1546.0	2
1191.0	2
911.0	2
790.0	2
362.0	2
564.0	2
1479.0	2
1038.0	2
551.0	2
498.0	2
493.0	2
492.0	2
949.0	2
1341.0	2
1029.0	2
713.0	2
448.0	2
1010.0	2
1047.0	2
1057.0	2
802.0	2
639.0	2
1993.0	2
1377.0	2
1298.0	2
1462.0	2
1202.0	2
428.0	2
1253.0	2
1044.0	2
593.0	2
1827.0	2
1384.0	2
944.0	2
383.0	2
864.0	2
1093.0	2
1376.0	2
400.0	2
922.0	2
859.0	2
932.0	2
1174.0	2
678.0	2
982.0	2
1025.0	2
1290.0	2
683.0	2
1363.0	2
879.0	2
1209.0	2
1180.0	2
956.0	2
1102.0	2
1080.0	2
449.0	2
469.0	2
768.0	2
857.0	2
523.0	2
1004.0	2
908.0	2
668.0	2
2150.0	2
1215.0	2
1350.0	2
895.0	2
1427.0	2
361.0	2
1170.0	2
562.0	2
903.0	2
883.0	2
994.0	2
1343.0	2
1672.0	2
877.0	2
748.0	2
1537.0	2
1442.0	2
1075.0	2
350.0	2
846.0	2
1126.0	2
329.0	2
148.0	2
913.0	2
1773.0	2
762.0	2
1410.0	2
1113.0	2
140.0	2
241.0	2
1368.0	2
764.0	2
584.0	2
1232.0	2
1995.0	2
1119.0	2
1109.0	2
389.0	2
833.0	2
921.0	2
300.0	2
1510.0	2
1878.0	2
998.0	2
712.0	2
1040.0	2
1448.0	2
320.0	2
866.0	2
658.0	2
1163.0	2
512.0	2
1653.0	2
871.0	2
650.0	2
970.0	2
973.0	2
659.0	2
1138.0	2
947.0	2
786.0	2
604.0	1
1121.0	1
1424.0	1
