Value	Count
12.0	257
15.0	248
18.0	223
13.0	181
33.0	168
21.0	163
27.0	161
19.0	155
8.0	148
24.0	145
11.0	144
48.0	142
39.0	141
20.0	138
36.0	136
60.0	134
9.0	132
10.0	131
51.0	130
34.0	126
16.0	125
45.0	124
28.0	123
26.0	120
30.0	119
32.0	117
42.0	117
17.0	115
22.0	112
23.0	112
37.0	111
29.0	108
35.0	108
59.0	107
80.0	107
64.0	106
40.0	105
77.0	103
31.0	102
66.0	102
926.0	101
868.0	101
14.0	100
78.0	100
58.0	100
1042.0	100
82.0	98
99.0	97
81.0	97
881.0	96
62.0	96
75.0	95
980.0	95
991.0	95
38.0	94
44.0	94
141.0	93
84.0	93
985.0	93
47.0	93
108.0	92
1039.0	92
53.0	91
912.0	91
134.0	91
43.0	91
1188.0	91
1012.0	90
50.0	90
71.0	90
1095.0	89
158.0	89
103.0	88
132.0	88
41.0	88
70.0	87
57.0	87
85.0	87
960.0	87
224.0	87
164.0	87
76.0	86
54.0	86
1159.0	86
1075.0	86
73.0	86
83.0	86
968.0	86
1035.0	85
49.0	85
67.0	85
185.0	85
1207.0	85
79.0	84
89.0	84
90.0	84
1090.0	84
1088.0	84
87.0	84
25.0	83
61.0	83
901.0	83
1040.0	83
157.0	83
123.0	83
116.0	83
867.0	82
1056.0	82
946.0	82
287.0	81
129.0	81
86.0	81
1080.0	81
92.0	81
1023.0	81
1182.0	81
46.0	81
114.0	80
1053.0	80
1109.0	80
72.0	80
953.0	80
209.0	80
68.0	80
1003.0	80
1087.0	80
1206.0	79
101.0	79
267.0	79
1058.0	79
737.0	79
102.0	79
109.0	79
937.0	79
1063.0	79
96.0	78
805.0	78
794.0	78
1060.0	78
956.0	78
1010.0	78
797.0	78
938.0	78
809.0	78
981.0	78
296.0	77
1263.0	77
853.0	77
156.0	77
1007.0	77
1029.0	77
179.0	77
591.0	76
91.0	76
1139.0	76
349.0	76
831.0	76
121.0	76
190.0	76
883.0	76
165.0	76
900.0	75
1192.0	75
65.0	75
988.0	75
921.0	75
895.0	75
1205.0	75
964.0	75
984.0	75
1044.0	74
257.0	74
1065.0	74
1172.0	74
741.0	74
162.0	74
212.0	74
126.0	74
718.0	74
930.0	74
656.0	74
106.0	74
1021.0	74
136.0	74
6.0	74
1104.0	73
147.0	73
774.0	73
743.0	73
1068.0	73
234.0	73
896.0	73
207.0	73
821.0	73
1028.0	73
1076.0	73
918.0	73
975.0	73
713.0	73
138.0	72
1097.0	72
7.0	72
1243.0	72
983.0	72
56.0	72
1245.0	72
130.0	72
124.0	72
242.0	72
781.0	72
98.0	72
833.0	72
972.0	72
683.0	72
1038.0	72
825.0	71
1015.0	71
368.0	71
283.0	71
94.0	71
695.0	71
161.0	71
276.0	71
1026.0	71
1008.0	71
366.0	71
846.0	71
222.0	71
127.0	70
850.0	70
308.0	70
888.0	70
135.0	70
197.0	70
886.0	70
696.0	70
1105.0	70
189.0	70
206.0	70
1009.0	70
74.0	70
1017.0	70
235.0	70
1049.0	70
899.0	70
1121.0	69
757.0	69
1197.0	69
1041.0	69
119.0	69
148.0	69
869.0	69
1131.0	69
1084.0	69
746.0	69
669.0	69
1030.0	69
976.0	69
167.0	69
864.0	69
874.0	69
935.0	69
152.0	69
63.0	69
1067.0	68
792.0	68
973.0	68
641.0	68
529.0	68
104.0	68
832.0	68
1133.0	68
990.0	68
219.0	68
110.0	68
941.0	68
865.0	68
657.0	68
1122.0	68
88.0	68
847.0	68
186.0	68
180.0	68
285.0	68
751.0	67
838.0	67
1037.0	67
1001.0	67
860.0	67
537.0	67
784.0	67
184.0	67
607.0	67
1002.0	67
834.0	67
133.0	67
260.0	67
674.0	67
527.0	67
933.0	67
905.0	67
1101.0	66
258.0	66
678.0	66
1155.0	66
318.0	66
1031.0	66
1163.0	66
915.0	66
1276.0	66
1118.0	66
1166.0	66
125.0	66
541.0	66
160.0	66
528.0	66
760.0	66
1136.0	65
836.0	65
1174.0	65
907.0	65
1138.0	65
772.0	65
1018.0	65
1034.0	65
69.0	65
128.0	65
880.0	65
950.0	65
750.0	65
944.0	64
1055.0	64
963.0	64
174.0	64
986.0	64
962.0	64
768.0	64
1033.0	64
715.0	64
650.0	64
659.0	64
1187.0	64
181.0	64
1125.0	64
105.0	64
1066.0	64
1043.0	64
676.0	63
327.0	63
449.0	63
1110.0	63
997.0	63
903.0	63
1020.0	63
575.0	63
492.0	63
117.0	63
517.0	63
146.0	63
897.0	63
279.0	63
666.0	63
1050.0	63
95.0	63
1142.0	63
931.0	63
910.0	63
1047.0	63
1036.0	63
112.0	63
239.0	63
299.0	63
314.0	63
909.0	63
818.0	63
879.0	63
987.0	63
924.0	63
93.0	63
348.0	62
1094.0	62
1103.0	62
1149.0	62
111.0	62
1077.0	62
1271.0	62
680.0	62
396.0	62
1153.0	62
377.0	62
610.0	62
958.0	62
339.0	62
397.0	62
461.0	62
213.0	62
925.0	62
1140.0	62
1096.0	62
298.0	62
957.0	62
854.0	62
993.0	62
1089.0	62
576.0	62
590.0	62
1209.0	62
1156.0	62
961.0	62
1078.0	62
841.0	62
699.0	62
1146.0	62
201.0	61
934.0	61
1079.0	61
1074.0	61
419.0	61
908.0	61
1022.0	61
1051.0	61
948.0	61
564.0	61
828.0	61
433.0	61
1267.0	61
203.0	61
562.0	61
137.0	61
799.0	61
978.0	61
269.0	61
1085.0	61
200.0	61
913.0	61
971.0	61
1005.0	61
494.0	61
168.0	61
892.0	61
882.0	61
1107.0	61
822.0	61
177.0	61
1099.0	60
942.0	60
378.0	60
785.0	60
506.0	60
1046.0	60
796.0	60
970.0	60
661.0	60
55.0	60
372.0	60
1308.0	60
1137.0	60
545.0	60
1300.0	60
732.0	60
807.0	60
52.0	60
1141.0	60
310.0	60
1091.0	60
558.0	60
571.0	60
889.0	60
107.0	59
789.0	59
300.0	59
745.0	59
923.0	59
829.0	59
392.0	59
793.0	59
337.0	59
196.0	59
1045.0	59
1249.0	59
204.0	59
686.0	59
884.0	59
331.0	59
690.0	59
1115.0	59
872.0	59
145.0	59
1000.0	59
434.0	59
637.0	59
786.0	59
383.0	59
1004.0	59
583.0	59
100.0	59
187.0	59
955.0	59
1220.0	59
306.0	59
270.0	59
391.0	58
1082.0	58
1069.0	58
616.0	58
1195.0	58
582.0	58
1086.0	58
425.0	58
1027.0	58
762.0	58
940.0	58
873.0	58
803.0	58
577.0	58
536.0	58
740.0	58
240.0	58
1161.0	58
998.0	58
170.0	58
265.0	58
763.0	58
1116.0	58
837.0	58
447.0	58
1167.0	58
704.0	58
248.0	58
1160.0	58
371.0	58
598.0	58
952.0	58
1178.0	58
1232.0	57
863.0	57
422.0	57
142.0	57
1057.0	57
871.0	57
800.0	57
906.0	57
1204.0	57
369.0	57
724.0	57
440.0	57
412.0	57
820.0	57
782.0	57
788.0	57
1252.0	57
753.0	57
1151.0	57
1287.0	57
294.0	57
532.0	57
655.0	57
1108.0	57
1081.0	57
322.0	57
969.0	57
205.0	57
712.0	57
795.0	57
1032.0	57
649.0	57
218.0	57
979.0	57
468.0	57
540.0	57
877.0	56
1134.0	56
264.0	56
1152.0	56
756.0	56
862.0	56
247.0	56
1203.0	56
1202.0	56
1024.0	56
553.0	56
1210.0	56
578.0	56
228.0	56
518.0	56
843.0	56
707.0	56
721.0	56
1098.0	56
1054.0	56
1240.0	56
120.0	56
813.0	56
229.0	56
627.0	56
566.0	56
898.0	56
154.0	56
370.0	56
1246.0	56
754.0	56
508.0	56
775.0	56
266.0	56
183.0	56
274.0	56
1270.0	56
1165.0	55
526.0	55
347.0	55
144.0	55
361.0	55
885.0	55
857.0	55
252.0	55
499.0	55
363.0	55
628.0	55
221.0	55
556.0	55
191.0	55
477.0	55
982.0	55
936.0	55
1117.0	55
1059.0	55
424.0	55
766.0	55
965.0	55
1227.0	55
1357.0	55
947.0	55
1025.0	55
1176.0	55
325.0	55
1062.0	55
445.0	55
643.0	55
115.0	55
199.0	55
623.0	55
861.0	54
579.0	54
1265.0	54
555.0	54
1183.0	54
480.0	54
1119.0	54
999.0	54
773.0	54
1190.0	54
122.0	54
188.0	54
777.0	54
550.0	54
625.0	54
689.0	54
949.0	54
1180.0	54
210.0	54
442.0	54
647.0	54
1317.0	54
701.0	54
646.0	54
684.0	54
317.0	54
304.0	54
859.0	54
814.0	54
202.0	54
1150.0	54
324.0	54
989.0	54
1184.0	54
1111.0	54
652.0	54
1073.0	53
790.0	53
644.0	53
856.0	53
173.0	53
943.0	53
816.0	53
1219.0	53
726.0	53
487.0	53
439.0	53
890.0	53
1112.0	53
1124.0	53
939.0	53
454.0	53
851.0	53
632.0	53
405.0	53
97.0	53
525.0	53
215.0	53
359.0	53
744.0	53
1162.0	53
1208.0	53
1262.0	53
1216.0	53
1148.0	53
1215.0	53
493.0	53
551.0	53
238.0	53
388.0	53
670.0	53
225.0	53
437.0	53
231.0	53
617.0	53
273.0	52
354.0	52
824.0	52
334.0	52
250.0	52
195.0	52
727.0	52
394.0	52
512.0	52
798.0	52
1171.0	52
806.0	52
665.0	52
172.0	52
410.0	52
1258.0	52
932.0	52
765.0	52
722.0	52
992.0	52
878.0	52
554.0	52
472.0	52
767.0	52
735.0	52
282.0	52
589.0	52
336.0	52
920.0	52
1222.0	52
333.0	52
284.0	52
729.0	52
263.0	52
977.0	52
312.0	52
253.0	52
996.0	52
1144.0	52
1168.0	52
232.0	52
236.0	52
758.0	51
620.0	51
1193.0	51
262.0	51
139.0	51
332.0	51
351.0	51
182.0	51
1198.0	51
531.0	51
1175.0	51
1229.0	51
1170.0	51
1315.0	51
507.0	51
1296.0	51
214.0	51
911.0	51
524.0	51
733.0	51
671.0	51
151.0	51
719.0	51
602.0	51
502.0	51
1114.0	51
929.0	51
1129.0	51
313.0	51
891.0	51
1132.0	51
731.0	51
290.0	51
1052.0	51
755.0	51
801.0	51
609.0	50
444.0	50
826.0	50
914.0	50
1071.0	50
917.0	50
1147.0	50
660.0	50
858.0	50
364.0	50
815.0	50
254.0	50
844.0	50
490.0	50
118.0	50
954.0	50
1294.0	50
163.0	50
581.0	50
474.0	50
456.0	50
446.0	50
1126.0	50
323.0	50
866.0	50
1173.0	50
436.0	50
407.0	50
1239.0	50
1365.0	50
1048.0	50
1250.0	50
489.0	50
475.0	50
473.0	50
305.0	50
1218.0	50
1186.0	50
638.0	50
1061.0	50
567.0	50
1241.0	50
159.0	50
438.0	50
787.0	50
338.0	49
1221.0	49
192.0	49
435.0	49
894.0	49
618.0	49
1254.0	49
675.0	49
1189.0	49
530.0	49
355.0	49
538.0	49
153.0	49
1006.0	49
1064.0	49
1013.0	49
1360.0	49
1196.0	49
608.0	49
255.0	49
959.0	49
855.0	49
711.0	49
688.0	49
759.0	49
636.0	49
384.0	49
1277.0	49
233.0	49
166.0	49
519.0	48
588.0	48
817.0	48
251.0	48
211.0	48
367.0	48
421.0	48
113.0	48
1011.0	48
811.0	48
728.0	48
418.0	48
770.0	48
1092.0	48
634.0	48
966.0	48
143.0	48
178.0	48
1319.0	48
876.0	48
1130.0	48
560.0	48
1223.0	48
587.0	48
645.0	48
1293.0	48
827.0	48
893.0	48
852.0	48
687.0	47
1070.0	47
1425.0	47
902.0	47
1177.0	47
1247.0	47
557.0	47
246.0	47
1316.0	47
839.0	47
819.0	47
515.0	47
1106.0	47
720.0	47
1224.0	47
478.0	47
648.0	47
849.0	47
730.0	47
1366.0	47
496.0	47
1120.0	47
974.0	47
994.0	47
725.0	47
278.0	47
413.0	47
1217.0	47
606.0	47
1179.0	47
403.0	47
220.0	47
804.0	47
509.0	47
335.0	47
1016.0	47
705.0	46
995.0	46
346.0	46
1269.0	46
286.0	46
193.0	46
382.0	46
429.0	46
256.0	46
1253.0	46
594.0	46
1230.0	46
1135.0	46
668.0	46
802.0	46
1181.0	46
1157.0	46
1237.0	46
171.0	46
887.0	46
1359.0	46
904.0	46
268.0	46
739.0	46
840.0	46
1302.0	46
409.0	46
459.0	46
259.0	46
842.0	46
1311.0	46
484.0	46
357.0	46
404.0	46
353.0	46
622.0	46
358.0	46
131.0	46
483.0	46
1346.0	46
835.0	46
373.0	46
326.0	46
1324.0	46
432.0	45
611.0	45
922.0	45
311.0	45
501.0	45
467.0	45
453.0	45
482.0	45
812.0	45
365.0	45
1083.0	45
330.0	45
1373.0	45
685.0	45
237.0	45
592.0	45
520.0	45
1295.0	45
845.0	45
1335.0	45
340.0	45
245.0	45
497.0	45
544.0	45
658.0	45
629.0	45
596.0	45
1225.0	45
619.0	45
1266.0	45
1164.0	45
951.0	45
1128.0	44
808.0	44
464.0	44
244.0	44
280.0	44
1349.0	44
599.0	44
1194.0	44
875.0	44
682.0	44
1214.0	44
662.0	44
386.0	44
504.0	44
776.0	44
653.0	44
1199.0	44
448.0	44
1284.0	44
398.0	44
277.0	44
1340.0	44
1310.0	44
1371.0	44
561.0	44
1313.0	44
603.0	44
516.0	44
769.0	44
624.0	44
761.0	44
149.0	44
830.0	44
702.0	44
223.0	44
1213.0	44
1377.0	44
706.0	44
780.0	44
463.0	43
694.0	43
315.0	43
216.0	43
945.0	43
329.0	43
301.0	43
271.0	43
615.0	43
1102.0	43
387.0	43
428.0	43
1288.0	43
150.0	43
289.0	43
1268.0	43
1231.0	43
522.0	43
791.0	43
1191.0	43
1072.0	43
605.0	43
411.0	43
778.0	43
563.0	43
1393.0	43
1392.0	43
423.0	43
309.0	43
406.0	43
230.0	42
243.0	42
664.0	42
1228.0	42
1298.0	42
601.0	42
1201.0	42
1226.0	42
1361.0	42
275.0	42
465.0	42
455.0	42
626.0	42
1233.0	42
1290.0	42
1113.0	42
395.0	42
1145.0	42
1100.0	42
471.0	42
630.0	42
597.0	42
749.0	42
295.0	42
1275.0	42
1406.0	42
1339.0	42
380.0	42
457.0	42
1236.0	42
416.0	42
1235.0	42
642.0	42
401.0	41
374.0	41
400.0	41
539.0	41
441.0	41
281.0	41
654.0	41
1244.0	41
928.0	41
390.0	41
1158.0	41
1272.0	41
771.0	41
1382.0	41
169.0	41
612.0	41
1200.0	41
1348.0	41
573.0	40
500.0	40
307.0	40
389.0	40
651.0	40
226.0	40
681.0	40
633.0	40
748.0	40
393.0	40
1305.0	40
1019.0	40
208.0	40
1256.0	40
450.0	40
549.0	40
1356.0	40
693.0	40
513.0	40
198.0	40
1238.0	40
1274.0	40
584.0	40
420.0	40
1379.0	40
570.0	40
155.0	40
679.0	39
1312.0	39
723.0	39
1211.0	39
700.0	39
288.0	39
870.0	39
523.0	39
709.0	39
736.0	39
764.0	39
640.0	39
217.0	39
663.0	39
292.0	39
486.0	39
716.0	39
752.0	39
303.0	39
1416.0	39
1248.0	39
470.0	39
548.0	39
574.0	39
710.0	39
595.0	39
635.0	38
1093.0	38
747.0	38
703.0	38
580.0	38
1307.0	38
345.0	38
1234.0	38
320.0	38
734.0	38
919.0	38
1257.0	38
1261.0	38
543.0	38
697.0	38
631.0	38
568.0	38
927.0	38
1014.0	38
779.0	38
427.0	38
565.0	38
476.0	38
426.0	38
1306.0	38
1212.0	37
495.0	37
1309.0	37
408.0	37
600.0	37
1283.0	37
452.0	37
593.0	37
672.0	37
1279.0	37
1350.0	37
491.0	37
667.0	37
1273.0	37
302.0	37
521.0	37
1322.0	37
1327.0	37
341.0	37
613.0	37
1341.0	37
1251.0	36
1434.0	36
614.0	36
1409.0	36
443.0	36
352.0	36
1431.0	36
1143.0	36
503.0	36
140.0	36
479.0	36
569.0	36
1328.0	36
227.0	36
542.0	36
293.0	36
738.0	36
1259.0	36
485.0	36
691.0	36
1422.0	36
249.0	36
534.0	36
430.0	36
1369.0	35
402.0	35
1286.0	35
261.0	35
1508.0	35
585.0	35
1351.0	35
321.0	35
356.0	35
414.0	35
381.0	35
1428.0	35
1297.0	35
342.0	35
176.0	35
316.0	35
1303.0	35
1264.0	35
194.0	35
469.0	35
511.0	35
1399.0	35
241.0	35
291.0	34
621.0	34
328.0	34
742.0	34
586.0	34
1345.0	34
559.0	34
1320.0	34
360.0	34
344.0	34
1242.0	34
375.0	34
1123.0	34
1281.0	34
510.0	34
698.0	34
417.0	34
572.0	34
297.0	34
547.0	34
1457.0	34
639.0	34
505.0	34
1355.0	34
546.0	34
1292.0	34
673.0	34
1285.0	34
498.0	33
1337.0	33
272.0	33
916.0	33
1487.0	33
1384.0	33
1301.0	33
967.0	33
717.0	33
1394.0	33
1396.0	33
1444.0	33
1628.0	33
1420.0	33
1376.0	33
462.0	33
604.0	33
1299.0	33
1404.0	32
1450.0	32
1483.0	32
1417.0	32
175.0	32
1391.0	32
1363.0	32
1400.0	32
343.0	32
1388.0	32
1387.0	32
1278.0	32
1378.0	32
848.0	32
1321.0	32
708.0	31
466.0	31
385.0	31
1334.0	31
1441.0	31
1127.0	31
1501.0	31
1338.0	31
376.0	31
1343.0	31
1323.0	31
1502.0	31
415.0	31
1463.0	30
1375.0	30
1304.0	30
488.0	30
1255.0	30
1385.0	30
458.0	30
535.0	30
1318.0	30
1154.0	30
379.0	30
552.0	30
1415.0	30
451.0	29
514.0	29
692.0	29
1421.0	29
1615.0	29
399.0	29
1330.0	29
1395.0	29
1325.0	29
1185.0	29
431.0	29
1332.0	29
1358.0	29
1498.0	29
1289.0	29
1448.0	28
1342.0	28
1519.0	28
1446.0	28
1525.0	28
1440.0	28
350.0	28
1352.0	28
1291.0	28
783.0	28
1541.0	27
810.0	27
1429.0	27
1540.0	27
1426.0	27
1432.0	27
1479.0	27
1447.0	27
460.0	27
1595.0	27
1510.0	27
1468.0	27
1331.0	27
362.0	27
1517.0	27
1169.0	26
1430.0	26
1412.0	26
1449.0	26
533.0	26
714.0	26
1402.0	26
1397.0	26
1383.0	26
1489.0	25
1443.0	25
1523.0	25
1436.0	25
1464.0	25
1472.0	25
1280.0	25
1534.0	25
1438.0	25
1405.0	25
1497.0	25
1398.0	25
1419.0	25
1389.0	25
1503.0	25
319.0	25
1437.0	25
823.0	25
1452.0	25
1329.0	24
1386.0	24
1490.0	24
1478.0	24
1589.0	24
1354.0	24
1381.0	24
1500.0	24
1403.0	24
1455.0	24
1364.0	24
1521.0	24
1547.0	24
1380.0	24
1465.0	24
1445.0	23
1347.0	23
1494.0	23
1451.0	23
1560.0	23
1462.0	23
1551.0	23
1282.0	23
1616.0	23
1660.0	23
1439.0	23
1482.0	23
1442.0	23
1407.0	23
1344.0	22
677.0	22
1618.0	22
1568.0	22
1408.0	22
1333.0	22
1469.0	22
1466.0	22
1471.0	22
1543.0	22
1411.0	22
1544.0	22
1516.0	21
1571.0	21
1456.0	21
1418.0	21
1314.0	21
1511.0	21
1531.0	21
1538.0	21
1458.0	20
1476.0	20
1362.0	20
1486.0	20
1496.0	20
1480.0	20
1513.0	20
1558.0	20
1367.0	20
1495.0	20
1648.0	20
1623.0	20
1390.0	20
1493.0	19
1532.0	19
1491.0	19
1475.0	19
1481.0	19
1724.0	19
1509.0	19
1520.0	19
1533.0	19
1602.0	19
1518.0	19
1524.0	19
1260.0	19
1413.0	18
1586.0	18
1424.0	18
1401.0	18
1580.0	18
1353.0	18
481.0	18
1683.0	18
1663.0	18
1556.0	18
1504.0	18
1484.0	18
1570.0	18
1535.0	18
1370.0	18
1326.0	17
1506.0	17
1603.0	17
1515.0	17
1705.0	17
1477.0	17
1414.0	17
1427.0	17
1537.0	17
1435.0	17
1612.0	17
1561.0	17
1492.0	16
1711.0	16
1650.0	16
1485.0	16
1368.0	16
1512.0	16
1622.0	16
1582.0	16
1772.0	16
1454.0	16
1410.0	15
1629.0	15
1753.0	15
1433.0	15
1336.0	15
1555.0	15
1619.0	15
1581.0	15
1554.0	15
1562.0	15
1624.0	15
1545.0	15
1453.0	15
1726.0	15
1374.0	14
1473.0	14
1459.0	14
2000.0	14
1530.0	14
1601.0	14
1882.0	14
1575.0	14
1609.0	14
1528.0	14
1539.0	14
1591.0	14
1635.0	14
1598.0	14
1668.0	14
1564.0	14
1507.0	14
1625.0	14
1634.0	14
1852.0	14
1585.0	14
1467.0	13
1522.0	13
1557.0	13
1687.0	13
1546.0	13
1641.0	13
1460.0	13
1548.0	13
1631.0	13
1728.0	13
1526.0	13
1630.0	13
1680.0	13
1614.0	13
1722.0	13
1573.0	13
1605.0	13
1649.0	13
1682.0	12
1924.0	12
1584.0	12
2064.0	12
1576.0	12
1569.0	12
1691.0	12
1536.0	12
1505.0	12
1617.0	12
1549.0	12
1643.0	12
1639.0	12
1621.0	12
1676.0	12
1898.0	12
1587.0	12
1685.0	12
1527.0	12
1553.0	12
1514.0	12
1423.0	12
1651.0	12
1572.0	12
1567.0	12
1600.0	12
1599.0	12
1739.0	12
1788.0	12
1667.0	12
1604.0	11
1704.0	11
1766.0	11
1656.0	11
1640.0	11
1607.0	11
1552.0	11
1699.0	11
2088.0	11
1829.0	11
1813.0	11
1620.0	11
1488.0	11
1703.0	11
1550.0	11
1499.0	11
2085.0	11
1588.0	11
1592.0	11
1684.0	11
1637.0	11
1771.0	11
2399.0	10
2034.0	10
3181.0	10
1461.0	10
1470.0	10
1610.0	10
1732.0	10
1814.0	10
1645.0	10
1669.0	10
1559.0	10
1737.0	10
1967.0	10
2117.0	10
1613.0	10
2173.0	10
1671.0	10
1850.0	10
2018.0	10
1696.0	10
1930.0	10
1934.0	10
1844.0	10
1779.0	10
2530.0	10
1758.0	10
1769.0	10
1578.0	10
1759.0	10
1943.0	9
1945.0	9
1563.0	9
1542.0	9
1697.0	9
1834.0	9
1688.0	9
1474.0	9
1808.0	9
2074.0	9
1730.0	9
1692.0	9
1953.0	9
1883.0	9
1983.0	9
2077.0	9
1713.0	9
2191.0	9
2121.0	9
1675.0	9
2071.0	9
2052.0	9
1832.0	9
1529.0	9
1794.0	9
1982.0	9
1765.0	9
2384.0	9
1574.0	9
1566.0	9
1632.0	9
1642.0	9
1678.0	9
1875.0	9
1889.0	9
2298.0	9
1851.0	8
1565.0	8
1653.0	8
1805.0	8
1961.0	8
1853.0	8
1664.0	8
1702.0	8
1802.0	8
1716.0	8
1782.0	8
1785.0	8
1866.0	8
1583.0	8
1372.0	8
1812.0	8
1817.0	8
2263.0	8
1652.0	8
1723.0	8
1689.0	8
1709.0	8
2980.0	8
2185.0	8
2582.0	8
1594.0	8
1750.0	8
1597.0	8
1932.0	8
1825.0	8
2114.0	8
1787.0	8
1918.0	8
1700.0	8
1596.0	8
2570.0	8
1835.0	8
1626.0	8
1990.0	8
1717.0	8
1799.0	7
2461.0	7
1712.0	7
1695.0	7
2199.0	7
1633.0	7
1672.0	7
1985.0	7
1946.0	7
1774.0	7
1661.0	7
2293.0	7
2589.0	7
2095.0	7
2246.0	7
1914.0	7
3153.0	7
1855.0	7
2045.0	7
1905.0	7
1971.0	7
1854.0	7
1783.0	7
1748.0	7
1627.0	7
2086.0	7
1804.0	7
1646.0	7
2534.0	7
2522.0	7
2453.0	7
1907.0	7
2113.0	7
1761.0	7
2133.0	7
2151.0	7
1973.0	7
1666.0	7
2607.0	7
2231.0	7
2305.0	7
2105.0	7
2007.0	7
2920.0	7
3232.0	7
1693.0	7
1736.0	7
1784.0	7
1992.0	7
1777.0	7
1659.0	7
1606.0	7
2243.0	7
2412.0	7
2299.0	7
1776.0	7
1800.0	7
2013.0	7
1995.0	7
1820.0	7
2163.0	7
1807.0	7
3002.0	6
3204.0	6
3493.0	6
1974.0	6
2188.0	6
1833.0	6
2158.0	6
1590.0	6
1681.0	6
1911.0	6
2083.0	6
1786.0	6
1698.0	6
1810.0	6
1579.0	6
1893.0	6
2234.0	6
3187.0	6
1720.0	6
1740.0	6
2092.0	6
2933.0	6
1608.0	6
1942.0	6
1714.0	6
2253.0	6
2131.0	6
1665.0	6
1892.0	6
2239.0	6
2427.0	6
2135.0	6
3019.0	6
2011.0	6
2235.0	6
1644.0	6
2481.0	6
1744.0	6
1819.0	6
2145.0	6
2153.0	6
1757.0	6
2108.0	6
2914.0	6
2385.0	6
1900.0	6
1862.0	6
1845.0	6
1775.0	6
1790.0	6
1679.0	6
1999.0	6
2090.0	6
2172.0	6
1611.0	6
2621.0	6
1868.0	6
1908.0	6
2396.0	6
2341.0	6
2106.0	6
2379.0	6
2032.0	6
1731.0	6
1904.0	6
1768.0	6
2316.0	6
2771.0	5
1706.0	5
2459.0	5
2759.0	5
2533.0	5
1823.0	5
1857.0	5
1803.0	5
1843.0	5
2269.0	5
1917.0	5
1921.0	5
2047.0	5
2543.0	5
1742.0	5
2744.0	5
2160.0	5
1694.0	5
2283.0	5
2388.0	5
1981.0	5
1896.0	5
1577.0	5
2604.0	5
2622.0	5
2831.0	5
2028.0	5
1956.0	5
2037.0	5
2979.0	5
1888.0	5
4230.0	5
2720.0	5
1755.0	5
2345.0	5
2002.0	5
3092.0	5
3600.0	5
2593.0	5
2168.0	5
1708.0	5
2072.0	5
2528.0	5
2041.0	5
2277.0	5
1841.0	5
1979.0	5
2860.0	5
2302.0	5
3239.0	5
2130.0	5
2164.0	5
2353.0	5
2367.0	5
2059.0	5
2228.0	5
1707.0	5
2268.0	5
2909.0	5
2060.0	5
2301.0	5
2067.0	5
2438.0	5
1710.0	5
2359.0	5
2656.0	5
1701.0	5
2786.0	5
2115.0	5
3472.0	5
2497.0	5
2147.0	5
2150.0	5
1842.0	5
2805.0	5
1937.0	5
2295.0	5
1655.0	5
1890.0	5
2647.0	5
2482.0	5
2213.0	5
2294.0	5
2999.0	5
2382.0	5
2816.0	5
3165.0	5
1897.0	5
2966.0	5
1940.0	5
1939.0	5
1913.0	5
1885.0	5
1926.0	5
1743.0	5
1865.0	5
2470.0	5
1747.0	5
2350.0	5
1791.0	5
1662.0	5
2111.0	5
2091.0	5
2898.0	5
2775.0	5
1677.0	5
1746.0	5
1647.0	5
2596.0	5
1760.0	5
1754.0	5
2408.0	5
2705.0	5
1727.0	5
2473.0	5
1969.0	5
2676.0	5
3250.0	5
2193.0	4
2025.0	4
3023.0	4
2328.0	4
1906.0	4
3052.0	4
2184.0	4
1993.0	4
1778.0	4
2266.0	4
1721.0	4
2321.0	4
2198.0	4
2488.0	4
2380.0	4
1951.0	4
1781.0	4
2552.0	4
2097.0	4
3073.0	4
2096.0	4
1719.0	4
1948.0	4
1871.0	4
2100.0	4
2337.0	4
3031.0	4
2099.0	4
1887.0	4
1654.0	4
2197.0	4
3285.0	4
2107.0	4
1909.0	4
2657.0	4
2827.0	4
2093.0	4
2055.0	4
2040.0	4
2428.0	4
2087.0	4
3839.0	4
1801.0	4
2411.0	4
2061.0	4
3787.0	4
2122.0	4
2801.0	4
2155.0	4
1925.0	4
1991.0	4
1741.0	4
2098.0	4
2288.0	4
1797.0	4
2393.0	4
1725.0	4
1916.0	4
2124.0	4
1867.0	4
2926.0	4
1715.0	4
2307.0	4
1989.0	4
3080.0	4
2899.0	4
2422.0	4
2089.0	4
1838.0	4
2770.0	4
2103.0	4
2407.0	4
2576.0	4
1792.0	4
2675.0	4
2290.0	4
2782.0	4
2275.0	4
1849.0	4
2678.0	4
2460.0	4
1944.0	4
1673.0	4
2174.0	4
2126.0	4
2348.0	4
2211.0	4
2511.0	4
2166.0	4
2217.0	4
2713.0	4
3168.0	4
1674.0	4
2262.0	4
1970.0	4
1751.0	4
2043.0	4
1636.0	4
2042.0	4
2913.0	4
1735.0	4
2081.0	4
1773.0	4
1902.0	4
2448.0	4
2935.0	4
2735.0	4
1826.0	4
1686.0	4
2335.0	4
2162.0	4
2304.0	4
2709.0	4
2190.0	4
1796.0	4
1877.0	4
1745.0	4
2363.0	4
3505.0	4
1922.0	4
2537.0	4
1690.0	4
2958.0	4
1658.0	4
1950.0	4
1997.0	4
3167.0	3
3589.0	3
2969.0	3
1879.0	3
2102.0	3
4272.0	3
2905.0	3
4162.0	3
1827.0	3
3151.0	3
4437.0	3
2620.0	3
3100.0	3
2049.0	3
2947.0	3
2894.0	3
2783.0	3
3087.0	3
4292.0	3
3160.0	3
5581.0	3
3626.0	3
3370.0	3
2377.0	3
2643.0	3
3764.0	3
2369.0	3
2873.0	3
2743.0	3
2502.0	3
2038.0	3
2313.0	3
3280.0	3
1839.0	3
4026.0	3
2741.0	3
1963.0	3
3668.0	3
2001.0	3
4030.0	3
1836.0	3
3070.0	3
4484.0	3
2565.0	3
2035.0	3
1891.0	3
2987.0	3
2963.0	3
3281.0	3
1811.0	3
2421.0	3
1718.0	3
2270.0	3
2094.0	3
1958.0	3
2541.0	3
2728.0	3
2078.0	3
2278.0	3
2817.0	3
1874.0	3
2374.0	3
2850.0	3
5446.0	3
3642.0	3
1856.0	3
3113.0	3
3303.0	3
2903.0	3
2800.0	3
2781.0	3
2550.0	3
2964.0	3
2867.0	3
2334.0	3
4728.0	3
3872.0	3
2215.0	3
2659.0	3
2342.0	3
2890.0	3
2940.0	3
4152.0	3
3063.0	3
2279.0	3
2521.0	3
2637.0	3
2900.0	3
3371.0	3
2619.0	3
2381.0	3
2449.0	3
2669.0	3
3213.0	3
2227.0	3
3412.0	3
2788.0	3
2877.0	3
2732.0	3
3327.0	3
3805.0	3
3884.0	3
5237.0	3
2510.0	3
1994.0	3
1733.0	3
2768.0	3
2638.0	3
2563.0	3
2219.0	3
3101.0	3
2483.0	3
2500.0	3
2921.0	3
7574.0	3
1876.0	3
4422.0	3
1809.0	3
1952.0	3
4223.0	3
2142.0	3
2472.0	3
3270.0	3
2398.0	3
2536.0	3
2046.0	3
3386.0	3
4365.0	3
2600.0	3
4547.0	3
2447.0	3
3333.0	3
2499.0	3
3765.0	3
2809.0	3
3763.0	3
2241.0	3
3120.0	3
1764.0	3
2065.0	3
2799.0	3
2569.0	3
3631.0	3
3014.0	3
2681.0	3
2700.0	3
2310.0	3
3462.0	3
2602.0	3
3058.0	3
2251.0	3
2908.0	3
2471.0	3
2553.0	3
2738.0	3
2789.0	3
2370.0	3
2143.0	3
3126.0	3
1988.0	3
2847.0	3
3573.0	3
2776.0	3
2024.0	3
1795.0	3
3439.0	3
3459.0	3
2125.0	3
3357.0	3
3215.0	3
2257.0	3
2846.0	3
2714.0	3
4206.0	3
1972.0	3
4193.0	3
3125.0	3
2224.0	3
1847.0	3
2574.0	3
1858.0	3
5081.0	3
6408.0	3
2418.0	3
2883.0	3
3065.0	3
3360.0	3
3013.0	3
3706.0	3
3246.0	3
3692.0	3
2465.0	3
2429.0	3
2255.0	3
2419.0	3
2146.0	3
2762.0	3
2134.0	3
1894.0	3
2080.0	3
2995.0	3
5457.0	3
2661.0	3
2200.0	3
1965.0	3
2478.0	3
3402.0	3
2757.0	3
2506.0	3
2992.0	3
3598.0	3
3342.0	3
3376.0	2
2329.0	2
2403.0	2
3355.0	2
2644.0	2
3562.0	2
1789.0	2
4420.0	2
3248.0	2
1763.0	2
2778.0	2
2544.0	2
2761.0	2
2326.0	2
5439.0	2
3389.0	2
4379.0	2
1957.0	2
1762.0	2
4900.0	2
4134.0	2
4411.0	2
4289.0	2
2308.0	2
4313.0	2
2392.0	2
2723.0	2
4469.0	2
1935.0	2
2161.0	2
3981.0	2
2830.0	2
3832.0	2
2249.0	2
2314.0	2
1980.0	2
2175.0	2
2181.0	2
2901.0	2
2568.0	2
2630.0	2
2349.0	2
2938.0	2
1884.0	2
3571.0	2
2450.0	2
2210.0	2
2695.0	2
2233.0	2
2285.0	2
5164.0	2
3085.0	2
1815.0	2
2970.0	2
1756.0	2
2581.0	2
3691.0	2
2814.0	2
2336.0	2
3992.0	2
2003.0	2
2618.0	2
1657.0	2
2612.0	2
2276.0	2
2704.0	2
3091.0	2
2948.0	2
1870.0	2
2250.0	2
2575.0	2
2466.0	2
2690.0	2
2203.0	2
2505.0	2
2706.0	2
1840.0	2
3969.0	2
2325.0	2
2281.0	2
5560.0	2
2416.0	2
2498.0	2
2223.0	2
3305.0	2
2823.0	2
2170.0	2
2364.0	2
4616.0	2
2159.0	2
2939.0	2
2806.0	2
2523.0	2
2624.0	2
2152.0	2
2636.0	2
3264.0	2
1749.0	2
2389.0	2
3828.0	2
1738.0	2
3406.0	2
2836.0	2
2685.0	2
2588.0	2
2549.0	2
4654.0	2
3240.0	2
2254.0	2
2561.0	2
2595.0	2
3133.0	2
2598.0	2
2687.0	2
3895.0	2
2056.0	2
2540.0	2
2322.0	2
2739.0	2
2784.0	2
2480.0	2
2220.0	2
4691.0	2
2431.0	2
5211.0	2
1964.0	2
3840.0	2
2404.0	2
3172.0	2
2183.0	2
3127.0	2
3046.0	2
3018.0	2
2468.0	2
4412.0	2
3473.0	2
2584.0	2
3056.0	2
2504.0	2
2580.0	2
2062.0	2
2853.0	2
2221.0	2
2642.0	2
3143.0	2
2318.0	2
2467.0	2
2688.0	2
2333.0	2
2911.0	2
2167.0	2
1670.0	2
4745.0	2
3086.0	2
2356.0	2
2548.0	2
1998.0	2
2666.0	2
3758.0	2
2116.0	2
2545.0	2
3176.0	2
3234.0	2
2347.0	2
2976.0	2
3339.0	2
3725.0	2
2479.0	2
3067.0	2
5800.0	2
5397.0	2
1821.0	2
2810.0	2
2267.0	2
3185.0	2
3137.0	2
2842.0	2
3027.0	2
2132.0	2
2309.0	2
3000.0	2
2961.0	2
3011.0	2
2452.0	2
3136.0	2
3441.0	2
2524.0	2
2797.0	2
2289.0	2
1752.0	2
2176.0	2
2819.0	2
2229.0	2
4147.0	2
1903.0	2
2463.0	2
2587.0	2
1864.0	2
2994.0	2
2554.0	2
3094.0	2
2457.0	2
2710.0	2
2803.0	2
2532.0	2
2874.0	2
2144.0	2
2005.0	2
2508.0	2
1848.0	2
4642.0	2
3877.0	2
1878.0	2
3422.0	2
1806.0	2
4350.0	2
2026.0	2
2664.0	2
3615.0	2
2613.0	2
2376.0	2
1824.0	2
3257.0	2
2119.0	2
3141.0	2
3207.0	2
7969.0	2
2048.0	2
4007.0	2
2838.0	2
1863.0	2
2828.0	2
4014.0	2
2016.0	2
2686.0	2
1770.0	2
2717.0	2
2208.0	2
3469.0	2
2373.0	2
1975.0	2
3641.0	2
2477.0	2
2054.0	2
2774.0	2
2391.0	2
2204.0	2
3681.0	2
1912.0	2
2993.0	2
2186.0	2
1978.0	2
1915.0	2
3906.0	2
2731.0	2
2140.0	2
2441.0	2
3737.0	2
2082.0	2
2053.0	2
1873.0	2
3920.0	2
2248.0	2
2464.0	2
2755.0	2
3590.0	2
3453.0	2
2787.0	2
3381.0	2
4550.0	2
2542.0	2
2884.0	2
2258.0	2
4735.0	2
4275.0	2
2609.0	2
2284.0	2
3540.0	2
4391.0	2
2573.0	2
3289.0	2
2767.0	2
2615.0	2
1793.0	2
2916.0	2
2371.0	2
2701.0	2
2671.0	2
2885.0	2
3651.0	2
2357.0	2
4355.0	2
2406.0	2
2837.0	2
4491.0	2
2703.0	2
3673.0	2
2835.0	2
4371.0	2
4434.0	2
3196.0	2
2180.0	2
4898.0	2
6974.0	2
3495.0	2
3785.0	2
3083.0	2
3112.0	2
2978.0	2
3117.0	2
1798.0	2
3205.0	2
2232.0	2
2069.0	2
3316.0	2
1859.0	2
2280.0	2
3135.0	2
4105.0	2
5353.0	2
4702.0	2
2339.0	2
2187.0	2
4169.0	2
2672.0	2
4996.0	2
2997.0	2
2494.0	2
2110.0	2
2870.0	2
2917.0	2
2641.0	2
3530.0	2
2929.0	2
3510.0	2
2509.0	2
2547.0	2
4159.0	2
2238.0	2
1976.0	2
3612.0	2
3054.0	2
2050.0	2
2765.0	2
3037.0	2
2683.0	2
2957.0	2
2057.0	2
5018.0	2
2019.0	2
2287.0	2
2629.0	2
1919.0	2
2169.0	2
4088.0	2
3990.0	2
1638.0	2
2292.0	2
3658.0	2
2839.0	2
2476.0	2
3173.0	2
1880.0	2
1996.0	2
3155.0	2
3208.0	2
2138.0	2
1828.0	2
2953.0	2
3116.0	2
3563.0	2
2354.0	2
2330.0	2
2677.0	2
2346.0	2
5075.0	2
2880.0	2
3841.0	2
2008.0	2
1933.0	2
1966.0	2
1920.0	2
2733.0	2
3064.0	2
2394.0	2
2439.0	2
3821.0	2
2645.0	2
4047.0	2
1895.0	2
2454.0	2
1729.0	2
1816.0	2
4333.0	2
2366.0	2
5284.0	2
2889.0	2
2236.0	2
1931.0	2
2352.0	2
4410.0	2
1822.0	2
2372.0	2
2362.0	2
1929.0	2
3169.0	2
2068.0	2
4284.0	2
3497.0	2
2981.0	2
4851.0	2
2226.0	2
2475.0	2
3199.0	2
2663.0	2
4048.0	2
2495.0	2
1886.0	2
3942.0	2
3269.0	2
3024.0	2
2514.0	2
2455.0	2
3902.0	2
4001.0	2
2079.0	2
3868.0	2
2654.0	2
3379.0	2
2320.0	2
2503.0	2
2240.0	2
2795.0	2
2832.0	2
2891.0	2
3601.0	2
2006.0	2
4145.0	2
3870.0	2
2084.0	2
1780.0	2
2923.0	2
3452.0	2
2954.0	2
2207.0	2
3179.0	2
2599.0	2
2868.0	2
3382.0	2
2756.0	2
2063.0	2
5769.0	2
2261.0	2
2417.0	2
3753.0	2
2015.0	2
2983.0	2
2445.0	2
3719.0	2
2707.0	2
3592.0	2
6028.0	2
2324.0	2
3879.0	1
2942.0	1
1910.0	1
1818.0	1
2039.0	1
