Value	Count
4.0	507
5.0	506
6.0	468
11.0	391
9.0	388
7.0	382
8.0	368
12.0	359
17.0	324
19.0	322
13.0	319
14.0	316
21.0	307
20.0	301
18.0	291
15.0	282
16.0	280
23.0	278
27.0	277
37.0	272
3.0	267
29.0	263
31.0	259
28.0	257
25.0	253
41.0	249
33.0	248
10.0	246
72.0	236
34.0	234
22.0	230
35.0	229
51.0	228
2.0	226
26.0	223
57.0	220
38.0	219
40.0	218
43.0	217
55.0	214
30.0	213
36.0	212
224.0	210
231.0	210
176.0	209
24.0	209
230.0	208
44.0	207
87.0	207
321.0	206
52.0	206
69.0	206
186.0	205
180.0	204
125.0	204
32.0	203
261.0	202
77.0	202
209.0	202
221.0	201
233.0	200
257.0	200
304.0	200
229.0	200
208.0	200
260.0	199
254.0	199
97.0	199
46.0	198
136.0	198
59.0	196
54.0	196
157.0	196
45.0	195
42.0	194
247.0	194
264.0	194
61.0	193
181.0	193
253.0	193
158.0	193
66.0	192
126.0	191
80.0	191
279.0	191
71.0	190
296.0	190
49.0	189
56.0	189
240.0	189
58.0	188
48.0	188
127.0	187
191.0	187
239.0	187
151.0	186
67.0	186
113.0	186
76.0	186
110.0	184
188.0	184
131.0	183
227.0	183
79.0	183
95.0	183
287.0	183
193.0	183
320.0	183
309.0	183
222.0	182
47.0	182
220.0	182
205.0	182
232.0	182
68.0	182
198.0	182
307.0	181
75.0	181
294.0	181
138.0	181
63.0	181
134.0	180
50.0	180
272.0	180
116.0	180
297.0	180
70.0	179
153.0	178
170.0	178
183.0	178
122.0	177
140.0	177
214.0	177
78.0	177
217.0	177
226.0	177
243.0	177
65.0	176
282.0	176
289.0	176
192.0	176
147.0	175
204.0	175
89.0	175
225.0	175
103.0	175
263.0	175
223.0	175
81.0	175
106.0	174
142.0	174
199.0	173
298.0	173
277.0	173
74.0	173
248.0	173
270.0	173
301.0	173
83.0	172
202.0	172
62.0	172
314.0	172
60.0	171
167.0	171
200.0	171
241.0	171
346.0	171
163.0	171
161.0	170
295.0	169
210.0	169
284.0	169
262.0	169
245.0	169
276.0	169
39.0	168
256.0	168
90.0	168
291.0	168
216.0	168
328.0	168
305.0	168
267.0	168
286.0	167
137.0	167
149.0	167
104.0	167
310.0	166
218.0	166
332.0	166
165.0	166
162.0	166
96.0	166
190.0	166
213.0	166
207.0	165
117.0	165
123.0	165
317.0	165
343.0	165
299.0	165
288.0	165
107.0	165
160.0	164
235.0	164
351.0	164
281.0	163
338.0	163
152.0	163
84.0	163
203.0	163
184.0	162
146.0	162
363.0	162
118.0	162
129.0	162
278.0	162
255.0	161
250.0	161
141.0	161
347.0	161
311.0	161
132.0	161
242.0	161
283.0	161
86.0	160
293.0	160
211.0	160
187.0	159
173.0	159
98.0	159
331.0	159
303.0	159
88.0	159
195.0	159
259.0	158
102.0	158
92.0	158
53.0	158
341.0	158
360.0	157
265.0	157
124.0	157
112.0	157
292.0	157
94.0	157
349.0	156
335.0	156
73.0	156
115.0	156
266.0	156
159.0	155
120.0	154
197.0	154
82.0	154
64.0	154
244.0	154
185.0	153
171.0	153
100.0	153
99.0	153
168.0	153
249.0	152
327.0	152
156.0	152
252.0	152
85.0	152
215.0	152
155.0	152
114.0	151
154.0	151
189.0	151
172.0	151
352.0	151
348.0	151
93.0	151
178.0	150
271.0	150
111.0	150
361.0	150
169.0	150
280.0	149
353.0	149
268.0	149
273.0	149
246.0	149
258.0	149
308.0	148
306.0	148
109.0	148
326.0	148
174.0	148
145.0	148
345.0	148
340.0	148
383.0	147
302.0	147
177.0	147
358.0	147
175.0	147
339.0	146
219.0	146
386.0	145
269.0	145
237.0	145
212.0	145
373.0	143
234.0	143
179.0	143
324.0	143
105.0	143
148.0	143
164.0	143
312.0	143
376.0	142
91.0	142
364.0	142
381.0	142
101.0	142
285.0	142
144.0	141
143.0	141
329.0	141
337.0	141
108.0	141
121.0	140
315.0	140
196.0	140
133.0	140
275.0	139
319.0	139
130.0	139
355.0	138
194.0	138
236.0	138
135.0	138
396.0	137
434.0	137
206.0	137
228.0	137
150.0	137
313.0	136
201.0	136
354.0	135
330.0	135
128.0	135
371.0	135
290.0	134
251.0	133
300.0	133
323.0	133
336.0	133
395.0	132
342.0	132
399.0	130
367.0	130
350.0	128
370.0	128
238.0	127
423.0	127
325.0	127
417.0	127
385.0	126
414.0	125
366.0	125
403.0	125
408.0	125
139.0	124
397.0	124
407.0	124
378.0	124
426.0	124
372.0	123
344.0	123
379.0	123
441.0	122
316.0	122
357.0	122
391.0	121
333.0	120
359.0	120
322.0	120
166.0	120
334.0	119
274.0	119
318.0	118
365.0	115
380.0	115
454.0	114
374.0	114
432.0	113
389.0	113
401.0	113
387.0	113
444.0	113
119.0	110
413.0	110
377.0	110
392.0	110
382.0	108
356.0	108
375.0	107
411.0	106
388.0	106
393.0	106
362.0	105
368.0	105
402.0	104
182.0	104
415.0	104
435.0	103
422.0	103
421.0	101
437.0	101
455.0	100
400.0	100
398.0	99
405.0	99
409.0	98
458.0	96
424.0	96
448.0	96
475.0	94
419.0	93
406.0	93
384.0	93
390.0	93
410.0	93
394.0	93
438.0	93
436.0	93
369.0	92
447.0	92
412.0	92
470.0	91
425.0	91
462.0	90
463.0	90
404.0	89
418.0	89
446.0	89
416.0	88
431.0	88
460.0	87
456.0	87
433.0	86
478.0	86
429.0	84
427.0	84
492.0	83
420.0	82
464.0	81
428.0	81
445.0	81
501.0	81
440.0	81
430.0	80
439.0	79
477.0	78
481.0	77
466.0	77
449.0	76
451.0	76
443.0	75
461.0	75
465.0	75
457.0	72
453.0	71
442.0	70
486.0	70
488.0	69
535.0	69
479.0	68
513.0	68
484.0	68
516.0	68
536.0	68
480.0	67
472.0	67
487.0	66
469.0	65
459.0	65
490.0	65
493.0	64
476.0	64
503.0	63
474.0	62
522.0	62
496.0	62
467.0	62
473.0	61
491.0	61
528.0	60
524.0	60
520.0	60
507.0	60
450.0	59
510.0	59
452.0	59
494.0	59
482.0	58
468.0	58
508.0	57
489.0	57
505.0	55
485.0	54
512.0	53
542.0	52
495.0	52
576.0	52
499.0	52
529.0	52
515.0	52
471.0	52
550.0	51
525.0	50
483.0	50
590.0	50
523.0	49
531.0	48
553.0	48
518.0	48
498.0	47
549.0	47
504.0	47
540.0	45
538.0	45
532.0	45
502.0	45
506.0	44
509.0	43
548.0	43
519.0	43
568.0	43
511.0	42
558.0	42
530.0	42
500.0	42
560.0	42
544.0	42
534.0	42
554.0	42
547.0	41
497.0	40
555.0	40
543.0	40
600.0	40
565.0	40
567.0	39
572.0	39
552.0	39
563.0	39
559.0	39
517.0	39
578.0	38
580.0	38
566.0	38
514.0	38
546.0	38
541.0	38
537.0	38
575.0	38
584.0	37
610.0	37
569.0	36
539.0	36
556.0	36
631.0	36
551.0	35
533.0	35
582.0	35
589.0	34
521.0	33
570.0	33
577.0	32
596.0	32
573.0	32
599.0	32
564.0	32
571.0	32
597.0	32
545.0	32
574.0	31
601.0	31
608.0	31
620.0	31
583.0	31
644.0	30
656.0	30
598.0	29
624.0	29
562.0	29
561.0	29
605.0	28
592.0	28
585.0	27
635.0	27
593.0	27
587.0	26
527.0	26
619.0	26
622.0	26
607.0	26
618.0	26
617.0	25
579.0	25
581.0	25
638.0	25
667.0	25
708.0	25
625.0	24
646.0	24
591.0	24
629.0	24
557.0	24
609.0	24
634.0	24
673.0	24
653.0	23
643.0	23
606.0	23
640.0	23
595.0	22
661.0	22
664.0	22
632.0	22
639.0	22
616.0	21
726.0	21
633.0	21
602.0	21
672.0	21
652.0	21
685.0	20
623.0	20
641.0	20
603.0	20
621.0	20
665.0	19
604.0	19
594.0	19
670.0	19
739.0	19
636.0	19
627.0	19
611.0	18
660.0	18
671.0	18
735.0	18
647.0	18
707.0	18
659.0	18
614.0	17
586.0	17
799.0	17
683.0	17
642.0	16
736.0	16
526.0	16
649.0	16
710.0	16
637.0	16
767.0	16
654.0	16
663.0	16
737.0	16
711.0	16
697.0	15
778.0	15
669.0	15
645.0	15
658.0	15
677.0	15
812.0	15
691.0	15
679.0	15
630.0	15
712.0	15
686.0	15
776.0	15
626.0	15
730.0	15
744.0	15
773.0	15
727.0	15
750.0	14
613.0	14
612.0	14
723.0	14
650.0	14
693.0	14
746.0	14
765.0	14
713.0	14
588.0	14
703.0	14
615.0	14
965.0	13
754.0	13
690.0	13
753.0	13
779.0	13
888.0	13
755.0	13
666.0	13
818.0	13
751.0	13
657.0	13
855.0	12
684.0	12
688.0	12
718.0	12
648.0	12
821.0	12
706.0	12
628.0	12
814.0	11
655.0	11
896.0	11
846.0	11
700.0	11
721.0	11
681.0	11
720.0	11
732.0	11
714.0	11
761.0	11
705.0	11
764.0	11
716.0	11
680.0	11
724.0	11
859.0	10
731.0	10
696.0	10
860.0	10
801.0	10
828.0	10
868.0	10
819.0	10
704.0	10
924.0	10
784.0	10
741.0	10
873.0	10
687.0	10
913.0	10
695.0	10
866.0	10
937.0	10
675.0	10
702.0	10
678.0	9
803.0	9
729.0	9
857.0	9
728.0	9
889.0	9
758.0	9
668.0	9
792.0	9
850.0	9
872.0	9
734.0	9
945.0	9
970.0	9
813.0	9
1079.0	8
651.0	8
682.0	8
864.0	8
838.0	8
934.0	8
788.0	8
822.0	8
861.0	8
823.0	8
854.0	8
676.0	8
883.0	8
748.0	8
789.0	8
763.0	8
865.0	8
733.0	8
775.0	8
762.0	8
933.0	8
904.0	8
856.0	8
752.0	8
725.0	8
973.0	8
830.0	8
902.0	8
1050.0	8
820.0	7
951.0	7
781.0	7
1059.0	7
845.0	7
816.0	7
694.0	7
807.0	7
817.0	7
833.0	7
722.0	7
1127.0	7
1047.0	7
805.0	7
783.0	7
956.0	7
782.0	7
914.0	7
899.0	7
1056.0	7
987.0	7
787.0	7
757.0	7
699.0	7
715.0	7
742.0	7
894.0	6
698.0	6
832.0	6
836.0	6
1033.0	6
1103.0	6
871.0	6
851.0	6
717.0	6
701.0	6
760.0	6
839.0	6
885.0	6
874.0	6
1244.0	6
1259.0	6
931.0	6
1039.0	6
831.0	6
772.0	6
911.0	6
869.0	6
806.0	6
800.0	6
1186.0	6
922.0	6
961.0	6
910.0	6
1226.0	6
975.0	6
974.0	6
810.0	6
1219.0	5
1298.0	5
811.0	5
740.0	5
844.0	5
905.0	5
1010.0	5
1203.0	5
1049.0	5
927.0	5
1025.0	5
790.0	5
1007.0	5
1078.0	5
1243.0	5
949.0	5
1125.0	5
1498.0	5
863.0	5
829.0	5
1464.0	5
1015.0	5
915.0	5
989.0	5
719.0	5
952.0	5
958.0	5
920.0	5
1087.0	5
777.0	5
964.0	5
745.0	5
1075.0	5
947.0	5
1110.0	5
747.0	5
887.0	5
1035.0	5
794.0	5
971.0	5
1288.0	5
892.0	5
1308.0	5
1037.0	5
944.0	5
919.0	5
1058.0	5
1085.0	5
709.0	5
916.0	5
878.0	5
858.0	5
689.0	5
835.0	5
797.0	4
1029.0	4
1116.0	4
785.0	4
1137.0	4
925.0	4
692.0	4
1042.0	4
907.0	4
786.0	4
1065.0	4
966.0	4
769.0	4
1132.0	4
1018.0	4
796.0	4
1008.0	4
1024.0	4
996.0	4
984.0	4
798.0	4
1086.0	4
804.0	4
1004.0	4
1123.0	4
930.0	4
853.0	4
1055.0	4
898.0	4
932.0	4
986.0	4
877.0	4
1000.0	4
948.0	4
879.0	4
926.0	4
738.0	4
1164.0	4
998.0	4
954.0	4
1006.0	4
993.0	4
1112.0	4
1023.0	4
1044.0	4
867.0	4
959.0	4
897.0	4
1254.0	4
1052.0	4
1014.0	4
1061.0	4
743.0	4
768.0	4
749.0	4
1005.0	4
928.0	4
921.0	4
770.0	4
1296.0	4
1351.0	4
1198.0	4
997.0	4
1150.0	4
2877.0	3
978.0	3
2226.0	3
827.0	3
847.0	3
1451.0	3
1069.0	3
1319.0	3
793.0	3
2163.0	3
977.0	3
1068.0	3
1187.0	3
1101.0	3
1012.0	3
1234.0	3
1502.0	3
979.0	3
1802.0	3
1026.0	3
1184.0	3
1818.0	3
802.0	3
994.0	3
1736.0	3
981.0	3
842.0	3
1262.0	3
1208.0	3
1017.0	3
1725.0	3
1456.0	3
1212.0	3
1284.0	3
1681.0	3
923.0	3
1985.0	3
815.0	3
771.0	3
1088.0	3
1734.0	3
1191.0	3
886.0	3
1030.0	3
1293.0	3
1264.0	3
1176.0	3
1274.0	3
1546.0	3
1119.0	3
1825.0	3
1131.0	3
1041.0	3
1245.0	3
1167.0	3
982.0	3
1148.0	3
826.0	3
1100.0	3
1611.0	3
1534.0	3
795.0	3
1057.0	3
1664.0	3
1914.0	3
1152.0	3
1439.0	3
1388.0	3
1280.0	3
963.0	3
1287.0	3
1295.0	3
1223.0	3
1438.0	3
1151.0	3
1376.0	3
1213.0	3
1020.0	3
1084.0	3
1027.0	3
1275.0	3
1543.0	3
1268.0	3
1640.0	3
841.0	2
1956.0	2
1402.0	2
1159.0	2
1130.0	2
1367.0	2
1394.0	2
1045.0	2
2645.0	2
1158.0	2
1703.0	2
1353.0	2
1433.0	2
1539.0	2
893.0	2
1157.0	2
1379.0	2
1487.0	2
1252.0	2
912.0	2
1267.0	2
918.0	2
1265.0	2
1905.0	2
825.0	2
1983.0	2
1334.0	2
1697.0	2
957.0	2
1142.0	2
1728.0	2
1997.0	2
1040.0	2
1011.0	2
1200.0	2
1236.0	2
1485.0	2
1066.0	2
1392.0	2
1576.0	2
1706.0	2
1109.0	2
1221.0	2
962.0	2
809.0	2
1182.0	2
1292.0	2
2182.0	2
1312.0	2
1272.0	2
1566.0	2
929.0	2
1271.0	2
1343.0	2
1048.0	2
1300.0	2
1177.0	2
1063.0	2
1253.0	2
1506.0	2
1093.0	2
967.0	2
882.0	2
808.0	2
1205.0	2
791.0	2
756.0	2
980.0	2
1105.0	2
1080.0	2
1387.0	2
1526.0	2
891.0	2
1193.0	2
1560.0	2
1383.0	2
1320.0	2
1273.0	2
1217.0	2
901.0	2
1102.0	2
1185.0	2
1163.0	2
759.0	2
1192.0	2
848.0	2
1289.0	2
674.0	2
1301.0	2
843.0	2
900.0	2
988.0	2
1441.0	2
1168.0	2
1266.0	2
1408.0	2
1618.0	2
1228.0	2
1966.0	2
938.0	2
1240.0	2
1504.0	2
1529.0	2
1768.0	2
1108.0	2
824.0	2
1281.0	2
840.0	2
972.0	2
1466.0	2
862.0	2
935.0	2
1739.0	2
1850.0	2
1251.0	2
1412.0	2
1107.0	2
1767.0	2
1492.0	2
1948.0	2
1401.0	2
1071.0	2
1316.0	2
1009.0	2
884.0	2
953.0	2
1488.0	2
946.0	2
1712.0	2
1054.0	2
1589.0	2
1001.0	2
1003.0	2
1336.0	2
1338.0	2
895.0	2
1215.0	2
941.0	2
1468.0	2
1258.0	2
1427.0	2
1149.0	2
662.0	2
1246.0	2
969.0	2
2052.0	2
1169.0	2
875.0	2
990.0	2
1516.0	2
1313.0	2
1286.0	2
881.0	2
1382.0	2
955.0	2
890.0	2
1687.0	2
1615.0	2
1347.0	2
1460.0	2
1172.0	2
1305.0	2
1178.0	2
1385.0	2
1141.0	2
1134.0	2
983.0	2
1129.0	2
2374.0	2
1324.0	2
1969.0	2
774.0	2
1194.0	2
1073.0	2
1070.0	1
1467.0	1
1162.0	1
