Value	Count
5.0	468
6.0	430
7.0	421
11.0	408
4.0	403
9.0	400
13.0	352
8.0	340
12.0	331
14.0	322
26.0	319
16.0	312
21.0	312
17.0	311
23.0	305
15.0	293
32.0	287
19.0	285
20.0	284
18.0	275
10.0	263
33.0	254
64.0	247
27.0	247
22.0	246
24.0	246
34.0	241
42.0	241
41.0	237
30.0	234
39.0	234
28.0	231
50.0	230
55.0	230
36.0	224
48.0	223
40.0	223
35.0	222
57.0	222
58.0	220
73.0	220
2.0	219
31.0	219
3.0	218
69.0	217
101.0	217
126.0	215
44.0	215
195.0	214
82.0	214
135.0	213
80.0	213
148.0	213
97.0	213
68.0	212
51.0	211
120.0	211
37.0	209
70.0	208
38.0	207
81.0	207
76.0	205
46.0	203
159.0	203
157.0	201
188.0	201
43.0	200
71.0	200
89.0	200
47.0	200
65.0	200
107.0	199
125.0	198
62.0	198
45.0	198
96.0	198
59.0	198
52.0	197
85.0	197
29.0	197
169.0	196
90.0	196
229.0	195
60.0	195
240.0	195
93.0	195
112.0	195
54.0	195
166.0	194
61.0	193
25.0	193
198.0	193
153.0	193
72.0	193
172.0	192
103.0	191
102.0	191
200.0	191
86.0	191
79.0	191
178.0	191
84.0	190
164.0	190
197.0	190
298.0	189
162.0	189
264.0	188
78.0	188
227.0	188
174.0	188
77.0	187
113.0	187
210.0	187
56.0	187
137.0	185
53.0	184
91.0	184
146.0	183
223.0	183
261.0	183
136.0	182
235.0	181
176.0	181
88.0	181
94.0	180
156.0	180
196.0	180
123.0	180
150.0	180
190.0	179
257.0	178
131.0	178
173.0	178
49.0	177
170.0	177
208.0	177
114.0	177
87.0	177
111.0	177
260.0	177
285.0	177
317.0	176
98.0	175
122.0	175
141.0	174
163.0	174
116.0	174
117.0	174
187.0	173
145.0	173
350.0	173
207.0	173
63.0	172
194.0	172
143.0	172
99.0	172
251.0	171
66.0	171
165.0	171
220.0	171
216.0	171
259.0	171
110.0	171
273.0	171
201.0	171
191.0	170
284.0	169
177.0	169
138.0	168
118.0	168
209.0	168
180.0	168
132.0	167
222.0	167
291.0	166
280.0	166
109.0	166
234.0	166
155.0	166
308.0	165
230.0	165
154.0	165
124.0	164
241.0	164
142.0	164
243.0	164
104.0	164
211.0	164
129.0	163
189.0	163
256.0	163
226.0	163
202.0	162
67.0	162
248.0	162
147.0	162
186.0	162
228.0	161
199.0	161
205.0	160
214.0	159
250.0	159
246.0	158
287.0	158
184.0	158
217.0	157
100.0	156
212.0	156
105.0	155
149.0	155
276.0	155
249.0	155
83.0	155
258.0	154
192.0	154
253.0	154
74.0	154
95.0	153
274.0	153
161.0	153
299.0	153
221.0	153
175.0	153
344.0	152
275.0	152
345.0	152
303.0	152
75.0	152
92.0	152
337.0	151
158.0	151
254.0	150
115.0	150
294.0	150
238.0	150
305.0	150
144.0	149
225.0	149
286.0	148
224.0	148
108.0	148
119.0	148
310.0	147
245.0	147
233.0	147
383.0	147
292.0	147
140.0	147
182.0	147
263.0	146
266.0	146
232.0	146
171.0	146
297.0	145
130.0	145
203.0	145
306.0	145
325.0	145
321.0	145
265.0	145
167.0	144
127.0	144
181.0	144
304.0	143
318.0	143
335.0	143
311.0	143
168.0	142
121.0	141
300.0	141
151.0	141
215.0	141
183.0	141
179.0	141
281.0	140
133.0	140
368.0	140
296.0	139
282.0	139
334.0	139
242.0	138
270.0	138
347.0	138
324.0	137
204.0	136
322.0	136
289.0	136
271.0	136
301.0	135
339.0	135
363.0	135
309.0	135
323.0	135
244.0	135
331.0	135
377.0	135
237.0	135
193.0	134
295.0	134
283.0	133
268.0	133
293.0	132
185.0	132
139.0	132
315.0	132
302.0	132
252.0	132
351.0	132
239.0	132
262.0	131
290.0	131
357.0	131
219.0	131
349.0	130
213.0	130
382.0	130
332.0	129
269.0	129
343.0	128
160.0	127
134.0	127
272.0	127
365.0	126
361.0	126
319.0	125
218.0	125
328.0	125
128.0	125
364.0	124
307.0	124
396.0	122
338.0	122
372.0	121
106.0	120
374.0	120
313.0	118
362.0	118
342.0	118
366.0	118
312.0	118
354.0	118
279.0	117
397.0	117
231.0	117
255.0	117
316.0	116
327.0	116
236.0	115
247.0	115
314.0	115
288.0	114
385.0	114
381.0	114
152.0	114
326.0	114
434.0	114
340.0	112
353.0	112
320.0	112
439.0	111
390.0	111
486.0	111
336.0	111
278.0	110
352.0	110
431.0	109
329.0	109
346.0	109
395.0	107
330.0	107
409.0	107
360.0	107
378.0	107
206.0	106
348.0	106
405.0	106
404.0	106
414.0	105
398.0	105
333.0	105
389.0	104
356.0	104
267.0	103
402.0	103
387.0	102
388.0	102
421.0	102
393.0	102
411.0	101
277.0	101
391.0	100
410.0	99
371.0	99
367.0	98
379.0	97
451.0	97
400.0	96
420.0	96
355.0	96
407.0	95
443.0	95
457.0	95
394.0	94
358.0	94
412.0	94
384.0	93
424.0	93
341.0	93
453.0	93
370.0	93
403.0	93
380.0	93
386.0	93
417.0	92
375.0	92
436.0	92
422.0	91
430.0	91
415.0	91
455.0	91
428.0	90
446.0	90
442.0	90
487.0	90
399.0	90
427.0	89
401.0	89
359.0	88
416.0	88
418.0	87
464.0	86
513.0	86
433.0	86
376.0	86
369.0	85
477.0	83
392.0	83
447.0	83
423.0	83
441.0	82
505.0	80
426.0	80
460.0	80
456.0	79
490.0	79
489.0	79
413.0	78
471.0	78
499.0	78
425.0	77
466.0	76
478.0	76
438.0	76
463.0	76
465.0	76
437.0	75
507.0	75
449.0	74
406.0	74
373.0	73
518.0	72
408.0	72
503.0	71
479.0	71
480.0	71
497.0	69
452.0	69
510.0	69
419.0	68
458.0	68
492.0	68
470.0	68
496.0	67
494.0	66
488.0	66
435.0	66
495.0	66
484.0	65
523.0	65
448.0	64
527.0	64
467.0	64
459.0	64
482.0	64
461.0	63
561.0	63
475.0	62
525.0	62
468.0	62
539.0	61
444.0	61
432.0	61
493.0	61
476.0	60
474.0	60
545.0	60
500.0	59
481.0	59
588.0	59
429.0	59
516.0	59
450.0	57
514.0	57
511.0	57
557.0	57
533.0	57
560.0	56
515.0	55
544.0	55
506.0	55
483.0	55
556.0	55
501.0	55
502.0	55
565.0	54
520.0	54
462.0	54
509.0	53
534.0	53
570.0	53
485.0	53
551.0	53
454.0	52
440.0	52
602.0	52
529.0	52
445.0	52
469.0	52
517.0	51
616.0	51
554.0	51
491.0	51
531.0	50
532.0	50
522.0	49
472.0	49
528.0	49
541.0	48
559.0	48
543.0	48
547.0	48
536.0	48
542.0	47
573.0	47
592.0	47
540.0	47
538.0	47
521.0	46
526.0	46
519.0	46
558.0	45
610.0	45
617.0	45
555.0	45
575.0	44
568.0	44
530.0	44
604.0	44
599.0	43
473.0	43
591.0	43
546.0	43
646.0	42
535.0	41
663.0	41
656.0	40
650.0	39
508.0	39
583.0	39
498.0	39
579.0	39
574.0	38
563.0	38
641.0	38
642.0	38
524.0	38
596.0	38
512.0	38
587.0	38
584.0	37
569.0	37
553.0	37
614.0	36
552.0	36
644.0	36
577.0	36
590.0	36
580.0	36
504.0	36
567.0	35
667.0	35
600.0	35
550.0	35
593.0	34
594.0	34
608.0	34
618.0	34
566.0	33
581.0	33
620.0	33
605.0	33
585.0	33
636.0	32
625.0	32
606.0	32
657.0	32
562.0	32
633.0	32
586.0	31
658.0	31
564.0	31
537.0	30
578.0	30
629.0	30
707.0	30
576.0	30
674.0	30
613.0	30
571.0	30
595.0	29
611.0	29
627.0	29
549.0	29
619.0	28
684.0	28
621.0	28
603.0	28
582.0	28
628.0	28
700.0	28
659.0	27
607.0	27
675.0	27
589.0	27
643.0	27
548.0	27
631.0	26
686.0	26
609.0	26
718.0	26
615.0	26
662.0	26
622.0	26
601.0	26
637.0	25
612.0	25
666.0	25
721.0	25
572.0	24
678.0	24
731.0	23
623.0	23
670.0	23
647.0	22
740.0	22
681.0	22
728.0	22
710.0	22
660.0	22
654.0	22
757.0	21
672.0	21
762.0	21
638.0	21
665.0	21
704.0	21
640.0	21
645.0	20
632.0	20
649.0	20
598.0	20
738.0	20
733.0	20
680.0	19
693.0	19
696.0	19
717.0	19
683.0	19
685.0	19
597.0	19
706.0	19
701.0	19
708.0	18
697.0	18
754.0	18
691.0	18
692.0	18
793.0	18
720.0	18
671.0	18
709.0	18
736.0	18
888.0	18
711.0	18
626.0	18
801.0	18
682.0	17
690.0	17
624.0	17
698.0	17
825.0	17
699.0	17
735.0	17
729.0	17
885.0	17
661.0	17
634.0	16
716.0	16
655.0	16
808.0	16
651.0	16
695.0	16
792.0	16
639.0	16
712.0	16
713.0	15
668.0	15
739.0	15
679.0	15
652.0	15
732.0	15
948.0	15
676.0	15
724.0	15
820.0	15
726.0	15
760.0	15
689.0	15
694.0	15
897.0	15
837.0	15
635.0	15
669.0	15
849.0	14
777.0	14
887.0	14
1005.0	14
790.0	14
786.0	14
865.0	14
750.0	14
833.0	14
749.0	14
752.0	14
934.0	14
797.0	14
779.0	14
766.0	14
702.0	14
630.0	14
796.0	14
807.0	14
771.0	14
677.0	14
719.0	13
839.0	13
770.0	13
687.0	13
769.0	13
730.0	13
979.0	13
727.0	13
648.0	13
806.0	12
818.0	12
673.0	12
902.0	12
900.0	12
804.0	12
835.0	12
840.0	12
747.0	12
741.0	12
803.0	12
755.0	12
746.0	12
789.0	12
744.0	11
705.0	11
1003.0	11
816.0	11
745.0	11
776.0	11
815.0	11
812.0	11
809.0	11
1004.0	10
857.0	10
798.0	10
715.0	10
826.0	10
942.0	10
756.0	10
827.0	10
759.0	10
822.0	10
802.0	10
814.0	10
907.0	10
743.0	10
878.0	10
664.0	10
768.0	10
763.0	10
929.0	9
914.0	9
856.0	9
819.0	9
785.0	9
892.0	9
823.0	9
753.0	9
864.0	9
751.0	9
737.0	9
811.0	9
725.0	9
764.0	9
688.0	9
853.0	9
805.0	9
783.0	9
723.0	9
774.0	9
1111.0	9
828.0	9
950.0	9
772.0	9
653.0	9
852.0	9
836.0	9
1034.0	8
980.0	8
923.0	8
983.0	8
841.0	8
926.0	8
780.0	8
714.0	8
879.0	8
794.0	8
854.0	8
911.0	8
967.0	8
838.0	8
974.0	8
867.0	8
778.0	8
1054.0	8
960.0	8
884.0	8
773.0	8
748.0	8
791.0	8
1279.0	8
1160.0	8
734.0	8
972.0	8
821.0	8
1013.0	7
829.0	7
1069.0	7
993.0	7
767.0	7
968.0	7
951.0	7
1145.0	7
875.0	7
1311.0	7
703.0	7
1067.0	7
845.0	7
870.0	7
982.0	7
910.0	7
999.0	7
883.0	7
932.0	7
1028.0	7
945.0	7
1264.0	7
861.0	7
924.0	7
922.0	7
935.0	7
1001.0	7
782.0	7
1251.0	7
956.0	7
1047.0	7
1057.0	7
1030.0	7
844.0	7
1235.0	6
742.0	6
851.0	6
869.0	6
1020.0	6
1196.0	6
1011.0	6
1039.0	6
978.0	6
761.0	6
1136.0	6
781.0	6
1223.0	6
830.0	6
850.0	6
788.0	6
834.0	6
1267.0	6
1591.0	6
893.0	6
758.0	6
997.0	6
1037.0	6
832.0	6
986.0	6
1342.0	6
1056.0	6
1229.0	6
1432.0	6
905.0	6
722.0	6
962.0	6
943.0	6
795.0	6
1007.0	6
1108.0	6
896.0	6
1084.0	6
964.0	6
987.0	6
1285.0	5
1071.0	5
1409.0	5
1315.0	5
1257.0	5
1043.0	5
1256.0	5
1213.0	5
1019.0	5
940.0	5
1193.0	5
1064.0	5
1308.0	5
920.0	5
1130.0	5
1603.0	5
1023.0	5
1041.0	5
1184.0	5
1192.0	5
1081.0	5
973.0	5
1166.0	5
1036.0	5
1323.0	5
996.0	5
921.0	5
1163.0	5
1198.0	5
1074.0	5
1165.0	5
1018.0	5
946.0	5
1087.0	5
894.0	5
1140.0	5
1570.0	5
1097.0	5
824.0	5
860.0	5
1124.0	5
858.0	5
1544.0	5
1227.0	5
1000.0	5
1031.0	5
1062.0	5
1088.0	5
991.0	5
800.0	5
881.0	5
957.0	4
936.0	4
1122.0	4
871.0	4
847.0	4
1104.0	4
904.0	4
1021.0	4
1110.0	4
784.0	4
1119.0	4
930.0	4
898.0	4
994.0	4
939.0	4
1052.0	4
970.0	4
1150.0	4
1060.0	4
866.0	4
1392.0	4
873.0	4
775.0	4
916.0	4
1120.0	4
876.0	4
954.0	4
1135.0	4
1141.0	4
988.0	4
889.0	4
1202.0	4
958.0	4
831.0	4
908.0	4
1048.0	4
1157.0	4
863.0	4
1423.0	4
903.0	4
874.0	4
1058.0	4
963.0	4
917.0	4
891.0	4
1148.0	4
1091.0	4
1436.0	4
931.0	4
1026.0	4
1383.0	4
1129.0	4
1417.0	4
1619.0	4
1132.0	4
949.0	4
1208.0	4
995.0	4
1708.0	4
989.0	4
947.0	3
1501.0	3
1207.0	3
1673.0	3
1016.0	3
1274.0	3
1507.0	3
1615.0	3
1464.0	3
1411.0	3
1115.0	3
1604.0	3
1093.0	3
1327.0	3
1502.0	3
1388.0	3
2528.0	3
877.0	3
1272.0	3
882.0	3
966.0	3
1462.0	3
1587.0	3
1612.0	3
1092.0	3
1426.0	3
1118.0	3
1225.0	3
1090.0	3
1181.0	3
848.0	3
1320.0	3
1339.0	3
1292.0	3
810.0	3
1674.0	3
843.0	3
1289.0	3
1078.0	3
901.0	3
1022.0	3
1278.0	3
1431.0	3
1952.0	3
1717.0	3
1199.0	3
938.0	3
1547.0	3
1226.0	3
765.0	3
1070.0	3
1203.0	3
906.0	3
1249.0	3
1859.0	3
1537.0	3
1044.0	3
909.0	3
1301.0	3
1298.0	3
1260.0	3
1236.0	3
1218.0	3
1819.0	3
1932.0	3
1794.0	3
1324.0	3
1053.0	3
1650.0	3
1793.0	3
1490.0	3
981.0	3
1079.0	3
1297.0	3
1159.0	3
1164.0	3
1394.0	3
1332.0	3
1095.0	3
1355.0	3
1068.0	3
1830.0	3
1268.0	3
2408.0	3
1372.0	3
1400.0	3
1006.0	3
1258.0	2
842.0	2
1167.0	2
2220.0	2
1630.0	2
1541.0	2
1158.0	2
1896.0	2
1885.0	2
1559.0	2
1693.0	2
813.0	2
1440.0	2
859.0	2
1386.0	2
1441.0	2
1452.0	2
1964.0	2
1487.0	2
1180.0	2
1514.0	2
1125.0	2
1510.0	2
1530.0	2
1486.0	2
1046.0	2
918.0	2
1128.0	2
862.0	2
1114.0	2
977.0	2
1705.0	2
1475.0	2
1731.0	2
1581.0	2
1269.0	2
961.0	2
959.0	2
1133.0	2
1189.0	2
1835.0	2
1908.0	2
1451.0	2
1419.0	2
1397.0	2
1575.0	2
1314.0	2
1161.0	2
1399.0	2
1083.0	2
1389.0	2
886.0	2
846.0	2
1628.0	2
1146.0	2
2065.0	2
1220.0	2
1009.0	2
1101.0	2
1014.0	2
1644.0	2
1066.0	2
1863.0	2
1316.0	2
1680.0	2
1304.0	2
1479.0	2
925.0	2
1469.0	2
1553.0	2
1109.0	2
1562.0	2
1385.0	2
1463.0	2
1950.0	2
1997.0	2
1121.0	2
1076.0	2
1059.0	2
1347.0	2
1494.0	2
1027.0	2
1138.0	2
1089.0	2
1238.0	2
1363.0	2
1536.0	2
1828.0	2
913.0	2
1838.0	2
1868.0	2
1175.0	2
1040.0	2
1288.0	2
1640.0	2
1162.0	2
1318.0	2
1255.0	2
1407.0	2
1549.0	2
1099.0	2
1422.0	2
1008.0	2
1010.0	2
1200.0	2
1153.0	2
1156.0	2
1809.0	2
1171.0	2
1682.0	2
1210.0	2
1438.0	2
1971.0	2
1240.0	2
1029.0	2
1263.0	2
2936.0	2
2281.0	2
1275.0	2
1085.0	2
787.0	2
899.0	2
1317.0	2
1075.0	2
928.0	2
1098.0	2
1862.0	2
3089.0	2
1586.0	2
895.0	2
1747.0	2
1626.0	2
2159.0	2
1103.0	2
919.0	2
1427.0	2
2039.0	2
1874.0	2
1131.0	2
1447.0	2
1049.0	2
2074.0	2
1306.0	2
1611.0	2
1105.0	2
955.0	2
1032.0	2
1627.0	2
998.0	2
1015.0	2
953.0	2
1334.0	2
1080.0	2
1543.0	2
1126.0	2
1364.0	2
1592.0	2
1281.0	2
1406.0	2
952.0	2
1025.0	2
872.0	2
1072.0	2
992.0	2
1449.0	2
1139.0	2
1757.0	2
1312.0	2
941.0	2
1299.0	2
1319.0	2
1242.0	2
1522.0	2
1382.0	2
1107.0	2
971.0	2
1343.0	2
1500.0	2
1984.0	2
799.0	2
2024.0	2
1552.0	2
1282.0	2
1144.0	2
1365.0	2
1309.0	2
868.0	1
