Value	Count
6.0	489
7.0	407
11.0	397
5.0	381
4.0	369
8.0	357
18.0	331
9.0	330
17.0	328
10.0	322
13.0	320
14.0	304
12.0	281
16.0	277
20.0	260
21.0	256
22.0	254
19.0	242
24.0	236
61.0	234
30.0	233
33.0	232
15.0	231
392.0	230
39.0	229
31.0	227
28.0	227
26.0	223
42.0	223
25.0	219
398.0	214
385.0	214
41.0	214
394.0	214
23.0	213
383.0	212
337.0	212
29.0	212
331.0	211
314.0	208
40.0	208
403.0	206
34.0	206
35.0	206
43.0	204
328.0	204
422.0	204
32.0	204
364.0	203
395.0	203
335.0	203
48.0	202
38.0	202
367.0	200
366.0	200
84.0	200
317.0	199
333.0	198
381.0	196
53.0	196
359.0	195
312.0	194
346.0	193
327.0	192
380.0	192
363.0	192
50.0	192
302.0	191
379.0	191
46.0	191
386.0	191
294.0	191
308.0	191
277.0	190
260.0	190
36.0	190
338.0	189
354.0	189
374.0	189
279.0	188
323.0	188
356.0	188
332.0	187
298.0	187
371.0	187
69.0	186
340.0	186
45.0	185
292.0	185
409.0	185
37.0	185
322.0	185
351.0	185
309.0	185
348.0	184
66.0	183
27.0	183
349.0	183
339.0	183
47.0	182
303.0	181
362.0	181
365.0	180
301.0	180
418.0	180
391.0	180
316.0	180
404.0	180
107.0	180
51.0	180
60.0	179
357.0	179
94.0	178
399.0	178
434.0	178
350.0	178
324.0	178
144.0	178
62.0	178
274.0	177
72.0	177
343.0	177
368.0	177
52.0	177
342.0	176
369.0	176
361.0	176
307.0	176
92.0	176
246.0	176
458.0	176
370.0	175
82.0	175
300.0	175
355.0	175
389.0	175
272.0	173
58.0	173
344.0	173
63.0	173
288.0	173
387.0	173
273.0	173
421.0	173
426.0	172
122.0	172
315.0	171
400.0	171
412.0	171
115.0	171
295.0	171
341.0	171
325.0	171
102.0	170
56.0	170
114.0	170
438.0	170
276.0	170
264.0	169
378.0	169
104.0	168
167.0	168
192.0	168
318.0	168
109.0	167
373.0	167
347.0	167
388.0	167
240.0	167
405.0	166
64.0	166
433.0	166
360.0	166
57.0	166
352.0	166
319.0	166
289.0	165
140.0	165
80.0	165
269.0	165
59.0	165
243.0	164
206.0	164
353.0	164
98.0	163
402.0	163
267.0	163
123.0	163
112.0	162
401.0	162
376.0	162
271.0	162
330.0	161
44.0	161
197.0	161
377.0	161
215.0	161
411.0	161
299.0	161
311.0	160
429.0	160
417.0	160
256.0	160
345.0	160
431.0	159
390.0	159
428.0	159
68.0	158
67.0	158
420.0	158
89.0	158
270.0	158
73.0	158
220.0	158
329.0	157
286.0	157
54.0	157
384.0	157
49.0	157
268.0	157
241.0	156
96.0	156
108.0	156
55.0	156
242.0	156
78.0	155
71.0	155
126.0	155
120.0	154
375.0	154
406.0	154
75.0	153
133.0	153
252.0	153
408.0	153
234.0	153
321.0	152
230.0	152
265.0	152
236.0	152
194.0	151
432.0	151
74.0	151
396.0	151
216.0	151
113.0	151
293.0	151
228.0	151
175.0	150
262.0	150
217.0	150
251.0	150
153.0	150
334.0	149
437.0	149
290.0	149
233.0	149
88.0	149
278.0	149
259.0	149
372.0	149
106.0	149
326.0	149
77.0	148
198.0	148
427.0	148
76.0	148
258.0	148
244.0	148
87.0	148
310.0	148
141.0	148
121.0	147
284.0	147
416.0	147
100.0	147
191.0	147
142.0	146
261.0	146
397.0	146
275.0	146
219.0	146
280.0	146
81.0	146
447.0	146
451.0	146
135.0	145
320.0	145
253.0	145
226.0	145
282.0	145
223.0	144
127.0	144
410.0	144
283.0	144
211.0	143
305.0	143
336.0	143
225.0	143
65.0	143
103.0	143
117.0	142
116.0	142
209.0	142
97.0	142
393.0	142
424.0	142
93.0	141
306.0	141
149.0	141
257.0	141
291.0	141
441.0	141
255.0	141
452.0	140
205.0	140
188.0	140
454.0	140
249.0	139
212.0	139
90.0	139
443.0	139
464.0	138
248.0	138
155.0	138
263.0	138
185.0	138
157.0	138
207.0	137
161.0	137
176.0	137
196.0	137
423.0	136
184.0	136
440.0	136
439.0	136
182.0	136
131.0	136
91.0	136
85.0	136
183.0	136
227.0	136
168.0	136
413.0	135
245.0	135
118.0	135
266.0	135
430.0	134
382.0	134
70.0	134
304.0	134
195.0	134
358.0	134
201.0	133
237.0	133
281.0	133
285.0	132
473.0	132
137.0	132
156.0	132
254.0	132
139.0	131
187.0	131
179.0	131
425.0	131
445.0	131
461.0	131
181.0	131
204.0	131
238.0	130
239.0	130
214.0	130
415.0	130
419.0	130
99.0	130
203.0	130
218.0	130
250.0	130
287.0	130
444.0	130
231.0	129
95.0	129
221.0	128
407.0	128
160.0	128
229.0	127
208.0	127
442.0	127
163.0	127
128.0	127
124.0	126
130.0	126
147.0	125
436.0	125
180.0	125
134.0	125
297.0	125
190.0	125
453.0	125
177.0	125
165.0	124
466.0	124
125.0	124
148.0	124
235.0	124
446.0	124
224.0	124
199.0	124
475.0	123
86.0	123
111.0	123
247.0	123
435.0	122
178.0	122
189.0	122
101.0	122
166.0	122
79.0	122
145.0	121
296.0	121
143.0	121
202.0	121
481.0	121
232.0	121
313.0	120
154.0	120
456.0	120
173.0	120
150.0	119
449.0	119
146.0	118
129.0	118
474.0	118
169.0	118
469.0	118
186.0	117
222.0	117
455.0	116
210.0	116
174.0	116
164.0	115
110.0	115
136.0	114
467.0	114
158.0	113
138.0	112
170.0	112
450.0	112
193.0	112
83.0	111
172.0	111
489.0	111
213.0	111
151.0	110
162.0	109
460.0	109
488.0	109
468.0	108
132.0	108
479.0	107
462.0	107
119.0	107
471.0	106
482.0	105
105.0	102
3.0	102
159.0	101
448.0	101
152.0	100
171.0	99
472.0	98
414.0	98
485.0	98
477.0	98
480.0	98
465.0	96
200.0	94
459.0	94
503.0	93
476.0	92
500.0	92
457.0	92
483.0	91
478.0	90
463.0	90
511.0	89
486.0	88
512.0	87
491.0	87
484.0	86
508.0	85
507.0	84
494.0	83
487.0	82
490.0	81
499.0	81
495.0	81
493.0	79
501.0	79
502.0	76
527.0	76
525.0	75
520.0	75
519.0	75
530.0	74
548.0	74
510.0	74
470.0	73
496.0	71
526.0	70
498.0	70
497.0	69
517.0	68
514.0	66
492.0	64
539.0	63
509.0	63
551.0	62
524.0	62
506.0	60
540.0	60
529.0	60
522.0	58
552.0	58
515.0	58
538.0	58
513.0	56
558.0	56
532.0	56
523.0	56
535.0	55
549.0	54
505.0	52
559.0	52
531.0	52
518.0	51
504.0	50
521.0	48
516.0	48
553.0	48
542.0	48
565.0	46
562.0	46
556.0	46
537.0	45
533.0	45
2.0	45
544.0	45
586.0	44
572.0	44
543.0	44
541.0	43
528.0	42
566.0	41
547.0	40
577.0	40
569.0	40
563.0	39
536.0	39
592.0	38
561.0	37
582.0	37
576.0	36
573.0	36
554.0	36
550.0	35
581.0	35
585.0	34
555.0	34
608.0	34
545.0	33
589.0	33
628.0	33
707.0	33
571.0	33
578.0	33
546.0	33
570.0	31
560.0	31
591.0	31
597.0	30
534.0	30
649.0	30
579.0	30
557.0	30
601.0	30
629.0	29
567.0	29
617.0	29
574.0	28
634.0	28
594.0	28
659.0	27
580.0	27
624.0	27
588.0	27
575.0	26
593.0	26
648.0	26
583.0	26
590.0	25
568.0	25
675.0	24
661.0	24
600.0	24
687.0	24
662.0	24
618.0	23
606.0	23
653.0	23
631.0	23
673.0	22
564.0	22
599.0	22
611.0	22
603.0	22
636.0	22
587.0	22
613.0	21
625.0	21
616.0	21
679.0	21
767.0	20
810.0	20
645.0	20
654.0	20
627.0	20
663.0	19
655.0	19
776.0	18
584.0	18
596.0	18
604.0	18
736.0	18
694.0	18
692.0	18
620.0	18
609.0	17
637.0	17
639.0	17
832.0	16
642.0	16
602.0	16
623.0	16
633.0	16
669.0	16
595.0	16
612.0	16
720.0	15
921.0	15
632.0	15
610.0	15
672.0	15
598.0	15
650.0	15
667.0	15
764.0	14
778.0	14
646.0	14
714.0	14
621.0	14
626.0	14
684.0	14
818.0	14
643.0	14
688.0	13
713.0	13
780.0	13
733.0	13
647.0	13
717.0	13
685.0	13
716.0	13
665.0	13
698.0	13
748.0	13
730.0	13
993.0	13
851.0	13
683.0	12
607.0	12
762.0	12
969.0	12
640.0	12
908.0	12
763.0	12
622.0	12
697.0	12
652.0	12
695.0	12
825.0	12
721.0	12
682.0	12
947.0	11
668.0	11
708.0	11
605.0	11
828.0	11
691.0	11
821.0	11
700.0	11
699.0	11
664.0	11
630.0	11
760.0	11
674.0	11
729.0	11
676.0	11
696.0	11
878.0	11
786.0	11
789.0	11
749.0	11
727.0	11
831.0	11
813.0	11
888.0	10
723.0	10
732.0	10
992.0	10
833.0	10
920.0	10
702.0	10
758.0	10
715.0	10
677.0	10
670.0	10
719.0	10
705.0	10
846.0	10
614.0	10
942.0	10
868.0	10
787.0	10
701.0	10
619.0	10
1113.0	10
872.0	10
658.0	10
644.0	10
771.0	9
745.0	9
841.0	9
651.0	9
656.0	9
900.0	9
798.0	9
726.0	9
874.0	9
724.0	9
657.0	9
795.0	9
737.0	9
929.0	9
666.0	9
796.0	9
885.0	9
747.0	9
686.0	9
981.0	9
615.0	9
945.0	9
927.0	9
710.0	9
660.0	9
884.0	8
807.0	8
876.0	8
819.0	8
843.0	8
1014.0	8
799.0	8
805.0	8
641.0	8
891.0	8
638.0	8
740.0	8
746.0	8
975.0	8
788.0	8
830.0	8
703.0	8
806.0	8
905.0	7
858.0	7
943.0	7
1077.0	7
932.0	7
933.0	7
1053.0	7
1045.0	7
852.0	7
1222.0	7
842.0	7
709.0	7
901.0	7
829.0	7
756.0	7
881.0	7
817.0	7
731.0	7
873.0	7
1096.0	7
875.0	7
791.0	7
976.0	7
862.0	7
777.0	7
794.0	7
766.0	7
835.0	7
761.0	7
940.0	7
704.0	7
971.0	7
850.0	7
711.0	7
861.0	7
765.0	7
803.0	7
898.0	7
678.0	7
768.0	6
894.0	6
725.0	6
966.0	6
995.0	6
690.0	6
755.0	6
967.0	6
1008.0	6
812.0	6
718.0	6
950.0	6
840.0	6
1011.0	6
820.0	6
855.0	6
1029.0	6
1126.0	6
952.0	6
671.0	6
1109.0	6
772.0	6
837.0	6
1078.0	6
968.0	6
728.0	6
815.0	6
917.0	6
827.0	6
877.0	6
790.0	6
972.0	6
773.0	6
1017.0	6
848.0	6
978.0	6
1026.0	6
751.0	5
867.0	5
1115.0	5
1049.0	5
1494.0	5
1211.0	5
1111.0	5
930.0	5
734.0	5
1275.0	5
1140.0	5
1207.0	5
814.0	5
1062.0	5
1161.0	5
1093.0	5
849.0	5
1220.0	5
882.0	5
948.0	5
1000.0	5
1202.0	5
1130.0	5
916.0	5
781.0	5
742.0	5
722.0	5
743.0	5
1013.0	5
1151.0	5
1108.0	5
879.0	5
903.0	5
906.0	5
1128.0	5
816.0	5
923.0	5
1292.0	5
911.0	4
912.0	4
759.0	4
1021.0	4
907.0	4
801.0	4
938.0	4
1023.0	4
1343.0	4
1204.0	4
1355.0	4
864.0	4
754.0	4
738.0	4
770.0	4
783.0	4
822.0	4
1103.0	4
1003.0	4
860.0	4
712.0	4
739.0	4
804.0	4
865.0	4
823.0	4
986.0	4
919.0	4
757.0	4
854.0	4
1114.0	4
1046.0	4
800.0	4
883.0	4
1348.0	4
996.0	4
693.0	4
941.0	4
681.0	4
802.0	4
1083.0	4
1137.0	4
1129.0	4
741.0	4
753.0	4
1247.0	4
863.0	4
853.0	4
856.0	4
1035.0	4
887.0	4
847.0	4
735.0	4
953.0	4
824.0	4
892.0	3
2013.0	3
1012.0	3
1241.0	3
1073.0	3
680.0	3
1154.0	3
2288.0	3
1829.0	3
1591.0	3
1087.0	3
1297.0	3
1616.0	3
889.0	3
1480.0	3
1036.0	3
706.0	3
1007.0	3
752.0	3
1191.0	3
1031.0	3
914.0	3
857.0	3
962.0	3
1196.0	3
1291.0	3
769.0	3
808.0	3
1102.0	3
1060.0	3
1192.0	3
1098.0	3
2026.0	3
1052.0	3
1164.0	3
1105.0	3
1048.0	3
1621.0	3
1064.0	3
1811.0	3
1423.0	3
750.0	3
895.0	3
1071.0	3
1473.0	3
979.0	3
931.0	3
1081.0	3
1148.0	3
1180.0	3
1264.0	3
1004.0	3
1425.0	3
960.0	3
1654.0	3
1104.0	3
944.0	3
1327.0	3
956.0	3
1414.0	3
826.0	3
834.0	3
1648.0	3
1229.0	3
1284.0	3
839.0	2
1134.0	2
1770.0	2
1597.0	2
982.0	2
1208.0	2
1025.0	2
1277.0	2
1006.0	2
999.0	2
1435.0	2
838.0	2
1074.0	2
1020.0	2
997.0	2
909.0	2
963.0	2
1587.0	2
1185.0	2
1501.0	2
1559.0	2
1061.0	2
1625.0	2
1070.0	2
1110.0	2
1082.0	2
987.0	2
1609.0	2
1336.0	2
964.0	2
1636.0	2
957.0	2
935.0	2
1075.0	2
1195.0	2
1947.0	2
1059.0	2
1066.0	2
1320.0	2
859.0	2
1047.0	2
1165.0	2
784.0	2
897.0	2
973.0	2
1112.0	2
1189.0	2
1528.0	2
1713.0	2
1224.0	2
1138.0	2
836.0	2
1306.0	2
1032.0	2
974.0	2
918.0	2
1354.0	2
1072.0	2
774.0	2
775.0	2
902.0	2
893.0	2
793.0	2
1541.0	2
924.0	2
1186.0	2
1107.0	2
871.0	2
689.0	2
1182.0	2
899.0	2
1010.0	2
925.0	2
1050.0	2
1037.0	2
1397.0	2
1163.0	2
1171.0	2
1206.0	2
782.0	2
797.0	2
1624.0	2
939.0	2
1289.0	2
988.0	2
977.0	2
1127.0	2
1623.0	2
1194.0	2
1034.0	2
1095.0	2
913.0	2
1368.0	2
2386.0	2
1503.0	2
896.0	2
1918.0	2
965.0	2
1524.0	2
1051.0	2
1123.0	2
890.0	2
635.0	2
1245.0	2
904.0	2
936.0	2
1139.0	2
1418.0	2
1540.0	2
946.0	2
1084.0	2
1213.0	2
1641.0	2
961.0	2
870.0	2
958.0	2
1563.0	2
1067.0	2
880.0	2
779.0	2
1015.0	2
1058.0	2
1315.0	2
1772.0	2
998.0	2
1210.0	2
1179.0	2
1511.0	2
1399.0	2
1361.0	2
1340.0	2
844.0	2
744.0	2
1028.0	2
869.0	2
1333.0	2
1328.0	2
1270.0	2
792.0	2
1349.0	2
1233.0	2
1312.0	2
1091.0	2
1250.0	2
1426.0	2
1252.0	2
983.0	2
1516.0	2
1259.0	2
1170.0	2
1405.0	2
1088.0	2
1159.0	2
845.0	2
886.0	2
1411.0	2
1288.0	2
2035.0	2
910.0	2
1436.0	2
1256.0	2
1462.0	2
1038.0	2
990.0	2
1215.0	1
