Value	Count
60.0	44584
48.0	43989
108.0	38404
72.0	35166
144.0	33640
192.0	32668
180.0	31851
132.0	31363
96.0	29286
156.0	29214
264.0	28852
216.0	26639
84.0	26054
228.0	24902
276.0	24299
312.0	22456
120.0	22348
252.0	22259
240.0	21409
168.0	20326
204.0	20085
336.0	19962
288.0	17759
360.0	17272
384.0	17251
300.0	16709
348.0	16393
324.0	15615
432.0	15264
396.0	13378
408.0	12230
456.0	12010
420.0	11980
372.0	11780
480.0	11324
468.0	10920
516.0	10268
540.0	9551
504.0	9345
444.0	9136
492.0	8674
552.0	8670
564.0	8212
600.0	7633
636.0	7407
588.0	7134
528.0	6569
576.0	6441
624.0	6389
648.0	6008
24.0	5824
672.0	5681
684.0	5370
612.0	4987
54.0	4975
102.0	4713
708.0	4592
720.0	4459
660.0	4069
696.0	3881
744.0	3859
756.0	3854
792.0	3687
138.0	3577
198.0	3433
150.0	3293
222.0	3257
126.0	3244
768.0	3147
78.0	3137
174.0	3064
732.0	3048
306.0	2882
162.0	2784
12.0	2741
210.0	2685
234.0	2662
186.0	2594
804.0	2551
36.0	2533
294.0	2467
330.0	2427
66.0	2424
246.0	2395
318.0	2327
270.0	2266
258.0	2252
828.0	2208
390.0	2193
114.0	2174
342.0	2095
378.0	2055
90.0	1995
780.0	1988
282.0	1966
840.0	1947
30.0	1921
438.0	1841
354.0	1816
852.0	1807
51.0	1801
402.0	1778
426.0	1755
366.0	1740
462.0	1715
474.0	1697
450.0	1697
414.0	1576
486.0	1554
498.0	1493
99.0	1485
876.0	1451
816.0	1414
888.0	1396
63.0	1317
558.0	1302
510.0	1281
522.0	1270
534.0	1212
546.0	1188
147.0	1181
582.0	1177
135.0	1167
75.0	1163
570.0	1143
87.0	1077
912.0	1056
606.0	1043
618.0	1034
183.0	1031
159.0	991
69.0	968
594.0	950
171.0	933
924.0	933
207.0	902
630.0	895
195.0	892
654.0	891
864.0	884
255.0	874
666.0	851
642.0	845
243.0	844
219.0	833
231.0	808
267.0	806
690.0	757
678.0	755
948.0	752
279.0	747
714.0	729
900.0	726
303.0	708
960.0	677
702.0	665
57.0	664
291.0	656
201.0	643
726.0	639
213.0	636
936.0	632
339.0	625
315.0	604
327.0	603
972.0	579
774.0	554
351.0	548
738.0	544
762.0	534
387.0	530
363.0	529
105.0	512
750.0	510
375.0	501
996.0	499
798.0	491
786.0	490
189.0	478
111.0	474
177.0	444
165.0	437
423.0	432
411.0	430
399.0	426
123.0	419
249.0	412
810.0	408
225.0	395
153.0	390
834.0	389
321.0	389
261.0	386
309.0	385
141.0	382
81.0	378
237.0	377
27.0	376
447.0	376
459.0	370
822.0	368
1008.0	362
129.0	354
297.0	353
846.0	351
273.0	347
495.0	347
381.0	347
858.0	347
285.0	346
357.0	345
435.0	343
870.0	336
393.0	336
471.0	335
483.0	334
984.0	329
882.0	327
531.0	318
42.0	312
1032.0	311
507.0	308
369.0	305
117.0	299
93.0	289
333.0	289
429.0	287
345.0	287
441.0	285
417.0	263
453.0	262
465.0	261
405.0	253
519.0	252
1020.0	249
543.0	247
579.0	241
477.0	237
1056.0	236
567.0	234
894.0	227
537.0	226
918.0	225
1044.0	219
555.0	216
906.0	216
573.0	215
615.0	211
525.0	210
501.0	209
513.0	206
603.0	206
549.0	203
1080.0	202
591.0	201
489.0	201
930.0	198
627.0	195
651.0	193
954.0	191
561.0	185
639.0	185
966.0	182
942.0	180
675.0	170
15.0	170
978.0	169
585.0	168
621.0	167
1092.0	165
687.0	164
609.0	162
1116.0	160
699.0	159
669.0	159
723.0	157
663.0	156
990.0	156
1002.0	152
597.0	152
735.0	147
633.0	146
681.0	145
1014.0	144
711.0	143
657.0	143
759.0	141
1026.0	133
1068.0	132
645.0	130
693.0	128
747.0	127
1104.0	122
1128.0	117
771.0	115
39.0	115
705.0	114
1038.0	104
1140.0	102
783.0	101
717.0	97
867.0	97
795.0	97
1164.0	96
807.0	95
855.0	95
765.0	95
1176.0	94
1074.0	94
1050.0	94
1062.0	93
1086.0	93
801.0	92
789.0	91
1152.0	89
729.0	88
741.0	88
1110.0	86
1122.0	82
1200.0	82
1236.0	82
753.0	79
1098.0	78
843.0	78
837.0	77
819.0	77
825.0	75
831.0	75
891.0	74
1224.0	73
1188.0	73
777.0	72
903.0	70
813.0	69
879.0	69
1260.0	67
897.0	67
873.0	67
849.0	62
45.0	61
1248.0	59
909.0	58
1011.0	58
915.0	57
1170.0	57
885.0	56
939.0	55
933.0	55
957.0	55
1146.0	55
861.0	54
1206.0	53
1284.0	53
969.0	52
927.0	51
1218.0	51
1272.0	50
999.0	50
945.0	50
1212.0	49
1356.0	47
1047.0	45
951.0	45
33.0	43
1338.0	43
1308.0	43
1320.0	43
1242.0	42
1230.0	42
921.0	42
1182.0	41
987.0	41
1266.0	41
1134.0	41
1344.0	40
1023.0	40
1374.0	39
1392.0	39
1158.0	39
1362.0	38
1278.0	37
975.0	37
993.0	37
1083.0	37
1041.0	36
1296.0	36
1059.0	36
1035.0	35
1137.0	35
1029.0	34
1077.0	34
1314.0	34
981.0	33
1380.0	33
1053.0	32
963.0	32
1332.0	31
1005.0	31
1368.0	31
1131.0	31
1191.0	31
1350.0	30
1113.0	30
1404.0	30
1290.0	29
1017.0	29
1488.0	28
1071.0	27
1422.0	27
1065.0	27
1227.0	26
1155.0	26
1254.0	26
1167.0	26
1179.0	26
1416.0	26
1455.0	26
1101.0	24
1536.0	24
1398.0	24
1125.0	24
1326.0	24
1482.0	24
1386.0	24
1560.0	24
1434.0	23
1197.0	23
1524.0	23
1239.0	23
1476.0	23
1302.0	23
1233.0	22
1317.0	22
1452.0	22
1323.0	22
1335.0	22
1149.0	22
1542.0	21
1143.0	20
1269.0	20
1494.0	20
1572.0	20
1107.0	20
1440.0	20
1419.0	20
1620.0	20
1095.0	20
1299.0	20
18.0	20
1458.0	20
1428.0	20
1194.0	20
1089.0	20
1305.0	19
1173.0	19
1221.0	19
1161.0	19
1401.0	19
1518.0	19
1263.0	18
1692.0	18
1257.0	18
1605.0	18
1119.0	18
1710.0	18
1467.0	17
1449.0	17
1377.0	17
1464.0	17
1443.0	17
1500.0	17
1353.0	17
1557.0	17
1383.0	17
1470.0	16
1251.0	16
1389.0	16
1632.0	16
1698.0	16
1281.0	16
1659.0	16
1329.0	16
1275.0	16
1293.0	16
1461.0	15
1431.0	15
1596.0	15
1485.0	15
1740.0	15
1779.0	15
1215.0	15
1287.0	15
1554.0	15
1479.0	14
1842.0	14
1347.0	14
1716.0	14
1515.0	14
1530.0	14
1446.0	14
1203.0	14
1527.0	14
1776.0	14
1551.0	14
1437.0	14
1590.0	13
1668.0	13
1503.0	13
1725.0	13
1734.0	13
1611.0	13
1545.0	13
1608.0	13
1497.0	13
1695.0	13
1521.0	13
1566.0	13
1731.0	13
1575.0	12
1785.0	12
1824.0	12
1533.0	12
2187.0	12
1584.0	12
1539.0	12
1743.0	12
1647.0	12
1548.0	12
1767.0	11
1707.0	11
1773.0	11
1473.0	11
1830.0	11
1800.0	11
1653.0	11
1245.0	11
1875.0	11
1680.0	11
1509.0	11
1506.0	11
1848.0	11
2049.0	11
1644.0	11
1728.0	11
1752.0	11
1737.0	11
1395.0	11
1425.0	11
1512.0	11
1626.0	10
1755.0	10
1911.0	10
1674.0	10
1209.0	10
1665.0	10
1746.0	10
2022.0	10
1998.0	10
1704.0	10
1803.0	10
1686.0	10
1407.0	10
1587.0	10
1602.0	10
1719.0	10
1410.0	10
1185.0	10
1578.0	10
1836.0	10
1599.0	9
2067.0	9
1812.0	9
1896.0	9
1359.0	9
1623.0	9
1593.0	9
1629.0	9
1782.0	9
1413.0	9
2013.0	9
1371.0	9
1860.0	9
2094.0	9
1635.0	9
1638.0	9
1809.0	9
1953.0	9
1656.0	9
1791.0	9
1365.0	8
1341.0	8
2052.0	8
1899.0	8
2124.0	8
1689.0	8
1815.0	8
1641.0	8
1614.0	8
1857.0	8
2499.0	8
1311.0	8
1722.0	8
1890.0	8
1701.0	8
1563.0	8
1650.0	8
1683.0	8
1908.0	8
2304.0	8
1887.0	7
1905.0	7
1581.0	7
1617.0	7
2037.0	7
1884.0	7
2151.0	7
2166.0	7
2328.0	7
1854.0	7
2568.0	7
1851.0	7
1788.0	7
1749.0	7
1761.0	7
1671.0	7
1821.0	7
1923.0	7
2073.0	6
2028.0	6
2031.0	6
1866.0	6
1995.0	6
2034.0	6
2148.0	6
1677.0	6
1965.0	6
2076.0	6
1878.0	6
2310.0	6
2163.0	6
1863.0	6
1881.0	6
1986.0	6
2247.0	6
1797.0	6
2154.0	6
1974.0	6
2088.0	6
2385.0	6
1764.0	6
1758.0	6
2262.0	6
1932.0	6
1980.0	6
1914.0	6
1770.0	5
1869.0	5
1872.0	5
1938.0	5
2118.0	5
1806.0	5
2112.0	5
2226.0	5
2058.0	5
2010.0	5
2106.0	5
2265.0	5
2418.0	5
2127.0	5
1794.0	5
2451.0	5
2667.0	5
2091.0	5
2235.0	5
2070.0	5
1833.0	5
1962.0	5
2925.0	5
2421.0	5
1926.0	5
1920.0	5
2145.0	5
2172.0	5
1959.0	5
1662.0	5
1491.0	5
1956.0	5
2004.0	5
2316.0	5
2424.0	5
2484.0	4
2307.0	4
1989.0	4
2181.0	4
2337.0	4
21.0	4
2271.0	4
1818.0	4
2055.0	4
2355.0	4
1944.0	4
2268.0	4
1992.0	4
2016.0	4
1839.0	4
2142.0	4
2298.0	4
2208.0	4
2514.0	4
2019.0	4
2469.0	4
2136.0	4
1893.0	4
2007.0	4
2823.0	4
1947.0	4
2079.0	4
2178.0	4
2364.0	4
2097.0	4
1713.0	4
2280.0	4
2490.0	4
3123.0	3
2550.0	3
2433.0	3
2442.0	3
2046.0	3
1968.0	3
2211.0	3
2064.0	3
2361.0	3
2358.0	3
2487.0	3
2391.0	3
2493.0	3
2370.0	3
2448.0	3
2190.0	3
2352.0	3
2427.0	3
2082.0	3
2838.0	3
3075.0	3
2025.0	3
1902.0	3
2889.0	3
2331.0	3
2880.0	3
2133.0	3
3015.0	3
2169.0	3
2445.0	3
2520.0	3
2061.0	3
2193.0	3
2043.0	3
3264.0	3
2430.0	3
2604.0	3
1983.0	3
1971.0	3
2241.0	3
1977.0	3
2436.0	3
2109.0	3
2607.0	3
2103.0	3
1845.0	3
2100.0	3
2040.0	3
2586.0	3
2223.0	3
2574.0	2
2517.0	2
2658.0	2
2400.0	2
3399.0	2
3651.0	2
2655.0	2
1950.0	2
3459.0	2
2832.0	2
2919.0	2
3066.0	2
2679.0	2
3300.0	2
2793.0	2
3474.0	2
5832.0	2
2649.0	2
3294.0	2
1827.0	2
3201.0	2
4446.0	2
1917.0	2
2343.0	2
2583.0	2
2511.0	2
2283.0	2
2214.0	2
3519.0	2
2541.0	2
2910.0	2
3321.0	2
2670.0	2
2700.0	2
2805.0	2
3252.0	2
2685.0	2
3426.0	2
3885.0	2
2217.0	2
2754.0	2
3228.0	2
2325.0	2
3144.0	2
3243.0	2
2085.0	2
2295.0	2
2787.0	2
2892.0	2
2580.0	2
2598.0	2
2784.0	2
2529.0	2
2688.0	2
3357.0	2
3060.0	2
3021.0	2
3537.0	2
3360.0	2
2958.0	2
4329.0	2
1935.0	2
2706.0	2
1941.0	2
1569.0	2
2820.0	2
2397.0	2
3249.0	2
3981.0	2
3033.0	2
2259.0	2
2796.0	2
4185.0	2
2253.0	2
3756.0	2
3189.0	2
2286.0	2
2439.0	2
2130.0	2
2232.0	2
2589.0	2
2274.0	2
2709.0	2
2637.0	2
3153.0	2
3183.0	2
2115.0	1
4251.0	1
2922.0	1
3339.0	1
3840.0	1
2229.0	1
3744.0	1
3270.0	1
2772.0	1
3009.0	1
2742.0	1
2505.0	1
3564.0	1
2757.0	1
2373.0	1
3501.0	1
2313.0	1
2673.0	1
2244.0	1
2904.0	1
3480.0	1
2676.0	1
3498.0	1
2508.0	1
2289.0	1
2559.0	1
3834.0	1
3000.0	1
2379.0	1
2871.0	1
3333.0	1
2718.0	1
2199.0	1
3246.0	1
3168.0	1
2712.0	1
2001.0	1
3105.0	1
2376.0	1
2496.0	1
3348.0	1
2808.0	1
3081.0	1
2856.0	1
2949.0	1
2388.0	1
2526.0	1
4182.0	1
2139.0	1
2322.0	1
2931.0	1
2292.0	1
2412.0	1
3663.0	1
2319.0	1
2478.0	1
3453.0	1
2865.0	1
2415.0	1
3225.0	1
4434.0	1
3507.0	1
2964.0	1
3288.0	1
2703.0	1
4095.0	1
2640.0	1
2157.0	1
3792.0	1
2457.0	1
3036.0	1
3759.0	1
2763.0	1
2349.0	1
2475.0	1
3354.0	1
2760.0	1
3702.0	1
2595.0	1
4050.0	1
2196.0	1
3852.0	1
2652.0	1
3156.0	1
2301.0	1
2277.0	1
3273.0	1
2340.0	1
2748.0	1
3204.0	1
3768.0	1
3822.0	1
2691.0	1
2553.0	1
4524.0	1
2862.0	1
2472.0	1
3483.0	1
2523.0	1
2817.0	1
2202.0	1
2730.0	1
2895.0	1
2631.0	1
3117.0	1
2937.0	1
4191.0	1
2661.0	1
4536.0	1
