#frame	event	cm_x	cm_y	size	size_r	size_g	size_b	sum	sum_r	sum_g	sum_b
0	12	665.5109489051094	1015.5109489051094	4.0	4.0	0.0	1.0	274.0	268.0	0.0	6.0
0	15	2340.6813880126183	1090.6813880126183	7.0	4.0	5.0	4.0	634.0	100.0	30.0	504.0
0	34	2235.505882352941	1875.5058823529407	4.0	4.0	0.0	1.0	170.0	168.0	0.0	2.0
1	12	665.5109489051094	1015.5109489051094	4.0	4.0	0.0	1.0	274.0	268.0	0.0	6.0
1	15	2340.6813880126183	1090.6813880126183	7.0	4.0	5.0	4.0	634.0	100.0	30.0	504.0
1	34	2235.505882352941	1875.5058823529407	4.0	4.0	0.0	1.0	170.0	168.0	0.0	2.0
4	23	129.51445086705203	1411.514450867052	4.0	4.0	0.0	1.0	346.0	336.0	0.0	10.0
4	29	2165.521815008726	1595.521815008726	4.0	4.0	0.0	1.0	573.0	548.0	0.0	25.0
4	36	707.5026737967914	1928.235294117647	6.0	4.0	4.0	1.0	374.0	96.0	276.0	2.0
5	23	129.51445086705203	1411.514450867052	4.0	4.0	0.0	1.0	346.0	336.0	0.0	10.0
5	29	2165.521815008726	1595.521815008726	4.0	4.0	0.0	1.0	573.0	548.0	0.0	25.0
5	36	707.5026737967914	1928.235294117647	6.0	4.0	4.0	1.0	374.0	96.0	276.0	2.0
6	7	1753.5175644028102	641.5175644028103	4.0	4.0	0.0	1.0	427.0	412.0	0.0	15.0
6	36	1383.5198329853863	1879.5198329853863	4.0	4.0	0.0	1.0	479.0	460.0	0.0	19.0
7	12	1761.5101449275362	533.5101449275362	4.0	4.0	0.0	2.0	345.0	332.0	0.0	13.0
7	13	113.5	559.5	4.0	4.0	0.0	0.0	112.0	112.0	0.0	0.0
7	22	278.69767441860466	952.6976744186046	9.0	5.0	7.0	4.0	860.0	144.0	64.0	652.0
7	34	1675.519650655022	1665.519650655022	4.0	4.0	0.0	1.0	458.0	440.0	0.0	18.0
10	9	1325.5	497.5	4.0	4.0	0.0	0.0	112.0	112.0	0.0	0.0
10	10	2151.508620689656	509.5086206896552	4.0	4.0	0.0	1.0	232.0	228.0	0.0	4.0
10	28	1380.6780185758514	1544.6780185758514	7.0	4.0	5.0	4.0	646.0	100.0	30.0	516.0
10	32	2114.715238095238	1812.7066666666667	9.0	6.0	7.0	4.0	1050.0	182.0	88.0	780.0
11	28	2117.5235008103728	1661.5202593192869	4.0	4.0	0.0	2.0	617.0	588.0	0.0	29.0
11	33	1267.5080213903743	1797.5080213903743	4.0	4.0	0.0	1.0	187.0	184.0	0.0	3.0
12	14	2333.671206225681	1027.6712062256809	7.0	4.0	0.0	4.0	1028.0	852.0	0.0	176.0
12	21	2407.5131578947367	1405.5131578947369	4.0	4.0	0.0	1.0	304.0	296.0	0.0	8.0
12	32	383.50344827586207	1915.503448275862	4.0	4.0	0.0	0.0	145.0	144.0	0.0	0.0
13	14	2333.671206225681	1027.6712062256809	7.0	4.0	0.0	4.0	1028.0	852.0	0.0	176.0
13	21	2407.5131578947367	1405.5131578947369	4.0	4.0	0.0	1.0	304.0	296.0	0.0	8.0
13	32	383.50344827586207	1915.503448275862	4.0	4.0	0.0	0.0	145.0	144.0	0.0	0.0
14	4	777.5084745762712	503.5084745762712	4.0	4.0	0.0	1.0	236.0	232.0	0.0	4.0
14	12	1833.6708333333331	1083.6708333333331	7.0	4.0	0.0	4.0	960.0	796.0	0.0	164.0
14	20	837.5150812064966	1557.5150812064965	4.0	4.0	1.0	1.0	431.0	412.0	2.0	15.0
15	10	783.9532374100719	401.51079136690646	8.0	8.0	0.0	2.0	278.0	272.0	0.0	6.0
15	14	1133.936416184971	601.5028901734104	6.0	4.0	4.0	0.0	173.0	96.0	76.0	0.0
15	15	123.64135021097046	683.5210970464135	9.0	4.0	4.0	6.0	948.0	696.0	112.0	140.0
15	20	2423.5175644028104	1037.5175644028102	4.0	4.0	0.0	1.0	427.0	412.0	0.0	15.0
15	36	531.4957983193277	1727.5126050420167	4.0	4.0	0.0	1.0	119.0	116.0	0.0	2.0
15	40	123.51966873706004	1995.51966873706	4.0	4.0	0.0	1.0	483.0	464.0	0.0	19.0
15	43	787.5149700598803	2021.51497005988	4.0	4.0	0.0	1.0	334.0	324.0	0.0	10.0
16	12	1259.503448275862	657.5034482758621	4.0	4.0	0.0	0.0	145.0	144.0	0.0	0.0
16	21	1689.5191489361705	1251.5191489361705	4.0	4.0	0.0	1.0	470.0	452.0	0.0	18.0
17	12	1259.503448275862	657.5034482758621	4.0	4.0	0.0	0.0	145.0	144.0	0.0	0.0
17	21	1689.5191489361705	1251.5191489361705	4.0	4.0	0.0	1.0	470.0	452.0	0.0	18.0
18	21	847.5	1489.5098039215686	4.0	4.0	0.0	0.0	102.0	100.0	0.0	0.0
18	23	1824.6908850726552	1556.6908850726552	9.0	4.0	7.0	4.0	757.0	120.0	49.0	588.0
19	4	584.656188605108	274.65618860510807	7.0	5.0	5.0	4.0	509.0	75.0	18.0	416.0
19	17	989.5	1392.2238095238097	6.0	4.0	4.0	0.0	420.0	116.0	304.0	0.0
19	22	1919.4952741020795	1661.5425330812857	4.0	4.0	0.0	2.0	529.0	484.0	0.0	45.0
19	23	1065.5220949263503	1675.5220949263503	4.0	4.0	0.0	1.0	611.0	584.0	0.0	27.0
19	33	1521.5	2007.904255319149	6.0	4.0	4.0	0.0	188.0	112.0	76.0	0.0
20	39	30.069400630914828	1900.96214511041	7.0	5.0	3.0	4.0	317.0	139.0	9.0	168.0
21	39	30.069400630914828	1900.96214511041	7.0	5.0	3.0	4.0	317.0	139.0	9.0	168.0
23	31	1409.5147928994083	1669.5147928994083	4.0	4.0	0.0	1.0	338.0	328.0	0.0	10.0
26	28	1663.6694214876034	1523.6694214876034	7.0	4.0	0.0	4.0	968.0	804.0	0.0	164.0
26	38	855.518771331058	1973.4368600682596	6.0	4.0	4.0	1.0	586.0	516.0	48.0	22.0
27	10	2219.605077574048	501.6473906911143	6.0	4.0	0.0	3.0	709.0	620.0	0.0	87.0
28	15	653.5073529411765	1001.5147058823528	4.0	4.0	0.0	2.0	272.0	264.0	0.0	8.0
28	31	865.514450867052	1597.514450867052	4.0	4.0	0.0	1.0	346.0	336.0	0.0	10.0
28	33	1265.899618112384	1683.4926350245498	14.0	8.0	7.0	8.0	1833.0	1308.0	268.0	257.0
29	15	653.5073529411765	1001.5147058823528	4.0	4.0	0.0	2.0	272.0	264.0	0.0	8.0
29	31	865.514450867052	1597.514450867052	4.0	4.0	0.0	1.0	346.0	336.0	0.0	10.0
29	33	1265.899618112384	1683.4926350245498	14.0	8.0	7.0	8.0	1833.0	1308.0	268.0	257.0
30	49	933.5073891625616	1795.5073891625616	4.0	4.0	0.0	1.0	203.0	200.0	0.0	3.0
31	42	1521.5116279069769	1995.5116279069769	4.0	4.0	0.0	1.0	258.0	252.0	0.0	6.0
32	7	944.28981348637	262.9512195121951	10.0	8.0	6.0	6.0	697.0	280.0	31.0	386.0
32	35	1109.52	1821.52	4.0	4.0	0.0	1.0	500.0	480.0	0.0	20.0
32	39	217.5201535508637	1893.520153550864	4.0	4.0	0.0	1.0	521.0	500.0	0.0	21.0
33	7	944.28981348637	262.9512195121951	10.0	8.0	6.0	6.0	697.0	280.0	31.0	386.0
33	35	1109.52	1821.52	4.0	4.0	0.0	1.0	500.0	480.0	0.0	20.0
33	39	217.5201535508637	1893.520153550864	4.0	4.0	0.0	1.0	521.0	500.0	0.0	21.0
34	8	122.7157275021026	416.7157275021026	9.0	4.0	7.0	4.0	1189.0	204.0	105.0	880.0
34	18	1205.5	959.5	4.0	4.0	0.0	0.0	112.0	112.0	0.0	0.0
35	21	1415.5183486238532	1097.5183486238532	4.0	4.0	0.0	1.0	436.0	420.0	0.0	16.0
35	30	2446.0	1539.0	3.0	3.0	3.0	0.0	30.0	21.0	9.0	0.0
35	40	735.514450867052	1953.514450867052	4.0	4.0	0.0	1.0	346.0	336.0	0.0	10.0
36	20	1735.6462264150944	1313.566037735849	9.0	4.0	4.0	4.0	848.0	656.0	68.0	124.0
36	35	2147.518218623482	1737.5182186234815	4.0	4.0	0.0	2.0	494.0	472.0	0.0	22.0
37	20	1735.6462264150944	1313.566037735849	9.0	4.0	4.0	4.0	848.0	656.0	68.0	124.0
37	35	2147.518218623482	1737.5182186234815	4.0	4.0	0.0	2.0	494.0	472.0	0.0	22.0
39	25	1257.491228070175	1627.508771929825	4.0	4.0	0.0	1.0	114.0	112.0	0.0	2.0
40	8	1767.514619883041	731.514619883041	4.0	4.0	0.0	1.0	342.0	332.0	0.0	10.0
40	37	2273.511811023622	1937.507874015748	4.0	4.0	0.0	1.0	254.0	248.0	0.0	5.0
41	8	1767.514619883041	731.514619883041	4.0	4.0	0.0	1.0	342.0	332.0	0.0	10.0
41	37	2273.511811023622	1937.507874015748	4.0	4.0	0.0	1.0	254.0	248.0	0.0	5.0
42	13	1417.5618336886994	517.6695095948827	9.0	4.0	4.0	6.0	938.0	716.0	44.0	178.0
42	38	1749.497584541063	1509.5169082125603	4.0	4.0	0.0	2.0	207.0	200.0	0.0	7.0
42	40	397.6623036649215	1667.6623036649214	7.0	4.0	0.0	4.0	764.0	640.0	0.0	124.0
43	27	2213.520295202952	1741.5166051660517	4.0	4.0	2.0	1.0	542.0	516.0	4.0	22.0
43	34	1673.5072463768115	2027.731884057971	6.0	4.0	4.0	2.0	276.0	212.0	60.0	4.0
44	5	2310.688888888889	414.68888888888887	9.0	4.0	7.0	4.0	720.0	112.0	48.0	560.0
44	23	953.5164835164836	1751.520879120879	4.0	4.0	0.0	2.0	455.0	436.0	0.0	19.0
45	5	2310.688888888889	414.68888888888887	9.0	4.0	7.0	4.0	720.0	112.0	48.0	560.0
45	23	953.5164835164836	1751.520879120879	4.0	4.0	0.0	2.0	455.0	436.0	0.0	19.0
47	18	177.5204678362573	1433.5204678362572	4.0	4.0	0.0	1.0	513.0	492.0	0.0	21.0
47	19	2319.5	1487.5	4.0	4.0	0.0	0.0	96.0	96.0	0.0	0.0
48	33	1229.51269035533	1997.748730964467	6.0	4.0	4.0	2.0	394.0	296.0	88.0	10.0
49	33	1229.51269035533	1997.748730964467	6.0	4.0	4.0	2.0	394.0	296.0	88.0	10.0
50	15	1727.5220949263503	797.5220949263503	4.0	4.0	0.0	1.0	611.0	584.0	0.0	27.0
50	22	801.5	1289.5	4.0	4.0	0.0	0.0	112.0	112.0	0.0	0.0
50	28	133.52209492635023	1637.5220949263503	4.0	4.0	0.0	1.0	611.0	584.0	0.0	27.0
51	17	891.4912280701755	1111.508771929825	4.0	4.0	0.0	1.0	114.0	112.0	0.0	2.0
52	18	735.5058823529412	1095.513725490196	4.0	4.0	0.0	2.0	255.0	248.0	0.0	7.0
53	18	735.5058823529412	1095.513725490196	4.0	4.0	0.0	2.0	255.0	248.0	0.0	7.0
54	31	1398.691899070385	1736.691899070385	9.0	4.0	7.0	4.0	753.0	120.0	49.0	584.0
54	35	1747.510373443983	1951.5103734439836	4.0	4.0	0.0	1.0	241.0	236.0	0.0	5.0
55	15	219.5103734439834	1027.510373443983	4.0	4.0	0.0	1.0	241.0	236.0	0.0	5.0
58	12	164.8567415730337	484.8553370786517	7.0	4.0	5.0	5.0	712.0	228.0	20.0	463.0
58	22	1641.5211267605634	885.5211267605633	4.0	4.0	0.0	1.0	568.0	544.0	0.0	24.0
58	39	881.5127272727273	1561.5127272727273	4.0	4.0	0.0	1.0	275.0	268.0	0.0	7.0
59	18	2133.2029972752043	947.7765667574932	11.0	6.0	4.0	8.0	1468.0	728.0	352.0	388.0
60	39	2289.52	1817.52	4.0	4.0	0.0	1.0	525.0	504.0	0.0	21.0
61	19	843.522342064715	1259.5223420647148	4.0	4.0	0.0	1.0	649.0	620.0	0.0	29.0
62	19	843.522342064715	1259.5223420647148	4.0	4.0	0.0	1.0	649.0	620.0	0.0	29.0
63	20	2258.671102661597	1010.5152091254752	11.0	4.0	10.0	4.0	1052.0	144.0	236.0	672.0
63	28	393.51236749116606	1451.512367491166	4.0	4.0	0.0	1.0	283.0	276.0	0.0	7.0
63	33	1021.5187969924812	1707.5037593984962	4.0	4.0	0.0	2.0	266.0	256.0	0.0	10.0
64	9	715.5103448275862	487.7	6.0	4.0	4.0	2.0	290.0	232.0	52.0	6.0
64	20	845.4394299287411	1185.667458432304	8.0	4.0	4.0	1.0	421.0	376.0	32.0	13.0
65	9	715.5103448275862	487.7	6.0	4.0	4.0	2.0	290.0	232.0	52.0	6.0
65	20	845.4394299287411	1185.667458432304	8.0	4.0	4.0	1.0	421.0	376.0	32.0	13.0
66	14	541.5204460966543	707.5204460966543	4.0	4.0	0.0	1.0	538.0	516.0	0.0	22.0
66	31	1325.514450867052	1599.514450867052	4.0	4.0	0.0	1.0	346.0	336.0	0.0	10.0
66	41	1355.511961722488	2025.5023923444976	4.0	4.0	0.0	2.0	209.0	204.0	0.0	5.0
67	9	1951.514619883041	553.514619883041	4.0	4.0	0.0	1.0	342.0	332.0	0.0	10.0
67	22	87.51239669421487	1077.5082644628098	4.0	4.0	0.0	1.0	242.0	236.0	0.0	5.0
67	27	791.5034482758621	1315.503448275862	4.0	4.0	0.0	0.0	145.0	144.0	0.0	0.0
67	45	1099.5136778115502	1989.5136778115505	4.0	4.0	0.0	1.0	329.0	320.0	0.0	9.0
68	17	977.5086206896552	1107.5086206896551	4.0	4.0	0.0	1.0	232.0	228.0	0.0	4.0
68	23	280.69189907038515	1322.691899070385	9.0	4.0	7.0	4.0	753.0	120.0	49.0	584.0
68	34	1545.5194805194806	1991.5194805194808	4.0	4.0	0.0	1.0	462.0	444.0	0.0	18.0
69	32	1133.5149700598802	1501.5149700598802	4.0	4.0	0.0	1.0	334.0	324.0	0.0	10.0
69	36	209.5	1833.7926829268288	6.0	4.0	4.0	0.0	164.0	116.0	48.0	0.0
70	32	1133.5149700598802	1501.5149700598802	4.0	4.0	0.0	1.0	334.0	324.0	0.0	10.0
70	36	209.5	1833.7926829268288	6.0	4.0	4.0	0.0	164.0	116.0	48.0	0.0
71	8	2287.512658227848	493.67721518987344	6.0	4.0	4.0	2.0	316.0	260.0	48.0	8.0
71	10	2063.519699812383	703.5196998123828	4.0	4.0	0.0	1.0	533.0	512.0	0.0	21.0
71	13	2203.512195121951	1039.5121951219512	4.0	4.0	0.0	1.0	287.0	280.0	0.0	7.0
71	23	1702.698189134809	1408.7193158953723	9.0	6.0	7.0	4.0	994.0	178.0	80.0	736.0
72	26	693.1733746130031	1177.513931888545	6.0	4.0	4.0	1.0	646.0	408.0	220.0	18.0
72	31	1237.5124653739613	1363.5124653739613	4.0	4.0	0.0	2.0	361.0	348.0	0.0	13.0
72	42	971.6708333333332	1887.6708333333331	7.0	4.0	0.0	4.0	960.0	796.0	0.0	164.0
73	16	1774.9372955288986	882.417121046892	11.0	8.0	7.0	9.0	1834.0	672.0	129.0	1033.0
74	16	1774.9372955288986	882.417121046892	11.0	8.0	7.0	9.0	1834.0	672.0	129.0	1033.0
75	15	957.5153203342618	1109.5153203342618	4.0	4.0	0.0	1.0	359.0	348.0	0.0	11.0
75	17	581.6674008810572	1379.6674008810571	7.0	4.0	0.0	4.0	908.0	756.0	0.0	152.0
77	23	757.5218045112782	1581.521804511278	4.0	4.0	0.0	1.0	665.0	636.0	0.0	29.0
77	24	761.5183486238532	1627.5183486238532	4.0	4.0	0.0	1.0	436.0	420.0	0.0	16.0
77	25	1741.5210526315789	1653.519298245614	4.0	4.0	0.0	1.0	570.0	544.0	0.0	24.0
77	30	2171.664488017429	1907.6666666666667	7.0	4.0	0.0	5.0	918.0	764.0	0.0	154.0
78	23	757.5218045112782	1581.521804511278	4.0	4.0	0.0	1.0	665.0	636.0	0.0	29.0
78	24	761.5183486238532	1627.5183486238532	4.0	4.0	0.0	1.0	436.0	420.0	0.0	16.0
78	25	1741.5210526315789	1653.519298245614	4.0	4.0	0.0	1.0	570.0	544.0	0.0	24.0
78	30	2171.664488017429	1907.6666666666667	7.0	4.0	0.0	5.0	918.0	764.0	0.0	154.0
79	30	1583.5156576200418	1809.5198329853863	4.0	4.0	0.0	3.0	479.0	456.0	0.0	23.0
80	17	1347.508896797153	685.508896797153	4.0	4.0	0.0	2.0	281.0	272.0	0.0	9.0
80	18	2079.5109489051097	761.5109489051094	4.0	4.0	0.0	1.0	274.0	268.0	0.0	6.0
80	27	529.671875	1327.671875	7.0	4.0	0.0	4.0	1024.0	848.0	0.0	176.0
80	28	1215.5166163141994	1341.5105740181268	4.0	4.0	0.0	2.0	331.0	320.0	0.0	11.0
80	30	2399.510373443984	1433.510373443983	4.0	4.0	0.0	1.0	241.0	236.0	0.0	5.0
80	44	1467.5176470588235	2041.4392156862743	6.0	4.0	4.0	1.0	510.0	452.0	40.0	18.0
83	13	666.6906377204884	982.6906377204884	9.0	4.0	7.0	4.0	737.0	116.0	49.0	572.0
83	15	945.5114503816794	1025.5114503816794	4.0	4.0	0.0	1.0	262.0	256.0	0.0	6.0
83	34	1297.672549019608	1575.672549019608	7.0	4.0	0.0	4.0	1020.0	844.0	0.0	176.0
84	20	507.2761904761905	827.047619047619	8.0	4.0	4.0	6.0	315.0	236.0	64.0	15.0
85	18	261.51532033426184	1159.5153203342618	4.0	4.0	0.0	1.0	359.0	348.0	0.0	11.0
86	18	261.51532033426184	1159.5153203342618	4.0	4.0	0.0	1.0	359.0	348.0	0.0	11.0
87	2	642.6791277258567	48.679127725856695	7.0	4.0	5.0	4.0	642.0	100.0	30.0	512.0
87	15	1123.5	853.5	4.0	4.0	0.0	0.0	96.0	96.0	0.0	0.0
87	16	821.656455142232	863.6061269146609	9.0	4.0	4.0	5.0	914.0	720.0	48.0	146.0
87	34	285.5061728395062	1859.514403292181	4.0	4.0	0.0	2.0	243.0	236.0	0.0	7.0
88	9	11.513157894736842	413.5131578947368	4.0	4.0	0.0	1.0	304.0	296.0	0.0	8.0
88	10	335.5100401606426	549.5100401606426	4.0	4.0	0.0	1.0	249.0	244.0	0.0	5.0
88	24	2045.516883116883	1129.516883116883	4.0	4.0	0.0	1.0	385.0	372.0	0.0	13.0
88	36	847.5	1561.5	4.0	4.0	0.0	0.0	112.0	112.0	0.0	0.0
89	10	761.353032659409	465.3094867807154	8.0	4.0	7.0	4.0	643.0	404.0	212.0	27.0
89	29	442.68079800498754	1726.6197007481296	11.0	4.0	10.0	4.0	802.0	120.0	98.0	584.0
89	37	1859.6608040201008	1865.6608040201008	7.0	4.0	0.0	4.0	796.0	668.0	0.0	128.0
89	43	2083.521885521885	2027.5218855218852	4.0	4.0	0.0	1.0	594.0	568.0	0.0	26.0
89	44	1953.6731470230864	2029.6646415552852	7.0	5.0	0.0	4.0	823.0	691.0	0.0	132.0
90	10	761.353032659409	465.3094867807154	8.0	4.0	7.0	4.0	643.0	404.0	212.0	27.0
90	29	442.68079800498754	1726.6197007481296	11.0	4.0	10.0	4.0	802.0	120.0	98.0	584.0
90	37	1859.6608040201008	1865.6608040201008	7.0	4.0	0.0	4.0	796.0	668.0	0.0	128.0
90	43	2083.521885521885	2027.5218855218852	4.0	4.0	0.0	1.0	594.0	568.0	0.0	26.0
90	44	1953.6731470230864	2029.6646415552852	7.0	5.0	0.0	4.0	823.0	691.0	0.0	132.0
92	29	632.3808543489449	2018.78486875965	12.0	10.0	10.0	6.0	1943.0	504.0	409.0	1030.0
95	19	1905.4807692307693	1379.5	4.0	4.0	0.0	2.0	104.0	100.0	0.0	4.0
95	20	501.4966887417218	1413.4834437086092	4.0	4.0	0.0	2.0	151.0	144.0	0.0	6.0
