#frame	event	cm_x	cm_y	size	size_r	size_g	size_b	sum	sum_r	sum_g	sum_b
0	15	2340.6813880126183	1090.6813880126183	7.0	4.0	5.0	4.0	634.0	100.0	30.0	504.0
0	17	1338.7204100652375	1190.7204100652375	9.0	4.0	7.0	5.0	1073.0	180.0	89.0	804.0
0	28	380.78300455235205	1658.783004552352	7.0	4.0	5.0	5.0	659.0	164.0	24.0	471.0
0	30	2086.513043478261	1724.513043478261	4.0	1.0	0.0	4.0	230.0	5.0	0.0	224.0
1	15	2340.6813880126183	1090.6813880126183	7.0	4.0	5.0	4.0	634.0	100.0	30.0	504.0
1	17	1338.7204100652375	1190.7204100652375	9.0	4.0	7.0	5.0	1073.0	180.0	89.0	804.0
1	28	380.78300455235205	1658.783004552352	7.0	4.0	5.0	5.0	659.0	164.0	24.0	471.0
1	30	2086.513043478261	1724.513043478261	4.0	1.0	0.0	4.0	230.0	5.0	0.0	224.0
2	11	178.5204081632653	938.5204081632652	4.0	1.0	1.0	4.0	294.0	9.0	3.0	280.0
2	20	1634.51376146789	1294.3302752293578	6.0	1.0	5.0	4.0	327.0	7.0	63.0	256.0
2	33	1448.651376146789	1918.651376146789	7.0	4.0	5.0	4.0	436.0	60.0	12.0	364.0
3	15	2212.5124378109454	956.5124378109452	4.0	1.0	0.0	4.0	201.0	4.0	0.0	196.0
3	16	270.66265060240966	984.6626506024096	7.0	4.0	5.0	4.0	498.0	72.0	18.0	408.0
3	28	1208.6724137931035	1432.6724137931035	7.0	4.0	5.0	4.0	580.0	88.0	24.0	468.0
3	30	2410.671232876712	1522.6712328767123	7.0	4.0	5.0	4.0	584.0	88.0	24.0	472.0
3	34	76.51711026615969	1742.5171102661598	4.0	1.0	1.0	4.0	263.0	7.0	2.0	252.0
3	35	2046.6600790513835	1754.6600790513835	7.0	4.0	5.0	4.0	506.0	72.0	18.0	416.0
4	14	1428.662239089184	822.662239089184	7.0	4.0	5.0	4.0	527.0	76.0	19.0	432.0
4	29	2165.521815008726	1595.521815008726	4.0	4.0	0.0	1.0	573.0	548.0	0.0	25.0
5	14	1428.662239089184	822.662239089184	7.0	4.0	5.0	4.0	527.0	76.0	19.0	432.0
5	29	2165.521815008726	1595.521815008726	4.0	4.0	0.0	1.0	573.0	548.0	0.0	25.0
6	3	1242.511737089202	200.5117370892019	4.0	1.0	0.0	4.0	213.0	4.0	0.0	208.0
6	14	98.5	1245.6263736263736	4.0	0.0	4.0	2.0	182.0	0.0	136.0	46.0
6	36	1383.5198329853863	1879.5198329853863	4.0	4.0	0.0	1.0	479.0	460.0	0.0	19.0
7	12	1761.5101449275362	533.5101449275362	4.0	4.0	0.0	2.0	345.0	332.0	0.0	13.0
7	22	278.69767441860466	952.6976744186046	9.0	5.0	7.0	4.0	860.0	144.0	64.0	652.0
8	21	1216.6817496229262	1674.6817496229262	7.0	4.0	5.0	4.0	663.0	104.0	30.0	528.0
9	21	1216.6817496229262	1674.6817496229262	7.0	4.0	5.0	4.0	663.0	104.0	30.0	528.0
10	28	1380.6780185758514	1544.6780185758514	7.0	4.0	5.0	4.0	646.0	100.0	30.0	516.0
10	32	2114.715238095238	1812.7066666666667	9.0	6.0	7.0	4.0	1050.0	182.0	88.0	780.0
11	25	2130.844393592677	1460.8489702517163	7.0	4.0	1.0	6.0	437.0	140.0	3.0	290.0
12	6	1338.5031847133755	464.312101910828	6.0	0.0	4.0	6.0	157.0	0.0	24.0	132.0
12	28	2052.6	1752.2888888888888	9.0	4.0	5.0	5.0	585.0	52.0	184.0	346.0
12	29	1780.651376146789	1758.651376146789	7.0	4.0	5.0	4.0	436.0	60.0	12.0	364.0
13	6	1338.5031847133755	464.312101910828	6.0	0.0	4.0	6.0	157.0	0.0	24.0	132.0
13	28	2052.6	1752.2888888888888	9.0	4.0	5.0	5.0	585.0	52.0	184.0	346.0
13	29	1780.651376146789	1758.651376146789	7.0	4.0	5.0	4.0	436.0	60.0	12.0	364.0
14	12	1833.6708333333331	1083.6708333333331	7.0	4.0	0.0	4.0	960.0	796.0	0.0	164.0
15	17	2324.662239089184	786.662239089184	7.0	4.0	5.0	4.0	527.0	76.0	19.0	432.0
15	40	123.51966873706004	1995.51966873706	4.0	4.0	0.0	1.0	483.0	464.0	0.0	19.0
16	18	30.66798418972332	846.6719367588933	7.0	4.0	5.0	6.0	506.0	72.0	18.0	416.0
16	22	2128.514285714285	1272.3619047619047	6.0	1.0	5.0	4.0	315.0	7.0	51.0	256.0
16	28	840.5135135135135	1714.5135135135135	4.0	1.0	0.0	4.0	222.0	5.0	0.0	216.0
17	18	30.66798418972332	846.6719367588933	7.0	4.0	5.0	6.0	506.0	72.0	18.0	416.0
17	22	2128.514285714285	1272.3619047619047	6.0	1.0	5.0	4.0	315.0	7.0	51.0	256.0
17	28	840.5135135135135	1714.5135135135135	4.0	1.0	0.0	4.0	222.0	5.0	0.0	216.0
18	23	1824.6908850726552	1556.6908850726552	9.0	4.0	7.0	4.0	757.0	120.0	49.0	588.0
19	4	584.656188605108	274.65618860510807	7.0	5.0	5.0	4.0	509.0	75.0	18.0	416.0
19	18	464.5092024539877	1406.5092024539877	4.0	1.0	0.0	4.0	163.0	3.0	0.0	160.0
19	22	1919.4952741020795	1661.5425330812857	4.0	4.0	0.0	2.0	529.0	484.0	0.0	45.0
20	12	202.62280701754383	752.5065789473684	9.0	4.0	5.0	4.0	456.0	52.0	57.0	344.0
20	20	2340.664643399089	904.6980273141124	8.0	6.0	6.0	4.0	659.0	108.0	35.0	516.0
20	32	574.651376146789	1640.651376146789	7.0	4.0	5.0	4.0	436.0	60.0	12.0	364.0
20	39	30.069400630914828	1900.96214511041	7.0	5.0	3.0	4.0	317.0	139.0	9.0	168.0
21	12	202.62280701754383	752.5065789473684	9.0	4.0	5.0	4.0	456.0	52.0	57.0	344.0
21	20	2340.664643399089	904.6980273141124	8.0	6.0	6.0	4.0	659.0	108.0	35.0	516.0
21	32	574.651376146789	1640.651376146789	7.0	4.0	5.0	4.0	436.0	60.0	12.0	364.0
21	39	30.069400630914828	1900.96214511041	7.0	5.0	3.0	4.0	317.0	139.0	9.0	168.0
22	4	1464.6776119402984	146.67164179104478	7.0	4.0	6.0	4.0	670.0	104.0	38.0	528.0
23	13	1946.634464751958	668.6344647519583	7.0	4.0	1.0	4.0	383.0	48.0	3.0	328.0
24	8	2142.536345776032	334.6385068762279	9.0	4.0	8.0	4.0	509.0	64.0	65.0	380.0
24	27	1862.679758308157	1490.679758308157	7.0	4.0	5.0	4.0	662.0	104.0	30.0	528.0
24	29	1914.6964504283965	1506.6964504283965	9.0	4.0	7.0	4.0	817.0	132.0	57.0	628.0
25	8	2142.536345776032	334.6385068762279	9.0	4.0	8.0	4.0	509.0	64.0	65.0	380.0
25	27	1862.679758308157	1490.679758308157	7.0	4.0	5.0	4.0	662.0	104.0	30.0	528.0
25	29	1914.6964504283965	1506.6964504283965	9.0	4.0	7.0	4.0	817.0	132.0	57.0	628.0
26	4	183.0	484.0	1.0	1.0	0.0	1.0	20.0	7.0	0.0	13.0
26	10	900.664739884393	792.664739884393	7.0	4.0	5.0	4.0	519.0	76.0	19.0	424.0
26	19	1324.6448598130842	1282.6448598130842	7.0	4.0	5.0	4.0	428.0	56.0	12.0	360.0
26	28	1663.6694214876034	1523.6694214876034	7.0	4.0	0.0	4.0	968.0	804.0	0.0	164.0
27	32	418.5122615803815	1632.2288828337876	6.0	1.0	5.0	4.0	367.0	7.0	107.0	252.0
28	27	1222.6054421768708	1300.3333333333333	9.0	4.0	8.0	4.0	588.0	56.0	172.0	360.0
28	33	1265.899618112384	1683.4926350245498	14.0	8.0	7.0	8.0	1833.0	1308.0	268.0	257.0
29	27	1222.6054421768708	1300.3333333333333	9.0	4.0	8.0	4.0	588.0	56.0	172.0	360.0
29	33	1265.899618112384	1683.4926350245498	14.0	8.0	7.0	8.0	1833.0	1308.0	268.0	257.0
30	20	678.5074626865671	1022.5074626865672	4.0	1.0	0.0	4.0	134.0	2.0	0.0	132.0
30	47	780.682962962963	1708.682962962963	7.0	4.0	5.0	4.0	675.0	108.0	31.0	536.0
31	19	1766.651376146789	1362.651376146789	7.0	4.0	5.0	4.0	436.0	60.0	12.0	364.0
31	20	566.5127118644068	1410.5084745762713	4.0	1.0	0.0	4.0	236.0	5.0	0.0	228.0
31	21	1686.5	1430.928571428571	6.0	0.0	4.0	4.0	280.0	0.0	120.0	160.0
31	43	400.5171102661597	2016.51711026616	4.0	1.0	1.0	4.0	263.0	7.0	2.0	252.0
32	7	944.28981348637	262.9512195121951	10.0	8.0	6.0	6.0	697.0	280.0	31.0	386.0
32	23	1880.661354581673	1408.661354581673	7.0	4.0	5.0	4.0	502.0	72.0	18.0	412.0
32	35	1109.52	1821.52	4.0	4.0	0.0	1.0	500.0	480.0	0.0	20.0
32	39	217.5201535508637	1893.520153550864	4.0	4.0	0.0	1.0	521.0	500.0	0.0	21.0
33	7	944.28981348637	262.9512195121951	10.0	8.0	6.0	6.0	697.0	280.0	31.0	386.0
33	23	1880.661354581673	1408.661354581673	7.0	4.0	5.0	4.0	502.0	72.0	18.0	412.0
33	35	1109.52	1821.52	4.0	4.0	0.0	1.0	500.0	480.0	0.0	20.0
33	39	217.5201535508637	1893.520153550864	4.0	4.0	0.0	1.0	521.0	500.0	0.0	21.0
34	8	122.7157275021026	416.7157275021026	9.0	4.0	7.0	4.0	1189.0	204.0	105.0	880.0
34	39	926.6840536512668	1914.6840536512668	7.0	4.0	5.0	4.0	671.0	108.0	31.0	532.0
35	1	1716.507900677201	72.00902934537245	6.0	1.0	4.0	4.0	443.0	5.0	221.0	216.0
35	43	2420.5072463768115	1990.5072463768115	4.0	1.0	0.0	4.0	138.0	2.0	0.0	136.0
36	26	2206.5117370892017	1436.511737089202	4.0	1.0	0.0	4.0	213.0	4.0	0.0	208.0
36	37	1798.514403292181	1762.514403292181	4.0	1.0	0.0	4.0	243.0	6.0	0.0	236.0
36	39	956.58357771261	1820.58357771261	6.0	3.0	1.0	4.0	341.0	30.0	3.0	304.0
37	26	2206.5117370892017	1436.511737089202	4.0	1.0	0.0	4.0	213.0	4.0	0.0	208.0
37	37	1798.514403292181	1762.514403292181	4.0	1.0	0.0	4.0	243.0	6.0	0.0	236.0
37	39	956.58357771261	1820.58357771261	6.0	3.0	1.0	4.0	341.0	30.0	3.0	304.0
38	24	1992.511737089202	1568.511737089202	4.0	1.0	0.0	4.0	213.0	4.0	0.0	208.0
39	10	2253.516539440204	1037.5165394402036	4.0	4.0	0.0	1.0	393.0	380.0	0.0	13.0
39	38	1936.6142034548943	1982.7101727447216	8.0	4.0	6.0	4.0	521.0	52.0	65.0	404.0
40	6	2326.5	635.5447154471544	4.0	0.0	4.0	4.0	246.0	0.0	168.0	78.0
40	11	944.5109489051094	854.3029197080292	6.0	1.0	4.0	4.0	274.0	4.0	57.0	212.0
40	25	2282.649438202247	1582.6494382022472	7.0	4.0	5.0	4.0	445.0	60.0	13.0	372.0
41	6	2326.5	635.5447154471544	4.0	0.0	4.0	4.0	246.0	0.0	168.0	78.0
41	11	944.5109489051094	854.3029197080292	6.0	1.0	4.0	4.0	274.0	4.0	57.0	212.0
41	25	2282.649438202247	1582.6494382022472	7.0	4.0	5.0	4.0	445.0	60.0	13.0	372.0
42	13	1417.5618336886994	517.6695095948827	9.0	4.0	4.0	6.0	938.0	716.0	44.0	178.0
42	25	868.5860058309038	958.591836734694	6.0	3.0	1.0	5.0	343.0	30.0	3.0	306.0
42	41	48.672413793103445	1690.6724137931035	7.0	4.0	5.0	4.0	580.0	88.0	24.0	468.0
43	7	1756.6677852348994	596.5201342281879	11.0	4.0	10.0	4.0	894.0	124.0	181.0	588.0
43	11	2376.5	1013.0	2.0	0.0	2.0	2.0	36.0	0.0	10.0	26.0
43	19	666.6738768718802	1390.67387687188	7.0	4.0	5.0	4.0	601.0	92.0	25.0	484.0
44	5	2310.688888888889	414.68888888888887	9.0	4.0	7.0	4.0	720.0	112.0	48.0	560.0
44	16	684.5816326530612	892.4719387755102	8.0	3.0	5.0	5.0	392.0	30.0	45.0	314.0
44	23	953.5164835164836	1751.520879120879	4.0	4.0	0.0	2.0	455.0	436.0	0.0	19.0
44	29	1606.508771929825	1938.508771929825	4.0	1.0	0.0	4.0	171.0	3.0	0.0	168.0
45	5	2310.688888888889	414.68888888888887	9.0	4.0	7.0	4.0	720.0	112.0	48.0	560.0
45	16	684.5816326530612	892.4719387755102	8.0	3.0	5.0	5.0	392.0	30.0	45.0	314.0
45	23	953.5164835164836	1751.520879120879	4.0	4.0	0.0	2.0	455.0	436.0	0.0	19.0
45	29	1606.508771929825	1938.508771929825	4.0	1.0	0.0	4.0	171.0	3.0	0.0	168.0
47	14	1434.6415584415583	1144.6415584415583	7.0	4.0	1.0	5.0	385.0	48.0	3.0	330.0
47	18	177.5204678362573	1433.5204678362572	4.0	4.0	0.0	1.0	513.0	492.0	0.0	21.0
48	11	1618.5778894472362	671.8844221105528	5.0	0.0	4.0	3.0	199.0	0.0	108.0	90.0
48	28	226.9	1756.509090909091	6.0	2.0	4.0	4.0	220.0	4.0	84.0	132.0
49	11	1618.5778894472362	671.8844221105528	5.0	0.0	4.0	3.0	199.0	0.0	108.0	90.0
49	28	226.9	1756.509090909091	6.0	2.0	4.0	4.0	220.0	4.0	84.0	132.0
50	24	1240.58357771261	1428.58357771261	6.0	3.0	1.0	4.0	341.0	30.0	3.0	304.0
50	33	160.50898203592814	1926.508982035928	4.0	1.0	0.0	4.0	167.0	3.0	0.0	164.0
52	22	690.5168539325842	1208.5168539325844	4.0	1.0	1.0	4.0	267.0	7.0	2.0	256.0
53	22	690.5168539325842	1208.5168539325844	4.0	1.0	1.0	4.0	267.0	7.0	2.0	256.0
54	7	1428.5	443.59375	4.0	0.0	4.0	4.0	192.0	0.0	148.0	44.0
54	11	1302.5160349854227	765.3090379008746	8.0	3.0	0.0	8.0	343.0	10.0	0.0	332.0
54	14	1936.6291600633915	864.4643423137876	9.0	6.0	8.0	4.0	631.0	84.0	119.0	428.0
54	19	114.67123287671232	1086.6712328767123	7.0	4.0	5.0	4.0	584.0	88.0	24.0	472.0
54	21	828.6418918918919	1158.483108108108	9.0	4.0	8.0	5.0	592.0	72.0	110.0	410.0
54	25	1780.5855855855857	1368.5855855855857	6.0	3.0	1.0	4.0	333.0	30.0	3.0	296.0
54	31	1398.691899070385	1736.691899070385	9.0	4.0	7.0	4.0	753.0	120.0	49.0	584.0
56	13	1958.710708117444	786.713298791019	9.0	4.0	7.0	4.0	1158.0	196.0	101.0	860.0
56	39	984.6954933008526	1818.6954933008528	9.0	4.0	7.0	4.0	821.0	132.0	57.0	632.0
56	40	1852.5121951219512	1868.6759581881531	6.0	2.0	4.0	4.0	287.0	6.0	45.0	236.0
57	13	1958.710708117444	786.713298791019	9.0	4.0	7.0	4.0	1158.0	196.0	101.0	860.0
57	39	984.6954933008526	1818.6954933008528	9.0	4.0	7.0	4.0	821.0	132.0	57.0	632.0
57	40	1852.5121951219512	1868.6759581881531	6.0	2.0	4.0	4.0	287.0	6.0	45.0	236.0
58	12	164.8567415730337	484.8553370786517	7.0	4.0	5.0	5.0	712.0	228.0	20.0	463.0
58	27	2076.5173611111118	996.5173611111112	4.0	1.0	1.0	4.0	288.0	8.0	2.0	276.0
58	32	952.5754716981132	1152.5377358490566	5.0	2.0	1.0	5.0	318.0	18.0	3.0	294.0
58	35	822.5178571428571	1372.517857142857	4.0	1.0	1.0	4.0	280.0	8.0	2.0	268.0
58	48	1018.7082002129926	1896.7082002129928	9.0	4.0	7.0	5.0	939.0	156.0	73.0	710.0
59	10	1412.5169811320754	538.5132075471698	4.0	1.0	2.0	4.0	265.0	7.0	4.0	252.0
60	8	1134.5675105485232	426.3354430379747	8.0	3.0	5.0	5.0	474.0	33.0	116.0	322.0
60	23	1780.7073170731708	1058.7073170731708	9.0	4.0	7.0	4.0	1025.0	172.0	81.0	772.0
60	39	2289.52	1817.52	4.0	4.0	0.0	1.0	525.0	504.0	0.0	21.0
61	37	1564.6750418760469	1872.6750418760469	7.0	4.0	5.0	4.0	597.0	92.0	25.0	480.0
62	37	1564.6750418760469	1872.6750418760469	7.0	4.0	5.0	4.0	597.0	92.0	25.0	480.0
63	12	1256.0	691.0	1.0	1.0	1.0	1.0	21.0	6.0	2.0	13.0
63	20	2258.671102661597	1010.5152091254752	11.0	4.0	10.0	4.0	1052.0	144.0	236.0	672.0
64	20	845.4394299287411	1185.667458432304	8.0	4.0	4.0	1.0	421.0	376.0	32.0	13.0
65	20	845.4394299287411	1185.667458432304	8.0	4.0	4.0	1.0	421.0	376.0	32.0	13.0
66	22	1878.517361111111	1156.517361111111	4.0	1.0	1.0	4.0	288.0	8.0	2.0	276.0
66	32	2096.58357771261	1740.58357771261	6.0	3.0	1.0	4.0	341.0	30.0	3.0	304.0
67	24	154.66470588235293	1132.6676470588236	7.0	4.0	1.0	4.0	340.0	52.0	3.0	280.0
68	23	280.69189907038515	1322.691899070385	9.0	4.0	7.0	4.0	753.0	120.0	49.0	584.0
69	34	980.5173611111112	1546.517361111111	4.0	1.0	1.0	4.0	288.0	8.0	2.0	276.0
69	37	1698.5171232876712	1862.5171232876712	4.0	1.0	1.0	4.0	292.0	8.0	2.0	280.0
70	34	980.5173611111112	1546.517361111111	4.0	1.0	1.0	4.0	288.0	8.0	2.0	276.0
70	37	1698.5171232876712	1862.5171232876712	4.0	1.0	1.0	4.0	292.0	8.0	2.0	280.0
71	10	2063.519699812383	703.5196998123828	4.0	4.0	0.0	1.0	533.0	512.0	0.0	21.0
71	21	2164.6425120772947	1298.647342995169	7.0	4.0	5.0	5.0	414.0	52.0	12.0	350.0
71	23	1702.698189134809	1408.7193158953723	9.0	6.0	7.0	4.0	994.0	178.0	80.0	736.0
72	31	1237.5124653739613	1363.5124653739613	4.0	4.0	0.0	2.0	361.0	348.0	0.0	13.0
72	42	971.6708333333332	1887.6708333333331	7.0	4.0	0.0	4.0	960.0	796.0	0.0	164.0
73	11	218.51304347826087	716.5130434782609	4.0	1.0	0.0	4.0	230.0	5.0	0.0	224.0
73	13	218.69645042839656	792.6964504283966	9.0	4.0	7.0	4.0	817.0	132.0	57.0	628.0
73	16	1774.9372955288986	882.417121046892	11.0	8.0	7.0	9.0	1834.0	672.0	129.0	1033.0
73	36	808.5092024539878	1746.5092024539877	4.0	1.0	0.0	4.0	163.0	3.0	0.0	160.0
74	11	218.51304347826087	716.5130434782609	4.0	1.0	0.0	4.0	230.0	5.0	0.0	224.0
74	13	218.69645042839656	792.6964504283966	9.0	4.0	7.0	4.0	817.0	132.0	57.0	628.0
74	16	1774.9372955288986	882.417121046892	11.0	8.0	7.0	9.0	1834.0	672.0	129.0	1033.0
74	36	808.5092024539878	1746.5092024539877	4.0	1.0	0.0	4.0	163.0	3.0	0.0	160.0
75	12	828.6181818181818	948.4977272727272	9.0	4.0	5.0	4.0	440.0	48.0	57.0	332.0
77	30	2171.664488017429	1907.6666666666667	7.0	4.0	0.0	5.0	918.0	764.0	0.0	154.0
78	30	2171.664488017429	1907.6666666666667	7.0	4.0	0.0	5.0	918.0	764.0	0.0	154.0
79	3	1118.5115207373271	554.5115207373271	4.0	1.0	0.0	4.0	217.0	4.0	0.0	212.0
79	4	1664.5176056338028	586.5176056338029	4.0	1.0	1.0	4.0	284.0	8.0	2.0	272.0
79	27	492.5870206489676	1574.5929203539822	6.0	3.0	1.0	5.0	339.0	30.0	3.0	302.0
79	30	1583.5156576200418	1809.5198329853863	4.0	4.0	0.0	3.0	479.0	456.0	0.0	23.0
79	43	912.5172413793103	2024.506896551724	4.0	1.0	3.0	4.0	290.0	8.0	9.0	272.0
80	15	2442.6660746003554	646.6660746003553	7.0	4.0	5.0	4.0	563.0	84.0	19.0	460.0
80	34	1982.656290531777	1590.8923476005189	10.0	4.0	9.0	4.0	771.0	52.0	207.0	512.0
80	37	1618.5171102661598	1778.5171102661598	4.0	1.0	1.0	4.0	263.0	7.0	2.0	252.0
81	15	1026.508982035928	854.5089820359282	4.0	1.0	0.0	4.0	167.0	3.0	0.0	164.0
82	15	1026.508982035928	854.5089820359282	4.0	1.0	0.0	4.0	167.0	3.0	0.0	164.0
83	13	666.6906377204884	982.6906377204884	9.0	4.0	7.0	4.0	737.0	116.0	49.0	572.0
83	36	196.5092024539877	1672.5092024539877	4.0	1.0	0.0	4.0	163.0	3.0	0.0	160.0
84	38	1270.6857562408222	1684.6857562408222	7.0	4.0	5.0	5.0	681.0	108.0	31.0	542.0
84	48	1608.5082872928176	2016.4806629834252	4.0	1.0	2.0	4.0	181.0	3.0	10.0	168.0
85	16	1669.5165394402036	1049.5165394402036	4.0	4.0	0.0	1.0	393.0	380.0	0.0	13.0
86	16	1669.5165394402036	1049.5165394402036	4.0	4.0	0.0	1.0	393.0	380.0	0.0	13.0
87	2	642.6791277258567	48.679127725856695	7.0	4.0	5.0	4.0	642.0	100.0	30.0	512.0
87	16	821.656455142232	863.6061269146609	9.0	4.0	4.0	5.0	914.0	720.0	48.0	146.0
88	12	2064.6654929577467	652.6566901408451	7.0	4.0	6.0	4.0	568.0	84.0	28.0	456.0
88	23	948.5087719298244	1130.1812865497077	6.0	1.0	4.0	4.0	342.0	5.0	112.0	224.0
88	24	2045.516883116883	1129.516883116883	4.0	4.0	0.0	1.0	385.0	372.0	0.0	13.0
88	25	1088.508771929825	1176.508771929825	4.0	1.0	0.0	4.0	171.0	3.0	0.0	168.0
88	33	802.5144032921811	1478.514403292181	4.0	1.0	0.0	4.0	243.0	6.0	0.0	236.0
89	25	1494.5	1467.4489795918366	4.0	0.0	4.0	2.0	196.0	0.0	176.0	20.0
89	27	2094.5061728395062	1534.358024691358	6.0	1.0	4.0	4.0	162.0	2.0	24.0	136.0
89	29	442.68079800498754	1726.6197007481296	11.0	4.0	10.0	4.0	802.0	120.0	98.0	584.0
89	43	2083.521885521885	2027.5218855218852	4.0	4.0	0.0	1.0	594.0	568.0	0.0	26.0
89	44	1953.6731470230864	2029.6646415552852	7.0	5.0	0.0	4.0	823.0	691.0	0.0	132.0
90	25	1494.5	1467.4489795918366	4.0	0.0	4.0	2.0	196.0	0.0	176.0	20.0
90	27	2094.5061728395062	1534.358024691358	6.0	1.0	4.0	4.0	162.0	2.0	24.0	136.0
90	29	442.68079800498754	1726.6197007481296	11.0	4.0	10.0	4.0	802.0	120.0	98.0	584.0
90	43	2083.521885521885	2027.5218855218852	4.0	4.0	0.0	1.0	594.0	568.0	0.0	26.0
90	44	1953.6731470230864	2029.6646415552852	7.0	5.0	0.0	4.0	823.0	691.0	0.0	132.0
92	25	2248.6365979381444	1796.6365979381444	7.0	4.0	1.0	4.0	388.0	48.0	3.0	332.0
92	29	632.3808543489449	2018.78486875965	12.0	10.0	10.0	6.0	1943.0	504.0	409.0	1030.0
93	25	1430.6299559471363	1046.5088105726873	9.0	4.0	5.0	5.0	454.0	52.0	57.0	342.0
93	40	316.58357771260995	1906.58357771261	6.0	3.0	1.0	4.0	341.0	30.0	3.0	304.0
94	25	1430.6299559471363	1046.5088105726873	9.0	4.0	5.0	5.0	454.0	52.0	57.0	342.0
94	40	316.58357771260995	1906.58357771261	6.0	3.0	1.0	4.0	341.0	30.0	3.0	304.0
95	8	1060.6532507739937	532.547987616099	9.0	4.0	8.0	5.0	646.0	84.0	92.0	470.0
95	26	1746.6640502354787	1756.6012558869702	9.0	4.0	8.0	4.0	637.0	92.0	65.0	480.0
95	30	490.5168539325843	1852.5168539325844	4.0	1.0	1.0	4.0	267.0	7.0	2.0	256.0
