#frame	event	cm_x	cm_y	size	size_r	size_g	size_b	sum	sum_r	sum_g	sum_b
0	12	665.5109489051094	1015.5109489051094	4.0	4.0	0.0	1.0	274.0	268.0	0.0	6.0
0	15	2340.6813880126183	1090.6813880126183	7.0	4.0	5.0	4.0	634.0	100.0	30.0	504.0
0	17	1338.7204100652375	1190.7204100652375	9.0	4.0	7.0	5.0	1073.0	180.0	89.0	804.0
0	20	2388.700956937799	1320.700956937799	9.0	4.0	7.0	4.0	836.0	136.0	64.0	636.0
0	25	534.9745762711865	1461.0084745762713	7.0	2.0	7.0	0.0	236.0	8.0	228.0	0.0
0	28	380.78300455235205	1658.783004552352	7.0	4.0	5.0	5.0	659.0	164.0	24.0	471.0
0	34	2235.505882352941	1875.5058823529407	4.0	4.0	0.0	1.0	170.0	168.0	0.0	2.0
1	12	665.5109489051094	1015.5109489051094	4.0	4.0	0.0	1.0	274.0	268.0	0.0	6.0
1	15	2340.6813880126183	1090.6813880126183	7.0	4.0	5.0	4.0	634.0	100.0	30.0	504.0
1	17	1338.7204100652375	1190.7204100652375	9.0	4.0	7.0	5.0	1073.0	180.0	89.0	804.0
1	20	2388.700956937799	1320.700956937799	9.0	4.0	7.0	4.0	836.0	136.0	64.0	636.0
1	25	534.9745762711865	1461.0084745762713	7.0	2.0	7.0	0.0	236.0	8.0	228.0	0.0
1	28	380.78300455235205	1658.783004552352	7.0	4.0	5.0	5.0	659.0	164.0	24.0	471.0
1	34	2235.505882352941	1875.5058823529407	4.0	4.0	0.0	1.0	170.0	168.0	0.0	2.0
2	11	178.5204081632653	938.5204081632652	4.0	1.0	1.0	4.0	294.0	9.0	3.0	280.0
2	14	1271.9526627218936	1080.9526627218936	7.0	0.0	7.0	0.0	169.0	0.0	169.0	0.0
2	15	1458.5	1085.5	4.0	0.0	4.0	0.0	308.0	0.0	308.0	0.0
2	29	672.5	1703.5	4.0	0.0	4.0	0.0	172.0	0.0	172.0	0.0
2	31	2305.503759398496	1839.503759398496	4.0	4.0	0.0	0.0	133.0	132.0	0.0	0.0
2	33	1448.651376146789	1918.651376146789	7.0	4.0	5.0	4.0	436.0	60.0	12.0	364.0
2	35	1431.4864864864865	1945.4864864864865	4.0	4.0	0.0	1.0	74.0	72.0	0.0	2.0
2	36	634.5077720207254	1998.5025906735752	4.0	1.0	0.0	4.0	193.0	3.0	0.0	188.0
3	16	270.66265060240966	984.6626506024096	7.0	4.0	5.0	4.0	498.0	72.0	18.0	408.0
3	28	1208.6724137931035	1432.6724137931035	7.0	4.0	5.0	4.0	580.0	88.0	24.0	468.0
3	30	2410.671232876712	1522.6712328767123	7.0	4.0	5.0	4.0	584.0	88.0	24.0	472.0
3	34	76.51711026615969	1742.5171102661598	4.0	1.0	1.0	4.0	263.0	7.0	2.0	252.0
3	35	2046.6600790513835	1754.6600790513835	7.0	4.0	5.0	4.0	506.0	72.0	18.0	416.0
3	37	1156.5060240963855	1832.3614457831325	6.0	1.0	4.0	4.0	166.0	2.0	24.0	140.0
4	14	1428.662239089184	822.662239089184	7.0	4.0	5.0	4.0	527.0	76.0	19.0	432.0
4	23	129.51445086705203	1411.514450867052	4.0	4.0	0.0	1.0	346.0	336.0	0.0	10.0
4	29	2165.521815008726	1595.521815008726	4.0	4.0	0.0	1.0	573.0	548.0	0.0	25.0
4	33	1430.5031055900622	1884.27950310559	6.0	0.0	4.0	4.0	161.0	0.0	36.0	124.0
4	36	707.5026737967914	1928.235294117647	6.0	4.0	4.0	1.0	374.0	96.0	276.0	2.0
4	40	2282.5	2001.5	4.0	0.0	4.0	0.0	172.0	0.0	172.0	0.0
5	14	1428.662239089184	822.662239089184	7.0	4.0	5.0	4.0	527.0	76.0	19.0	432.0
5	23	129.51445086705203	1411.514450867052	4.0	4.0	0.0	1.0	346.0	336.0	0.0	10.0
5	29	2165.521815008726	1595.521815008726	4.0	4.0	0.0	1.0	573.0	548.0	0.0	25.0
5	33	1430.5031055900622	1884.27950310559	6.0	0.0	4.0	4.0	161.0	0.0	36.0	124.0
5	36	707.5026737967914	1928.235294117647	6.0	4.0	4.0	1.0	374.0	96.0	276.0	2.0
5	40	2282.5	2001.5	4.0	0.0	4.0	0.0	172.0	0.0	172.0	0.0
6	3	1242.511737089202	200.5117370892019	4.0	1.0	0.0	4.0	213.0	4.0	0.0	208.0
6	7	1753.5175644028102	641.5175644028103	4.0	4.0	0.0	1.0	427.0	412.0	0.0	15.0
6	14	98.5	1245.6263736263736	4.0	0.0	4.0	2.0	182.0	0.0	136.0	46.0
6	23	1805.5107913669065	1557.4964028776978	4.0	4.0	0.0	1.0	139.0	136.0	0.0	2.0
6	36	1383.5198329853863	1879.5198329853863	4.0	4.0	0.0	1.0	479.0	460.0	0.0	19.0
7	22	278.69767441860466	952.6976744186046	9.0	5.0	7.0	4.0	860.0	144.0	64.0	652.0
7	29	1947.5180722891569	1375.4939759036145	4.0	4.0	0.0	1.0	83.0	80.0	0.0	2.0
7	34	1675.519650655022	1665.519650655022	4.0	4.0	0.0	1.0	458.0	440.0	0.0	18.0
8	6	1170.5	211.4313725490196	4.0	0.0	4.0	2.0	204.0	0.0	176.0	28.0
8	13	788.5	995.5	4.0	0.0	4.0	0.0	248.0	0.0	248.0	0.0
8	21	1216.6817496229262	1674.6817496229262	7.0	4.0	5.0	4.0	663.0	104.0	30.0	528.0
9	6	1170.5	211.4313725490196	4.0	0.0	4.0	2.0	204.0	0.0	176.0	28.0
9	13	788.5	995.5	4.0	0.0	4.0	0.0	248.0	0.0	248.0	0.0
9	21	1216.6817496229262	1674.6817496229262	7.0	4.0	5.0	4.0	663.0	104.0	30.0	528.0
10	20	16.5	943.5412844036696	4.0	0.0	4.0	4.0	218.0	0.0	152.0	66.0
10	28	1380.6780185758514	1544.6780185758514	7.0	4.0	5.0	4.0	646.0	100.0	30.0	516.0
10	32	2114.715238095238	1812.7066666666667	9.0	6.0	7.0	4.0	1050.0	182.0	88.0	780.0
10	37	250.5	1985.320754716981	4.0	0.0	4.0	2.0	106.0	0.0	68.0	38.0
11	19	1727.5	1036.433962264151	4.0	2.0	4.0	0.0	106.0	14.0	92.0	0.0
11	23	1169.5061728395062	1385.5061728395062	4.0	4.0	0.0	1.0	162.0	160.0	0.0	2.0
11	24	2410.505882352941	1447.4941176470588	4.0	0.0	4.0	0.0	85.0	0.0	85.0	0.0
11	25	2130.844393592677	1460.8489702517163	7.0	4.0	1.0	6.0	437.0	140.0	3.0	290.0
11	26	1640.5117647058823	1582.2382352941177	6.0	1.0	4.0	4.0	340.0	6.0	93.0	240.0
11	28	2117.5235008103728	1661.5202593192869	4.0	4.0	0.0	2.0	617.0	588.0	0.0	29.0
11	33	1267.5080213903743	1797.5080213903743	4.0	4.0	0.0	1.0	187.0	184.0	0.0	3.0
12	6	1338.5031847133755	464.312101910828	6.0	0.0	4.0	6.0	157.0	0.0	24.0	132.0
12	7	457.5029585798816	617.7899408284023	6.0	4.0	4.0	0.0	338.0	240.0	96.0	0.0
12	14	2333.671206225681	1027.6712062256809	7.0	4.0	0.0	4.0	1028.0	852.0	0.0	176.0
12	28	2052.6	1752.2888888888888	9.0	4.0	5.0	5.0	585.0	52.0	184.0	346.0
12	29	1780.651376146789	1758.651376146789	7.0	4.0	5.0	4.0	436.0	60.0	12.0	364.0
12	32	383.50344827586207	1915.503448275862	4.0	4.0	0.0	0.0	145.0	144.0	0.0	0.0
13	6	1338.5031847133755	464.312101910828	6.0	0.0	4.0	6.0	157.0	0.0	24.0	132.0
13	7	457.5029585798816	617.7899408284023	6.0	4.0	4.0	0.0	338.0	240.0	96.0	0.0
13	14	2333.671206225681	1027.6712062256809	7.0	4.0	0.0	4.0	1028.0	852.0	0.0	176.0
13	28	2052.6	1752.2888888888888	9.0	4.0	5.0	5.0	585.0	52.0	184.0	346.0
13	29	1780.651376146789	1758.651376146789	7.0	4.0	5.0	4.0	436.0	60.0	12.0	364.0
13	32	383.50344827586207	1915.503448275862	4.0	4.0	0.0	0.0	145.0	144.0	0.0	0.0
14	4	777.5084745762712	503.5084745762712	4.0	4.0	0.0	1.0	236.0	232.0	0.0	4.0
14	12	1833.6708333333331	1083.6708333333331	7.0	4.0	0.0	4.0	960.0	796.0	0.0	164.0
14	20	837.5150812064966	1557.5150812064965	4.0	4.0	1.0	1.0	431.0	412.0	2.0	15.0
14	22	2062.5	1619.5	4.0	0.0	4.0	0.0	248.0	0.0	248.0	0.0
14	27	184.5	1821.5	4.0	0.0	4.0	0.0	204.0	0.0	204.0	0.0
15	10	783.9532374100719	401.51079136690646	8.0	8.0	0.0	2.0	278.0	272.0	0.0	6.0
15	14	1133.936416184971	601.5028901734104	6.0	4.0	4.0	0.0	173.0	96.0	76.0	0.0
15	15	123.64135021097046	683.5210970464135	9.0	4.0	4.0	6.0	948.0	696.0	112.0	140.0
15	17	2324.662239089184	786.662239089184	7.0	4.0	5.0	4.0	527.0	76.0	19.0	432.0
15	20	2423.5175644028104	1037.5175644028102	4.0	4.0	0.0	1.0	427.0	412.0	0.0	15.0
15	24	2237.488888888889	1153.4888888888888	4.0	4.0	0.0	1.0	90.0	88.0	0.0	2.0
15	36	531.4957983193277	1727.5126050420167	4.0	4.0	0.0	1.0	119.0	116.0	0.0	2.0
15	40	123.51966873706004	1995.51966873706	4.0	4.0	0.0	1.0	483.0	464.0	0.0	19.0
15	43	787.5149700598803	2021.51497005988	4.0	4.0	0.0	1.0	334.0	324.0	0.0	10.0
16	12	1259.503448275862	657.5034482758621	4.0	4.0	0.0	0.0	145.0	144.0	0.0	0.0
16	18	30.66798418972332	846.6719367588933	7.0	4.0	5.0	6.0	506.0	72.0	18.0	416.0
16	21	1689.5191489361705	1251.5191489361705	4.0	4.0	0.0	1.0	470.0	452.0	0.0	18.0
16	22	2128.514285714285	1272.3619047619047	6.0	1.0	5.0	4.0	315.0	7.0	51.0	256.0
16	28	840.5135135135135	1714.5135135135135	4.0	1.0	0.0	4.0	222.0	5.0	0.0	216.0
17	12	1259.503448275862	657.5034482758621	4.0	4.0	0.0	0.0	145.0	144.0	0.0	0.0
17	18	30.66798418972332	846.6719367588933	7.0	4.0	5.0	6.0	506.0	72.0	18.0	416.0
17	21	1689.5191489361705	1251.5191489361705	4.0	4.0	0.0	1.0	470.0	452.0	0.0	18.0
17	22	2128.514285714285	1272.3619047619047	6.0	1.0	5.0	4.0	315.0	7.0	51.0	256.0
17	28	840.5135135135135	1714.5135135135135	4.0	1.0	0.0	4.0	222.0	5.0	0.0	216.0
18	12	148.5	887.6909090909091	4.0	0.0	4.0	2.0	110.0	0.0	68.0	42.0
18	21	847.5	1489.5098039215686	4.0	4.0	0.0	0.0	102.0	100.0	0.0	0.0
18	23	1824.6908850726552	1556.6908850726552	9.0	4.0	7.0	4.0	757.0	120.0	49.0	588.0
18	25	2144.5	1579.5	4.0	0.0	4.0	0.0	148.0	0.0	148.0	0.0
19	4	584.656188605108	274.65618860510807	7.0	5.0	5.0	4.0	509.0	75.0	18.0	416.0
19	5	1261.5070821529746	713.2011331444759	6.0	4.0	4.0	1.0	353.0	240.0	108.0	5.0
19	17	989.5	1392.2238095238097	6.0	4.0	4.0	0.0	420.0	116.0	304.0	0.0
19	18	464.5092024539877	1406.5092024539877	4.0	1.0	0.0	4.0	163.0	3.0	0.0	160.0
19	20	1961.521809369952	1513.5218093699516	4.0	4.0	0.0	1.0	619.0	592.0	0.0	27.0
19	22	1919.4952741020795	1661.5425330812857	4.0	4.0	0.0	2.0	529.0	484.0	0.0	45.0
19	23	1065.5220949263503	1675.5220949263503	4.0	4.0	0.0	1.0	611.0	584.0	0.0	27.0
20	12	202.62280701754383	752.5065789473684	9.0	4.0	5.0	4.0	456.0	52.0	57.0	344.0
20	15	2360.4927536231885	839.4927536231884	4.0	0.0	4.0	0.0	69.0	0.0	69.0	0.0
20	20	2340.664643399089	904.6980273141124	8.0	6.0	6.0	4.0	659.0	108.0	35.0	516.0
20	32	574.651376146789	1640.651376146789	7.0	4.0	5.0	4.0	436.0	60.0	12.0	364.0
20	39	30.069400630914828	1900.96214511041	7.0	5.0	3.0	4.0	317.0	139.0	9.0	168.0
21	12	202.62280701754383	752.5065789473684	9.0	4.0	5.0	4.0	456.0	52.0	57.0	344.0
21	15	2360.4927536231885	839.4927536231884	4.0	0.0	4.0	0.0	69.0	0.0	69.0	0.0
21	20	2340.664643399089	904.6980273141124	8.0	6.0	6.0	4.0	659.0	108.0	35.0	516.0
21	32	574.651376146789	1640.651376146789	7.0	4.0	5.0	4.0	436.0	60.0	12.0	364.0
21	39	30.069400630914828	1900.96214511041	7.0	5.0	3.0	4.0	317.0	139.0	9.0	168.0
22	4	1464.6776119402984	146.67164179104478	7.0	4.0	6.0	4.0	670.0	104.0	38.0	528.0
23	13	1946.634464751958	668.6344647519583	7.0	4.0	1.0	4.0	383.0	48.0	3.0	328.0
23	28	529.5075376884422	1479.5075376884422	4.0	4.0	0.0	1.0	199.0	196.0	0.0	3.0
23	31	1409.5147928994083	1669.5147928994083	4.0	4.0	0.0	1.0	338.0	328.0	0.0	10.0
24	8	2142.536345776032	334.6385068762279	9.0	4.0	8.0	4.0	509.0	64.0	65.0	380.0
24	29	1914.6964504283965	1506.6964504283965	9.0	4.0	7.0	4.0	817.0	132.0	57.0	628.0
24	30	1803.4864864864865	1510.5	4.0	0.0	4.0	0.0	74.0	0.0	72.0	0.0
25	8	2142.536345776032	334.6385068762279	9.0	4.0	8.0	4.0	509.0	64.0	65.0	380.0
25	29	1914.6964504283965	1506.6964504283965	9.0	4.0	7.0	4.0	817.0	132.0	57.0	628.0
25	30	1803.4864864864865	1510.5	4.0	0.0	4.0	0.0	74.0	0.0	72.0	0.0
26	10	900.664739884393	792.664739884393	7.0	4.0	5.0	4.0	519.0	76.0	19.0	424.0
26	19	1324.6448598130842	1282.6448598130842	7.0	4.0	5.0	4.0	428.0	56.0	12.0	360.0
26	26	1018.5041322314048	1469.5123966942149	4.0	0.0	4.0	2.0	121.0	0.0	117.0	4.0
26	28	1663.6694214876034	1523.6694214876034	7.0	4.0	0.0	4.0	968.0	804.0	0.0	164.0
26	38	855.518771331058	1973.4368600682596	6.0	4.0	4.0	1.0	586.0	516.0	48.0	22.0
27	10	2219.605077574048	501.6473906911143	6.0	4.0	0.0	3.0	709.0	620.0	0.0	87.0
27	15	2043.503355704698	779.503355704698	4.0	4.0	0.0	0.0	149.0	148.0	0.0	0.0
27	19	1436.5	979.2950819672132	4.0	0.0	4.0	2.0	122.0	0.0	72.0	50.0
27	28	250.5027624309392	1406.1933701657458	6.0	0.0	4.0	4.0	181.0	0.0	56.0	124.0
27	32	418.5122615803815	1632.2288828337876	6.0	1.0	5.0	4.0	367.0	7.0	107.0	252.0
27	34	118.51219512195122	1680.5121951219512	4.0	1.0	0.0	4.0	205.0	4.0	0.0	200.0
28	15	653.5073529411765	1001.5147058823528	4.0	4.0	0.0	2.0	272.0	264.0	0.0	8.0
28	27	1222.6054421768708	1300.3333333333333	9.0	4.0	8.0	4.0	588.0	56.0	172.0	360.0
28	31	865.514450867052	1597.514450867052	4.0	4.0	0.0	1.0	346.0	336.0	0.0	10.0
28	33	1265.899618112384	1683.4926350245498	14.0	8.0	7.0	8.0	1833.0	1308.0	268.0	257.0
29	15	653.5073529411765	1001.5147058823528	4.0	4.0	0.0	2.0	272.0	264.0	0.0	8.0
29	27	1222.6054421768708	1300.3333333333333	9.0	4.0	8.0	4.0	588.0	56.0	172.0	360.0
29	31	865.514450867052	1597.514450867052	4.0	4.0	0.0	1.0	346.0	336.0	0.0	10.0
29	33	1265.899618112384	1683.4926350245498	14.0	8.0	7.0	8.0	1833.0	1308.0	268.0	257.0
30	13	946.5	767.3689320388349	4.0	0.0	4.0	2.0	206.0	0.0	152.0	54.0
30	16	681.503355704698	800.4765100671141	4.0	2.0	4.0	0.0	149.0	8.0	141.0	0.0
30	20	678.5074626865671	1022.5074626865672	4.0	1.0	0.0	4.0	134.0	2.0	0.0	132.0
30	28	1538.4675324675325	1231.5021645021643	4.0	2.0	4.0	0.0	231.0	14.0	217.0	0.0
30	39	822.5	1547.6842105263158	4.0	0.0	4.0	2.0	114.0	0.0	72.0	42.0
30	47	780.682962962963	1708.682962962963	7.0	4.0	5.0	4.0	675.0	108.0	31.0	536.0
31	19	1766.651376146789	1362.651376146789	7.0	4.0	5.0	4.0	436.0	60.0	12.0	364.0
31	20	566.5127118644068	1410.5084745762713	4.0	1.0	0.0	4.0	236.0	5.0	0.0	228.0
31	42	1521.5116279069769	1995.5116279069769	4.0	4.0	0.0	1.0	258.0	252.0	0.0	6.0
31	43	400.5171102661597	2016.51711026616	4.0	1.0	1.0	4.0	263.0	7.0	2.0	252.0
32	7	944.28981348637	262.9512195121951	10.0	8.0	6.0	6.0	697.0	280.0	31.0	386.0
32	23	1880.661354581673	1408.661354581673	7.0	4.0	5.0	4.0	502.0	72.0	18.0	412.0
32	35	1109.52	1821.52	4.0	4.0	0.0	1.0	500.0	480.0	0.0	20.0
32	39	217.5201535508637	1893.520153550864	4.0	4.0	0.0	1.0	521.0	500.0	0.0	21.0
33	7	944.28981348637	262.9512195121951	10.0	8.0	6.0	6.0	697.0	280.0	31.0	386.0
33	23	1880.661354581673	1408.661354581673	7.0	4.0	5.0	4.0	502.0	72.0	18.0	412.0
33	35	1109.52	1821.52	4.0	4.0	0.0	1.0	500.0	480.0	0.0	20.0
33	39	217.5201535508637	1893.520153550864	4.0	4.0	0.0	1.0	521.0	500.0	0.0	21.0
34	8	122.7157275021026	416.7157275021026	9.0	4.0	7.0	4.0	1189.0	204.0	105.0	880.0
34	9	1839.5	482.4854368932039	4.0	2.0	4.0	0.0	206.0	6.0	200.0	0.0
34	21	1137.5102040816328	1069.5102040816328	4.0	4.0	0.0	1.0	245.0	240.0	0.0	5.0
34	26	1986.5	1431.5098039215686	4.0	0.0	4.0	2.0	204.0	0.0	200.0	4.0
34	39	926.6840536512668	1914.6840536512668	7.0	4.0	5.0	4.0	671.0	108.0	31.0	532.0
35	1	1716.507900677201	72.00902934537245	6.0	1.0	4.0	4.0	443.0	5.0	221.0	216.0
35	8	1073.3235294117646	443.3235294117647	3.0	3.0	1.0	0.0	34.0	30.0	2.0	0.0
35	21	1415.5183486238532	1097.5183486238532	4.0	4.0	0.0	1.0	436.0	420.0	0.0	16.0
35	40	735.514450867052	1953.514450867052	4.0	4.0	0.0	1.0	346.0	336.0	0.0	10.0
35	42	368.5821325648415	1990.579250720461	6.0	3.0	2.0	4.0	347.0	30.0	5.0	308.0
35	43	2420.5072463768115	1990.5072463768115	4.0	1.0	0.0	4.0	138.0	2.0	0.0	136.0
36	20	1735.6462264150944	1313.566037735849	9.0	4.0	4.0	4.0	848.0	656.0	68.0	124.0
36	26	2206.5117370892017	1436.511737089202	4.0	1.0	0.0	4.0	213.0	4.0	0.0	208.0
36	30	109.50602409638554	1593.5100401606426	4.0	4.0	0.0	2.0	249.0	240.0	0.0	7.0
36	35	2147.518218623482	1737.5182186234815	4.0	4.0	0.0	2.0	494.0	472.0	0.0	22.0
36	37	1798.514403292181	1762.514403292181	4.0	1.0	0.0	4.0	243.0	6.0	0.0	236.0
36	39	956.58357771261	1820.58357771261	6.0	3.0	1.0	4.0	341.0	30.0	3.0	304.0
36	40	2249.503759398496	1857.503759398496	4.0	4.0	0.0	0.0	133.0	132.0	0.0	0.0
37	20	1735.6462264150944	1313.566037735849	9.0	4.0	4.0	4.0	848.0	656.0	68.0	124.0
37	26	2206.5117370892017	1436.511737089202	4.0	1.0	0.0	4.0	213.0	4.0	0.0	208.0
37	30	109.50602409638554	1593.5100401606426	4.0	4.0	0.0	2.0	249.0	240.0	0.0	7.0
37	35	2147.518218623482	1737.5182186234815	4.0	4.0	0.0	2.0	494.0	472.0	0.0	22.0
37	37	1798.514403292181	1762.514403292181	4.0	1.0	0.0	4.0	243.0	6.0	0.0	236.0
37	39	956.58357771261	1820.58357771261	6.0	3.0	1.0	4.0	341.0	30.0	3.0	304.0
37	40	2249.503759398496	1857.503759398496	4.0	4.0	0.0	0.0	133.0	132.0	0.0	0.0
38	10	439.5056179775281	569.5056179775281	4.0	4.0	0.0	1.0	178.0	176.0	0.0	2.0
38	24	1992.511737089202	1568.511737089202	4.0	1.0	0.0	4.0	213.0	4.0	0.0	208.0
39	25	1257.491228070175	1627.508771929825	4.0	4.0	0.0	1.0	114.0	112.0	0.0	2.0
39	33	107.4927536231884	1854.4927536231885	4.0	0.0	4.0	0.0	69.0	0.0	69.0	0.0
39	38	1936.6142034548943	1982.7101727447216	8.0	4.0	6.0	4.0	521.0	52.0	65.0	404.0
40	6	2326.5	635.5447154471544	4.0	0.0	4.0	4.0	246.0	0.0	168.0	78.0
40	8	1767.514619883041	731.514619883041	4.0	4.0	0.0	1.0	342.0	332.0	0.0	10.0
40	11	944.5109489051094	854.3029197080292	6.0	1.0	4.0	4.0	274.0	4.0	57.0	212.0
40	21	1830.5	1349.5	4.0	0.0	4.0	0.0	180.0	0.0	180.0	0.0
40	25	2282.649438202247	1582.6494382022472	7.0	4.0	5.0	4.0	445.0	60.0	13.0	372.0
40	37	2273.511811023622	1937.507874015748	4.0	4.0	0.0	1.0	254.0	248.0	0.0	5.0
41	6	2326.5	635.5447154471544	4.0	0.0	4.0	4.0	246.0	0.0	168.0	78.0
41	8	1767.514619883041	731.514619883041	4.0	4.0	0.0	1.0	342.0	332.0	0.0	10.0
41	11	944.5109489051094	854.3029197080292	6.0	1.0	4.0	4.0	274.0	4.0	57.0	212.0
41	21	1830.5	1349.5	4.0	0.0	4.0	0.0	180.0	0.0	180.0	0.0
41	25	2282.649438202247	1582.6494382022472	7.0	4.0	5.0	4.0	445.0	60.0	13.0	372.0
41	37	2273.511811023622	1937.507874015748	4.0	4.0	0.0	1.0	254.0	248.0	0.0	5.0
42	12	1326.512077294686	486.5072463768116	4.0	1.0	0.0	4.0	207.0	4.0	0.0	200.0
42	13	1417.5618336886994	517.6695095948827	9.0	4.0	4.0	6.0	938.0	716.0	44.0	178.0
42	17	1510.5	703.5729166666666	4.0	0.0	4.0	2.0	192.0	0.0	164.0	28.0
42	25	868.5860058309038	958.591836734694	6.0	3.0	1.0	5.0	343.0	30.0	3.0	306.0
42	38	1749.497584541063	1509.5169082125603	4.0	4.0	0.0	2.0	207.0	200.0	0.0	7.0
42	40	397.6623036649215	1667.6623036649214	7.0	4.0	0.0	4.0	764.0	640.0	0.0	124.0
42	41	48.672413793103445	1690.6724137931035	7.0	4.0	5.0	4.0	580.0	88.0	24.0	468.0
42	45	2361.5	1924.1444444444444	6.0	4.0	4.0	0.0	180.0	64.0	116.0	0.0
43	7	1756.6677852348994	596.5201342281879	11.0	4.0	10.0	4.0	894.0	124.0	181.0	588.0
43	10	1432.5196078431372	994.5196078431372	4.0	1.0	1.0	4.0	306.0	9.0	3.0	292.0
43	13	1022.5	1157.5	4.0	0.0	4.0	0.0	324.0	0.0	324.0	0.0
43	19	666.6738768718802	1390.67387687188	7.0	4.0	5.0	4.0	601.0	92.0	25.0	484.0
43	27	2213.520295202952	1741.5166051660517	4.0	4.0	2.0	1.0	542.0	516.0	4.0	22.0
43	34	1673.5072463768115	2027.731884057971	6.0	4.0	4.0	2.0	276.0	212.0	60.0	4.0
44	5	2310.688888888889	414.68888888888887	9.0	4.0	7.0	4.0	720.0	112.0	48.0	560.0
44	13	832.5121951219512	802.5121951219512	4.0	1.0	0.0	4.0	205.0	4.0	0.0	200.0
44	23	953.5164835164836	1751.520879120879	4.0	4.0	0.0	2.0	455.0	436.0	0.0	19.0
44	29	1606.508771929825	1938.508771929825	4.0	1.0	0.0	4.0	171.0	3.0	0.0	168.0
45	5	2310.688888888889	414.68888888888887	9.0	4.0	7.0	4.0	720.0	112.0	48.0	560.0
45	13	832.5121951219512	802.5121951219512	4.0	1.0	0.0	4.0	205.0	4.0	0.0	200.0
45	23	953.5164835164836	1751.520879120879	4.0	4.0	0.0	2.0	455.0	436.0	0.0	19.0
45	29	1606.508771929825	1938.508771929825	4.0	1.0	0.0	4.0	171.0	3.0	0.0	168.0
46	18	1335.5	1206.470588235294	4.0	2.0	4.0	0.0	102.0	6.0	96.0	0.0
46	23	496.50545454545454	1466.2145454545455	6.0	1.0	4.0	4.0	275.0	3.0	80.0	192.0
46	29	1375.5069124423962	1623.520737327189	4.0	4.0	2.0	1.0	217.0	208.0	6.0	3.0
47	10	1482.5187319884726	850.3832853025937	6.0	1.0	5.0	6.0	347.0	9.0	45.0	292.0
47	11	2025.512048192771	851.5240963855422	4.0	4.0	2.0	1.0	332.0	316.0	8.0	8.0
47	14	1434.6415584415583	1144.6415584415583	7.0	4.0	1.0	5.0	385.0	48.0	3.0	330.0
47	18	177.5204678362573	1433.5204678362572	4.0	4.0	0.0	1.0	513.0	492.0	0.0	21.0
48	11	1618.5778894472362	671.8844221105528	5.0	0.0	4.0	3.0	199.0	0.0	108.0	90.0
48	22	2309.5	1450.5	4.0	0.0	4.0	0.0	308.0	0.0	308.0	0.0
48	33	1229.51269035533	1997.748730964467	6.0	4.0	4.0	2.0	394.0	296.0	88.0	10.0
49	11	1618.5778894472362	671.8844221105528	5.0	0.0	4.0	3.0	199.0	0.0	108.0	90.0
49	22	2309.5	1450.5	4.0	0.0	4.0	0.0	308.0	0.0	308.0	0.0
49	33	1229.51269035533	1997.748730964467	6.0	4.0	4.0	2.0	394.0	296.0	88.0	10.0
50	15	1727.5220949263503	797.5220949263503	4.0	4.0	0.0	1.0	611.0	584.0	0.0	27.0
50	20	2087.5	1214.5	4.0	0.0	4.0	0.0	332.0	0.0	332.0	0.0
50	24	1240.58357771261	1428.58357771261	6.0	3.0	1.0	4.0	341.0	30.0	3.0	304.0
50	28	133.52209492635023	1637.5220949263503	4.0	4.0	0.0	1.0	611.0	584.0	0.0	27.0
50	32	1471.5	1846.5	4.0	0.0	4.0	0.0	200.0	0.0	200.0	0.0
50	33	160.50898203592814	1926.508982035928	4.0	1.0	0.0	4.0	167.0	3.0	0.0	164.0
51	17	891.4912280701755	1111.508771929825	4.0	4.0	0.0	1.0	114.0	112.0	0.0	2.0
51	30	1103.5	1810.5	4.0	0.0	4.0	0.0	364.0	0.0	364.0	0.0
52	9	522.7908496732026	643.2091503267974	7.0	0.0	7.0	0.0	153.0	0.0	153.0	0.0
52	22	690.5168539325842	1208.5168539325844	4.0	1.0	1.0	4.0	267.0	7.0	2.0	256.0
52	24	175.5	1242.4588235294118	4.0	2.0	4.0	0.0	170.0	14.0	156.0	0.0
53	9	522.7908496732026	643.2091503267974	7.0	0.0	7.0	0.0	153.0	0.0	153.0	0.0
53	22	690.5168539325842	1208.5168539325844	4.0	1.0	1.0	4.0	267.0	7.0	2.0	256.0
53	24	175.5	1242.4588235294118	4.0	2.0	4.0	0.0	170.0	14.0	156.0	0.0
54	7	1428.5	443.59375	4.0	0.0	4.0	4.0	192.0	0.0	148.0	44.0
54	11	1302.5160349854227	765.3090379008746	8.0	3.0	0.0	8.0	343.0	10.0	0.0	332.0
54	14	1936.6291600633915	864.4643423137876	9.0	6.0	8.0	4.0	631.0	84.0	119.0	428.0
54	19	114.67123287671232	1086.6712328767123	7.0	4.0	5.0	4.0	584.0	88.0	24.0	472.0
54	21	828.6418918918919	1158.483108108108	9.0	4.0	8.0	5.0	592.0	72.0	110.0	410.0
54	25	1780.5855855855857	1368.5855855855857	6.0	3.0	1.0	4.0	333.0	30.0	3.0	296.0
54	31	1398.691899070385	1736.691899070385	9.0	4.0	7.0	4.0	753.0	120.0	49.0	584.0
54	35	1747.510373443983	1951.5103734439836	4.0	4.0	0.0	1.0	241.0	236.0	0.0	5.0
55	15	219.5103734439834	1027.510373443983	4.0	4.0	0.0	1.0	241.0	236.0	0.0	5.0
56	6	93.484375	330.5	4.0	0.0	4.0	2.0	256.0	0.0	248.0	8.0
56	13	1958.710708117444	786.713298791019	9.0	4.0	7.0	4.0	1158.0	196.0	101.0	860.0
56	20	248.63703703703703	1242.6246913580246	7.0	4.0	3.0	4.0	405.0	52.0	14.0	336.0
56	30	1799.5	1588.7597402597405	6.0	4.0	4.0	0.0	308.0	80.0	228.0	0.0
56	33	654.5047021943574	1660.103448275862	6.0	1.0	4.0	4.0	319.0	3.0	128.0	188.0
56	34	2122.4981132075472	1667.5018867924528	4.0	0.0	4.0	0.0	265.0	0.0	265.0	0.0
56	39	984.6954933008526	1818.6954933008528	9.0	4.0	7.0	4.0	821.0	132.0	57.0	632.0
56	40	1852.5121951219512	1868.6759581881531	6.0	2.0	4.0	4.0	287.0	6.0	45.0	236.0
57	6	93.484375	330.5	4.0	0.0	4.0	2.0	256.0	0.0	248.0	8.0
57	13	1958.710708117444	786.713298791019	9.0	4.0	7.0	4.0	1158.0	196.0	101.0	860.0
57	20	248.63703703703703	1242.6246913580246	7.0	4.0	3.0	4.0	405.0	52.0	14.0	336.0
57	30	1799.5	1588.7597402597405	6.0	4.0	4.0	0.0	308.0	80.0	228.0	0.0
57	33	654.5047021943574	1660.103448275862	6.0	1.0	4.0	4.0	319.0	3.0	128.0	188.0
57	34	2122.4981132075472	1667.5018867924528	4.0	0.0	4.0	0.0	265.0	0.0	265.0	0.0
57	39	984.6954933008526	1818.6954933008528	9.0	4.0	7.0	4.0	821.0	132.0	57.0	632.0
57	40	1852.5121951219512	1868.6759581881531	6.0	2.0	4.0	4.0	287.0	6.0	45.0	236.0
58	12	164.8567415730337	484.8553370786517	7.0	4.0	5.0	5.0	712.0	228.0	20.0	463.0
58	21	387.5075376884422	843.5075376884422	4.0	4.0	0.0	1.0	199.0	196.0	0.0	3.0
58	22	1641.5211267605634	885.5211267605633	4.0	4.0	0.0	1.0	568.0	544.0	0.0	24.0
58	27	2076.5173611111118	996.5173611111112	4.0	1.0	1.0	4.0	288.0	8.0	2.0	276.0
58	32	952.5754716981132	1152.5377358490566	5.0	2.0	1.0	5.0	318.0	18.0	3.0	294.0
58	38	1011.5	1490.395161290323	6.0	4.0	4.0	0.0	496.0	52.0	444.0	0.0
58	39	881.5127272727273	1561.5127272727273	4.0	4.0	0.0	1.0	275.0	268.0	0.0	7.0
58	41	1480.5012224938876	1611.8068459657702	6.0	0.0	4.0	4.0	409.0	0.0	284.0	124.0
58	48	1018.7082002129926	1896.7082002129928	9.0	4.0	7.0	5.0	939.0	156.0	73.0	710.0
59	10	1412.5169811320754	538.5132075471698	4.0	1.0	2.0	4.0	265.0	7.0	4.0	252.0
59	18	2133.2029972752043	947.7765667574932	11.0	6.0	4.0	8.0	1468.0	728.0	352.0	388.0
59	25	1287.5	1188.4117647058824	4.0	2.0	4.0	0.0	34.0	6.0	28.0	0.0
59	43	2420.505617977528	2020.220973782772	6.0	1.0	4.0	4.0	267.0	3.0	76.0	188.0
60	8	1134.5675105485232	426.3354430379747	8.0	3.0	5.0	5.0	474.0	33.0	116.0	322.0
60	19	1087.5	906.5	4.0	0.0	4.0	0.0	276.0	0.0	276.0	0.0
60	23	1780.7073170731708	1058.7073170731708	9.0	4.0	7.0	4.0	1025.0	172.0	81.0	772.0
60	27	416.5027027027027	1227.4918918918918	4.0	0.0	4.0	2.0	185.0	0.0	181.0	4.0
60	39	2289.52	1817.52	4.0	4.0	0.0	1.0	525.0	504.0	0.0	21.0
61	8	2446.0	629.4666666666667	6.0	6.0	3.0	3.0	90.0	72.0	12.0	6.0
61	19	843.522342064715	1259.5223420647148	4.0	4.0	0.0	1.0	649.0	620.0	0.0	29.0
61	23	878.5201342281879	1432.520134228188	4.0	1.0	1.0	4.0	298.0	9.0	3.0	284.0
61	26	1586.520134228188	1494.520134228188	4.0	1.0	1.0	4.0	298.0	9.0	3.0	284.0
61	37	1564.6750418760469	1872.6750418760469	7.0	4.0	5.0	4.0	597.0	92.0	25.0	480.0
62	8	2446.0	629.4666666666667	6.0	6.0	3.0	3.0	90.0	72.0	12.0	6.0
62	19	843.522342064715	1259.5223420647148	4.0	4.0	0.0	1.0	649.0	620.0	0.0	29.0
62	23	878.5201342281879	1432.520134228188	4.0	1.0	1.0	4.0	298.0	9.0	3.0	284.0
62	26	1586.520134228188	1494.520134228188	4.0	1.0	1.0	4.0	298.0	9.0	3.0	284.0
62	37	1564.6750418760469	1872.6750418760469	7.0	4.0	5.0	4.0	597.0	92.0	25.0	480.0
63	20	2258.671102661597	1010.5152091254752	11.0	4.0	10.0	4.0	1052.0	144.0	236.0	672.0
63	28	393.51236749116606	1451.512367491166	4.0	4.0	0.0	1.0	283.0	276.0	0.0	7.0
63	33	1021.5187969924812	1707.5037593984962	4.0	4.0	0.0	2.0	266.0	256.0	0.0	10.0
64	9	715.5103448275862	487.7	6.0	4.0	4.0	2.0	290.0	232.0	52.0	6.0
64	20	845.4394299287411	1185.667458432304	8.0	4.0	4.0	1.0	421.0	376.0	32.0	13.0
64	26	817.5351351351351	1548.9027027027028	10.0	3.0	8.0	6.0	370.0	6.0	220.0	144.0
64	30	225.5	1710.4651162790697	4.0	2.0	4.0	0.0	86.0	6.0	80.0	0.0
64	35	860.5061728395061	1825.4938271604935	4.0	0.0	4.0	0.0	243.0	0.0	243.0	0.0
65	9	715.5103448275862	487.7	6.0	4.0	4.0	2.0	290.0	232.0	52.0	6.0
65	20	845.4394299287411	1185.667458432304	8.0	4.0	4.0	1.0	421.0	376.0	32.0	13.0
65	26	817.5351351351351	1548.9027027027028	10.0	3.0	8.0	6.0	370.0	6.0	220.0	144.0
65	30	225.5	1710.4651162790697	4.0	2.0	4.0	0.0	86.0	6.0	80.0	0.0
65	35	860.5061728395061	1825.4938271604935	4.0	0.0	4.0	0.0	243.0	0.0	243.0	0.0
66	14	541.5204460966543	707.5204460966543	4.0	4.0	0.0	1.0	538.0	516.0	0.0	22.0
66	22	1878.517361111111	1156.517361111111	4.0	1.0	1.0	4.0	288.0	8.0	2.0	276.0
66	27	2361.5	1512.5	4.0	0.0	4.0	0.0	180.0	0.0	180.0	0.0
66	31	1325.514450867052	1599.514450867052	4.0	4.0	0.0	1.0	346.0	336.0	0.0	10.0
66	32	2096.58357771261	1740.58357771261	6.0	3.0	1.0	4.0	341.0	30.0	3.0	304.0
66	41	1355.511961722488	2025.5023923444976	4.0	4.0	0.0	2.0	209.0	204.0	0.0	5.0
66	44	2106.5	2043.5	4.0	0.0	4.0	0.0	192.0	0.0	192.0	0.0
67	9	1951.514619883041	553.514619883041	4.0	4.0	0.0	1.0	342.0	332.0	0.0	10.0
67	22	87.51239669421487	1077.5082644628098	4.0	4.0	0.0	1.0	242.0	236.0	0.0	5.0
67	24	154.66470588235293	1132.6676470588236	7.0	4.0	1.0	4.0	340.0	52.0	3.0	280.0
67	27	791.5034482758621	1315.503448275862	4.0	4.0	0.0	0.0	145.0	144.0	0.0	0.0
67	45	1099.5136778115502	1989.5136778115505	4.0	4.0	0.0	1.0	329.0	320.0	0.0	9.0
68	23	280.69189907038515	1322.691899070385	9.0	4.0	7.0	4.0	753.0	120.0	49.0	584.0
68	34	1545.5194805194806	1991.5194805194808	4.0	4.0	0.0	1.0	462.0	444.0	0.0	18.0
69	32	1133.5149700598802	1501.5149700598802	4.0	4.0	0.0	1.0	334.0	324.0	0.0	10.0
69	34	980.5173611111112	1546.517361111111	4.0	1.0	1.0	4.0	288.0	8.0	2.0	276.0
69	37	1698.5171232876712	1862.5171232876712	4.0	1.0	1.0	4.0	292.0	8.0	2.0	280.0
70	32	1133.5149700598802	1501.5149700598802	4.0	4.0	0.0	1.0	334.0	324.0	0.0	10.0
70	34	980.5173611111112	1546.517361111111	4.0	1.0	1.0	4.0	288.0	8.0	2.0	276.0
70	37	1698.5171232876712	1862.5171232876712	4.0	1.0	1.0	4.0	292.0	8.0	2.0	280.0
71	7	1729.3806970509384	440.1903485254692	9.0	4.0	7.0	3.0	746.0	316.0	424.0	6.0
71	10	2063.519699812383	703.5196998123828	4.0	4.0	0.0	1.0	533.0	512.0	0.0	21.0
71	13	2203.512195121951	1039.5121951219512	4.0	4.0	0.0	1.0	287.0	280.0	0.0	7.0
71	21	2164.6425120772947	1298.647342995169	7.0	4.0	5.0	5.0	414.0	52.0	12.0	350.0
71	23	1702.698189134809	1408.7193158953723	9.0	6.0	7.0	4.0	994.0	178.0	80.0	736.0
72	11	1359.3235294117646	507.3235294117647	3.0	3.0	1.0	0.0	34.0	30.0	2.0	0.0
72	26	693.1733746130031	1177.513931888545	6.0	4.0	4.0	1.0	646.0	408.0	220.0	18.0
72	29	2329.492366412214	1338.5114503816794	4.0	2.0	4.0	2.0	262.0	6.0	252.0	4.0
72	31	1237.5124653739613	1363.5124653739613	4.0	4.0	0.0	2.0	361.0	348.0	0.0	13.0
72	35	161.5	1575.4864864864865	4.0	4.0	0.0	0.0	74.0	72.0	0.0	0.0
72	40	1412.625468164794	1770.584269662921	6.0	3.0	2.0	4.0	267.0	18.0	7.0	240.0
72	42	971.6708333333332	1887.6708333333331	7.0	4.0	0.0	4.0	960.0	796.0	0.0	164.0
73	13	218.69645042839656	792.6964504283966	9.0	4.0	7.0	4.0	817.0	132.0	57.0	628.0
73	16	1774.9372955288986	882.417121046892	11.0	8.0	7.0	9.0	1834.0	672.0	129.0	1033.0
73	19	1417.5	1011.412087912088	8.0	2.0	8.0	0.0	364.0	8.0	356.0	0.0
73	36	808.5092024539878	1746.5092024539877	4.0	1.0	0.0	4.0	163.0	3.0	0.0	160.0
74	13	218.69645042839656	792.6964504283966	9.0	4.0	7.0	4.0	817.0	132.0	57.0	628.0
74	16	1774.9372955288986	882.417121046892	11.0	8.0	7.0	9.0	1834.0	672.0	129.0	1033.0
74	19	1417.5	1011.412087912088	8.0	2.0	8.0	0.0	364.0	8.0	356.0	0.0
74	36	808.5092024539878	1746.5092024539877	4.0	1.0	0.0	4.0	163.0	3.0	0.0	160.0
75	14	641.4426229508197	1036.5	4.0	0.0	4.0	2.0	122.0	0.0	108.0	14.0
75	15	957.5153203342618	1109.5153203342618	4.0	4.0	0.0	1.0	359.0	348.0	0.0	11.0
75	17	581.6674008810572	1379.6674008810571	7.0	4.0	0.0	4.0	908.0	756.0	0.0	152.0
76	25	2379.5	1692.571428571429	4.0	2.0	4.0	0.0	98.0	14.0	84.0	0.0
76	33	308.5	1970.8645833333333	6.0	0.0	4.0	6.0	192.0	0.0	64.0	128.0
77	23	757.5218045112782	1581.521804511278	4.0	4.0	0.0	1.0	665.0	636.0	0.0	29.0
77	24	761.5183486238532	1627.5183486238532	4.0	4.0	0.0	1.0	436.0	420.0	0.0	16.0
77	25	1741.5210526315789	1653.519298245614	4.0	4.0	0.0	1.0	570.0	544.0	0.0	24.0
77	30	2171.664488017429	1907.6666666666667	7.0	4.0	0.0	5.0	918.0	764.0	0.0	154.0
78	23	757.5218045112782	1581.521804511278	4.0	4.0	0.0	1.0	665.0	636.0	0.0	29.0
78	24	761.5183486238532	1627.5183486238532	4.0	4.0	0.0	1.0	436.0	420.0	0.0	16.0
78	25	1741.5210526315789	1653.519298245614	4.0	4.0	0.0	1.0	570.0	544.0	0.0	24.0
78	30	2171.664488017429	1907.6666666666667	7.0	4.0	0.0	5.0	918.0	764.0	0.0	154.0
79	3	1118.5115207373271	554.5115207373271	4.0	1.0	0.0	4.0	217.0	4.0	0.0	212.0
79	4	1664.5176056338028	586.5176056338029	4.0	1.0	1.0	4.0	284.0	8.0	2.0	272.0
79	27	492.5870206489676	1574.5929203539822	6.0	3.0	1.0	5.0	339.0	30.0	3.0	302.0
79	30	1583.5156576200418	1809.5198329853863	4.0	4.0	0.0	3.0	479.0	456.0	0.0	23.0
79	33	31.50993377483444	1897.4966887417215	4.0	4.0	0.0	1.0	151.0	148.0	0.0	2.0
79	43	912.5172413793103	2024.506896551724	4.0	1.0	3.0	4.0	290.0	8.0	9.0	272.0
80	15	2442.6660746003554	646.6660746003553	7.0	4.0	5.0	4.0	563.0	84.0	19.0	460.0
80	17	1347.508896797153	685.508896797153	4.0	4.0	0.0	2.0	281.0	272.0	0.0	9.0
80	18	2079.5109489051097	761.5109489051094	4.0	4.0	0.0	1.0	274.0	268.0	0.0	6.0
80	20	1853.511363636364	841.5113636363636	4.0	4.0	0.0	2.0	352.0	340.0	0.0	12.0
80	27	529.671875	1327.671875	7.0	4.0	0.0	4.0	1024.0	848.0	0.0	176.0
80	28	1215.5166163141994	1341.5105740181268	4.0	4.0	0.0	2.0	331.0	320.0	0.0	11.0
80	30	2399.510373443984	1433.510373443983	4.0	4.0	0.0	1.0	241.0	236.0	0.0	5.0
80	34	1982.656290531777	1590.8923476005189	10.0	4.0	9.0	4.0	771.0	52.0	207.0	512.0
80	35	1819.0	1623.0	1.0	1.0	1.0	0.0	10.0	7.0	3.0	0.0
80	37	1618.5171102661598	1778.5171102661598	4.0	1.0	1.0	4.0	263.0	7.0	2.0	252.0
80	44	1467.5176470588235	2041.4392156862743	6.0	4.0	4.0	1.0	510.0	452.0	40.0	18.0
81	13	1697.505154639175	781.1615120274914	6.0	4.0	4.0	1.0	291.0	188.0	100.0	3.0
81	15	1026.508982035928	854.5089820359282	4.0	1.0	0.0	4.0	167.0	3.0	0.0	164.0
82	13	1697.505154639175	781.1615120274914	6.0	4.0	4.0	1.0	291.0	188.0	100.0	3.0
82	15	1026.508982035928	854.5089820359282	4.0	1.0	0.0	4.0	167.0	3.0	0.0	164.0
83	8	824.6327543424318	502.6327543424318	7.0	5.0	1.0	4.0	403.0	56.0	3.0	340.0
83	13	666.6906377204884	982.6906377204884	9.0	4.0	7.0	4.0	737.0	116.0	49.0	572.0
83	15	945.5114503816794	1025.5114503816794	4.0	4.0	0.0	1.0	262.0	256.0	0.0	6.0
83	16	519.5	1028.3117647058823	6.0	4.0	4.0	0.0	340.0	64.0	276.0	0.0
83	17	2067.496932515337	1046.5092024539877	4.0	0.0	4.0	0.0	163.0	0.0	163.0	0.0
83	26	774.5210355987055	1244.514563106796	4.0	1.0	2.0	4.0	309.0	9.0	6.0	292.0
83	30	653.5129533678756	1519.5025906735752	4.0	4.0	0.0	2.0	193.0	188.0	0.0	5.0
83	34	1297.672549019608	1575.672549019608	7.0	4.0	0.0	4.0	1020.0	844.0	0.0	176.0
83	36	196.5092024539877	1672.5092024539877	4.0	1.0	0.0	4.0	163.0	3.0	0.0	160.0
84	20	507.2761904761905	827.047619047619	8.0	4.0	4.0	6.0	315.0	236.0	64.0	15.0
84	30	2233.5	1342.5	4.0	0.0	4.0	0.0	180.0	0.0	180.0	0.0
84	33	563.5102040816327	1465.5102040816328	4.0	4.0	0.0	1.0	245.0	240.0	0.0	5.0
84	38	1270.6857562408222	1684.6857562408222	7.0	4.0	5.0	5.0	681.0	108.0	31.0	542.0
84	48	1608.5082872928176	2016.4806629834252	4.0	1.0	2.0	4.0	181.0	3.0	10.0	168.0
85	11	552.5080213903743	684.5080213903743	4.0	1.0	0.0	4.0	187.0	3.0	0.0	184.0
85	18	261.51532033426184	1159.5153203342618	4.0	4.0	0.0	1.0	359.0	348.0	0.0	11.0
85	24	131.5	1472.5	4.0	0.0	4.0	0.0	148.0	0.0	148.0	0.0
85	31	1435.5	1758.4823529411765	4.0	2.0	4.0	0.0	170.0	6.0	164.0	0.0
86	11	552.5080213903743	684.5080213903743	4.0	1.0	0.0	4.0	187.0	3.0	0.0	184.0
86	18	261.51532033426184	1159.5153203342618	4.0	4.0	0.0	1.0	359.0	348.0	0.0	11.0
86	24	131.5	1472.5	4.0	0.0	4.0	0.0	148.0	0.0	148.0	0.0
86	31	1435.5	1758.4823529411765	4.0	2.0	4.0	0.0	170.0	6.0	164.0	0.0
87	2	642.6791277258567	48.679127725856695	7.0	4.0	5.0	4.0	642.0	100.0	30.0	512.0
87	8	775.4918032786885	324.5	4.0	0.0	4.0	0.0	122.0	0.0	120.0	0.0
87	16	821.656455142232	863.6061269146609	9.0	4.0	4.0	5.0	914.0	720.0	48.0	146.0
87	19	2012.5303514377	1100.5079872204474	4.0	2.0	1.0	4.0	313.0	16.0	3.0	292.0
87	21	101.5075376884422	1193.5075376884422	4.0	4.0	0.0	1.0	199.0	196.0	0.0	3.0
87	34	285.5061728395062	1859.514403292181	4.0	4.0	0.0	2.0	243.0	236.0	0.0	7.0
88	10	335.5100401606426	549.5100401606426	4.0	4.0	0.0	1.0	249.0	244.0	0.0	5.0
88	12	2064.6654929577467	652.6566901408451	7.0	4.0	6.0	4.0	568.0	84.0	28.0	456.0
88	14	1153.5	868.4567901234568	4.0	2.0	4.0	0.0	162.0	14.0	148.0	0.0
88	22	1086.5121951219512	1120.5121951219512	4.0	1.0	0.0	4.0	205.0	4.0	0.0	200.0
88	23	948.5087719298244	1130.1812865497077	6.0	1.0	4.0	4.0	342.0	5.0	112.0	224.0
88	24	2045.516883116883	1129.516883116883	4.0	4.0	0.0	1.0	385.0	372.0	0.0	13.0
88	25	1088.508771929825	1176.508771929825	4.0	1.0	0.0	4.0	171.0	3.0	0.0	168.0
88	33	802.5144032921811	1478.514403292181	4.0	1.0	0.0	4.0	243.0	6.0	0.0	236.0
89	10	761.353032659409	465.3094867807154	8.0	4.0	7.0	4.0	643.0	404.0	212.0	27.0
89	27	2094.5061728395062	1534.358024691358	6.0	1.0	4.0	4.0	162.0	2.0	24.0	136.0
89	29	442.68079800498754	1726.6197007481296	11.0	4.0	10.0	4.0	802.0	120.0	98.0	584.0
89	32	1991.505617977528	1735.370786516854	6.0	4.0	4.0	1.0	178.0	152.0	24.0	2.0
89	37	1859.6608040201008	1865.6608040201008	7.0	4.0	0.0	4.0	796.0	668.0	0.0	128.0
89	43	2083.521885521885	2027.5218855218852	4.0	4.0	0.0	1.0	594.0	568.0	0.0	26.0
89	44	1953.6731470230864	2029.6646415552852	7.0	5.0	0.0	4.0	823.0	691.0	0.0	132.0
90	10	761.353032659409	465.3094867807154	8.0	4.0	7.0	4.0	643.0	404.0	212.0	27.0
90	27	2094.5061728395062	1534.358024691358	6.0	1.0	4.0	4.0	162.0	2.0	24.0	136.0
90	29	442.68079800498754	1726.6197007481296	11.0	4.0	10.0	4.0	802.0	120.0	98.0	584.0
90	32	1991.505617977528	1735.370786516854	6.0	4.0	4.0	1.0	178.0	152.0	24.0	2.0
90	37	1859.6608040201008	1865.6608040201008	7.0	4.0	0.0	4.0	796.0	668.0	0.0	128.0
90	43	2083.521885521885	2027.5218855218852	4.0	4.0	0.0	1.0	594.0	568.0	0.0	26.0
90	44	1953.6731470230864	2029.6646415552852	7.0	5.0	0.0	4.0	823.0	691.0	0.0	132.0
91	3	738.5036496350365	264.05109489051097	6.0	1.0	4.0	4.0	274.0	2.0	124.0	148.0
91	16	369.512987012987	1203.512987012987	4.0	4.0	0.0	1.0	308.0	300.0	0.0	8.0
91	25	398.5068493150685	1600.4931506849316	4.0	1.0	2.0	4.0	146.0	2.0	4.0	140.0
91	38	826.5154639175257	1878.3917525773195	6.0	1.0	5.0	4.0	291.0	7.0	39.0	244.0
92	29	632.3808543489449	2018.78486875965	12.0	10.0	10.0	6.0	1943.0	504.0	409.0	1030.0
93	5	2232.5	197.109756097561	6.0	0.0	4.0	4.0	328.0	0.0	200.0	128.0
93	18	1207.5	784.5	4.0	0.0	4.0	0.0	200.0	0.0	200.0	0.0
93	25	1430.6299559471363	1046.5088105726873	9.0	4.0	5.0	5.0	454.0	52.0	57.0	342.0
93	40	316.58357771260995	1906.58357771261	6.0	3.0	1.0	4.0	341.0	30.0	3.0	304.0
93	48	2184.456790123457	2029.5	4.0	2.0	4.0	0.0	162.0	14.0	148.0	0.0
93	50	2304.110497237569	2039.632596685083	11.0	4.0	7.0	4.0	362.0	176.0	169.0	15.0
94	5	2232.5	197.109756097561	6.0	0.0	4.0	4.0	328.0	0.0	200.0	128.0
94	18	1207.5	784.5	4.0	0.0	4.0	0.0	200.0	0.0	200.0	0.0
94	25	1430.6299559471363	1046.5088105726873	9.0	4.0	5.0	5.0	454.0	52.0	57.0	342.0
94	40	316.58357771260995	1906.58357771261	6.0	3.0	1.0	4.0	341.0	30.0	3.0	304.0
94	48	2184.456790123457	2029.5	4.0	2.0	4.0	0.0	162.0	14.0	148.0	0.0
94	50	2304.110497237569	2039.632596685083	11.0	4.0	7.0	4.0	362.0	176.0	169.0	15.0
95	6	2180.503184713376	417.5031847133758	4.0	0.0	4.0	0.0	157.0	0.0	157.0	0.0
95	8	1060.6532507739937	532.547987616099	9.0	4.0	8.0	5.0	646.0	84.0	92.0	470.0
95	20	501.4966887417218	1413.4834437086092	4.0	4.0	0.0	2.0	151.0	144.0	0.0	6.0
95	22	1529.5	1511.5072463768115	4.0	4.0	0.0	0.0	138.0	136.0	0.0	0.0
95	26	1746.6640502354787	1756.6012558869702	9.0	4.0	8.0	4.0	637.0	92.0	65.0	480.0
95	30	490.5168539325843	1852.5168539325844	4.0	1.0	1.0	4.0	267.0	7.0	2.0	256.0
