#	frame	event	cm_x	cm_y	size	size_r	size_g	size_b	sum	sum_r	sum_g	sum_b
0	433	2350.711627906977	1513.6263565891472	15.0	15.0	15.0	15.0	1935.0	645.0	645.0	645.0	
1	433	2350.711627906977	1513.6263565891472	15.0	15.0	15.0	15.0	1935.0	645.0	645.0	645.0	
2	19	1208.019975031211	184.9288389513109	17.0	17.0	17.0	17.0	2403.0	801.0	801.0	801.0	
4	2	582.0248447204968	31.315217391304348	33.0	33.0	33.0	33.0	3864.0	1288.0	1288.0	1288.0	
5	2	582.0248447204968	31.315217391304348	33.0	33.0	33.0	33.0	3864.0	1288.0	1288.0	1288.0	
11	14	280.68924302788844	197.0756972111554	9.0	9.0	9.0	9.0	1506.0	502.0	502.0	502.0	
15	400	645.3691983122363	1425.723628691983	16.0	16.0	16.0	16.0	2844.0	948.0	948.0	948.0	
18	506	1241.1806451612904	1637.7612903225806	14.0	14.0	14.0	14.0	1395.0	465.0	465.0	465.0	
20	186	2136.8370702541106	984.9088191330344	11.0	11.0	11.0	11.0	2007.0	669.0	669.0	669.0	
21	186	2136.8370702541106	984.9088191330344	11.0	11.0	11.0	11.0	2007.0	669.0	669.0	669.0	
22	356	71.21440536013401	1252.9011725293133	14.0	14.0	14.0	14.0	1791.0	597.0	597.0	597.0	
22	570	2172.553637484587	1666.1824907521575	12.0	12.0	12.0	12.0	2433.0	811.0	811.0	811.0	
22	677	2451.1943793911005	1826.7166276346604	8.0	8.0	8.0	8.0	1281.0	427.0	427.0	427.0	
24	606	160.85117967332124	1862.0018148820327	9.0	9.0	9.0	9.0	1653.0	551.0	551.0	551.0	
25	606	160.85117967332124	1862.0018148820327	9.0	9.0	9.0	9.0	1653.0	551.0	551.0	551.0	
26	7	1373.454806312769	126.75753228120516	13.0	13.0	13.0	13.0	2091.0	697.0	697.0	697.0	
26	334	235.45112781954887	1314.6691729323309	9.0	9.0	9.0	9.0	1197.0	399.0	399.0	399.0	
27	81	1809.0632688927944	634.3725834797891	9.0	9.0	9.0	9.0	1707.0	569.0	569.0	569.0	
27	382	1032.736898395722	1401.5229946524064	16.0	16.0	16.0	16.0	2805.0	935.0	935.0	935.0	
30	127	887.874686716792	790.4085213032581	10.0	10.0	10.0	10.0	1197.0	399.0	399.0	399.0	
30	167	1247.125647668394	909.2992227979274	12.0	12.0	12.0	12.0	2316.0	772.0	772.0	772.0	
30	187	14.003645200486028	953.9538274605104	27.0	27.0	27.0	27.0	2469.0	823.0	823.0	823.0	
30	316	0.9744058500914076	1231.9140767824497	9.0	9.0	9.0	9.0	1641.0	547.0	547.0	547.0	
32	23	2396.5606469002696	322.40970350404314	11.0	11.0	11.0	11.0	1113.0	371.0	371.0	371.0	
32	480	1669.0898734177215	1603.3848101265824	16.0	16.0	16.0	16.0	2370.0	790.0	790.0	790.0	
33	23	2396.5606469002696	322.40970350404314	11.0	11.0	11.0	11.0	1113.0	371.0	371.0	371.0	
33	480	1669.0898734177215	1603.3848101265824	16.0	16.0	16.0	16.0	2370.0	790.0	790.0	790.0	
34	9	993.493265993266	224.8047138047138	12.0	12.0	12.0	12.0	1782.0	594.0	594.0	594.0	
34	241	1325.5377833753148	1147.8727959697733	17.0	17.0	17.0	17.0	2382.0	794.0	794.0	794.0	
35	3	2046.107569721116	126.11752988047807	9.0	9.0	9.0	9.0	1506.0	502.0	502.0	502.0	
38	149	18.43952483801296	827.4157667386609	24.0	24.0	24.0	24.0	2778.0	926.0	926.0	926.0	
38	617	2214.9157142857143	1756.96	11.0	11.0	11.0	11.0	2100.0	700.0	700.0	700.0	
42	11	859.6378299120234	182.13782991202345	12.0	12.0	12.0	12.0	2046.0	682.0	682.0	682.0	
42	64	768.9734299516908	495.88808373590985	25.0	25.0	25.0	25.0	3726.0	1242.0	1242.0	1242.0	
43	585	1190.7922297297298	1772.5337837837835	12.0	12.0	12.0	12.0	1776.0	592.0	592.0	592.0	
44	627	929.2779243623572	1771.1583113456463	22.0	22.0	22.0	22.0	3411.0	1137.0	1137.0	1137.0	
45	627	929.2779243623572	1771.1583113456463	22.0	22.0	22.0	22.0	3411.0	1137.0	1137.0	1137.0	
46	79	835.0467422096317	626.6742209631728	16.0	16.0	16.0	16.0	2118.0	706.0	706.0	706.0	
48	309	1011.82981530343	1304.4459102902374	14.0	14.0	14.0	14.0	2274.0	758.0	758.0	758.0	
49	309	1011.82981530343	1304.4459102902374	14.0	14.0	14.0	14.0	2274.0	758.0	758.0	758.0	
50	302	982.497893850042	1278.2695871946082	19.0	19.0	19.0	19.0	3561.0	1187.0	1187.0	1187.0	
50	709	2199.3162650602408	2006.585843373494	27.0	27.0	27.0	27.0	3984.0	1328.0	1328.0	1328.0	
51	11	250.34864300626305	191.6722338204593	9.0	9.0	9.0	9.0	1437.0	479.0	479.0	479.0	
55	113	159.12614259597805	740.3875685557587	9.0	9.0	9.0	9.0	1641.0	547.0	547.0	547.0	
56	420	347.3049645390071	1554.595744680851	9.0	9.0	9.0	9.0	1269.0	423.0	423.0	423.0	
56	460	1579.8222222222223	1631.0513888888888	14.0	14.0	14.0	14.0	2160.0	720.0	720.0	720.0	
56	590	165.32106339468302	1826.196319018405	11.0	11.0	11.0	11.0	1467.0	489.0	489.0	489.0	
57	420	347.3049645390071	1554.595744680851	9.0	9.0	9.0	9.0	1269.0	423.0	423.0	423.0	
57	460	1579.8222222222223	1631.0513888888888	14.0	14.0	14.0	14.0	2160.0	720.0	720.0	720.0	
57	590	165.32106339468302	1826.196319018405	11.0	11.0	11.0	11.0	1467.0	489.0	489.0	489.0	
59	447	1910.348377997179	1477.6897038081806	16.0	16.0	16.0	16.0	2127.0	709.0	709.0	709.0	
59	788	831.1796178343949	2033.656050955414	17.0	17.0	17.0	17.0	2355.0	785.0	785.0	785.0	
62	543	1073.6091836734695	1721.488775510204	19.0	19.0	19.0	19.0	2940.0	980.0	980.0	980.0	
64	54	1997.764786795048	447.4931224209079	29.0	29.0	29.0	29.0	4362.0	1454.0	1454.0	1454.0	
65	54	1997.764786795048	447.4931224209079	29.0	29.0	29.0	29.0	4362.0	1454.0	1454.0	1454.0	
67	51	1283.1097222222222	577.5416666666666	13.0	13.0	13.0	13.0	2160.0	720.0	720.0	720.0	
67	666	1806.4415954415956	1931.1994301994305	20.0	20.0	20.0	20.0	3159.0	1053.0	1053.0	1053.0	
68	58	1158.14463840399	515.5049875311721	15.0	15.0	15.0	15.0	2406.0	802.0	802.0	802.0	
69	58	1158.14463840399	515.5049875311721	15.0	15.0	15.0	15.0	2406.0	802.0	802.0	802.0	
70	1	2086.027707808564	144.10327455919395	9.0	9.0	9.0	9.0	2382.0	794.0	794.0	794.0	
70	38	2240.08188976378	412.1716535433071	8.0	8.0	8.0	8.0	1905.0	635.0	635.0	635.0	
70	367	2156.797427652733	1385.805466237942	9.0	9.0	9.0	9.0	1866.0	622.0	622.0	622.0	
70	439	372.4234404536862	1521.640831758034	11.0	11.0	11.0	11.0	1587.0	529.0	529.0	529.0	
71	1	1111.5664160401002	11.909774436090226	12.0	12.0	12.0	12.0	1197.0	399.0	399.0	399.0	
74	636	1842.683215130024	1864.9172576832152	9.0	9.0	9.0	9.0	1269.0	423.0	423.0	423.0	
76	72	666.246835443038	587.2120253164557	10.0	10.0	10.0	10.0	1896.0	632.0	632.0	632.0	
76	289	2227.208596713021	1243.786346396966	28.0	28.0	28.0	28.0	2373.0	791.0	791.0	791.0	
77	72	666.246835443038	587.2120253164557	10.0	10.0	10.0	10.0	1896.0	632.0	632.0	632.0	
77	289	2227.208596713021	1243.786346396966	28.0	28.0	28.0	28.0	2373.0	791.0	791.0	791.0	
78	115	194.2134831460674	708.9176029962547	9.0	9.0	9.0	9.0	1602.0	534.0	534.0	534.0	
78	575	1248.840594059406	1692.8643564356437	25.0	25.0	25.0	25.0	3030.0	1010.0	1010.0	1010.0	
79	148	2214.2609649122805	890.4583333333334	16.0	16.0	16.0	16.0	2736.0	912.0	912.0	912.0	
79	289	2137.863568215892	1220.4452773613193	9.0	9.0	9.0	9.0	2001.0	667.0	667.0	667.0	
82	26	95.83387096774192	313.1806451612904	12.0	12.0	12.0	12.0	1860.0	620.0	620.0	620.0	
83	43	1144.9227467811158	438.62017167381975	12.0	12.0	12.0	12.0	1398.0	466.0	466.0	466.0	
84	0	1185.5	1.1495327102803738	8.0	8.0	8.0	8.0	1284.0	428.0	428.0	428.0	
84	141	1215.037037037037	872.9983164983165	12.0	12.0	12.0	12.0	1782.0	594.0	594.0	594.0	
85	0	1185.5	1.1495327102803738	8.0	8.0	8.0	8.0	1284.0	428.0	428.0	428.0	
85	141	1215.037037037037	872.9983164983165	12.0	12.0	12.0	12.0	1782.0	594.0	594.0	594.0	
86	19	2354.621803499327	297.19919246298787	14.0	14.0	14.0	14.0	2229.0	743.0	743.0	743.0	
86	431	1995.6441102756887	1487.571428571429	14.0	14.0	14.0	14.0	1197.0	399.0	399.0	399.0	
88	10	175.9934725848564	169.21932114882506	12.0	12.0	12.0	12.0	2298.0	766.0	766.0	766.0	
89	10	175.9934725848564	169.21932114882506	12.0	12.0	12.0	12.0	2298.0	766.0	766.0	766.0	
90	152	1453.7299509001637	918.8887070376431	9.0	9.0	9.0	9.0	1833.0	611.0	611.0	611.0	
91	357	2161.610503282276	1418.9343544857768	8.0	8.0	8.0	8.0	1371.0	457.0	457.0	457.0	
