Value	Count
42.0	14.0
56.0	13.0
8.0	13.0
7.0	12.0
293.0	12.0
204.0	12.0
1103.0	11.0
114.0	11.0
1033.0	11.0
485.0	11.0
979.0	11.0
860.0	10.0
953.0	10.0
85.0	10.0
89.0	10.0
197.0	10.0
958.0	10.0
37.0	9.0
213.0	9.0
317.0	9.0
9.0	9.0
10.0	9.0
266.0	9.0
1316.0	9.0
227.0	9.0
619.0	9.0
1545.0	9.0
547.0	9.0
427.0	9.0
1192.0	9.0
86.0	8.0
270.0	8.0
325.0	8.0
50.0	8.0
748.0	8.0
75.0	8.0
1720.0	8.0
106.0	8.0
1618.0	8.0
45.0	8.0
957.0	8.0
513.0	8.0
77.0	7.0
1174.0	7.0
183.0	7.0
797.0	7.0
901.0	7.0
990.0	7.0
1805.0	7.0
1201.0	7.0
488.0	7.0
1375.0	7.0
1377.0	7.0
1478.0	7.0
939.0	7.0
466.0	7.0
1851.0	7.0
1269.0	7.0
2146.0	7.0
1394.0	7.0
349.0	7.0
17.0	7.0
387.0	7.0
742.0	7.0
842.0	7.0
283.0	6.0
382.0	6.0
44.0	6.0
1030.0	6.0
1772.0	6.0
318.0	6.0
1573.0	6.0
945.0	6.0
823.0	6.0
916.0	6.0
1071.0	6.0
1401.0	6.0
960.0	6.0
1786.0	6.0
1648.0	6.0
326.0	6.0
1107.0	6.0
1310.0	6.0
327.0	6.0
1195.0	6.0
471.0	6.0
220.0	6.0
1059.0	6.0
456.0	6.0
1218.0	6.0
965.0	6.0
61.0	6.0
436.0	6.0
552.0	6.0
1378.0	6.0
493.0	6.0
1750.0	6.0
164.0	6.0
2251.0	6.0
997.0	6.0
1029.0	6.0
671.0	5.0
3030.0	5.0
1664.0	5.0
208.0	5.0
1124.0	5.0
1434.0	5.0
1460.0	5.0
1287.0	5.0
1017.0	5.0
790.0	5.0
1699.0	5.0
1582.0	5.0
1315.0	5.0
1983.0	5.0
704.0	5.0
181.0	5.0
97.0	5.0
417.0	5.0
394.0	5.0
1111.0	5.0
496.0	5.0
320.0	5.0
2589.0	5.0
1339.0	5.0
303.0	5.0
1156.0	5.0
706.0	5.0
2093.0	5.0
730.0	5.0
3383.0	5.0
251.0	5.0
942.0	5.0
1542.0	5.0
506.0	5.0
2830.0	5.0
864.0	5.0
83.0	5.0
281.0	5.0
894.0	5.0
1225.0	5.0
375.0	5.0
105.0	5.0
350.0	5.0
2321.0	5.0
2266.0	5.0
182.0	5.0
2514.0	5.0
1022.0	5.0
774.0	5.0
811.0	5.0
2478.0	5.0
47.0	5.0
1631.0	5.0
814.0	5.0
538.0	5.0
679.0	5.0
1312.0	5.0
883.0	5.0
824.0	5.0
51.0	5.0
616.0	5.0
1395.0	5.0
1703.0	5.0
849.0	5.0
674.0	5.0
1319.0	5.0
1126.0	5.0
1028.0	5.0
2551.0	5.0
248.0	5.0
663.0	5.0
432.0	4.0
1382.0	4.0
1301.0	4.0
937.0	4.0
809.0	4.0
701.0	4.0
1584.0	4.0
1814.0	4.0
717.0	4.0
2997.0	4.0
1520.0	4.0
1594.0	4.0
707.0	4.0
2289.0	4.0
1363.0	4.0
1038.0	4.0
535.0	4.0
1604.0	4.0
450.0	4.0
966.0	4.0
295.0	4.0
1707.0	4.0
1623.0	4.0
372.0	4.0
2277.0	4.0
1451.0	4.0
2074.0	4.0
560.0	4.0
977.0	4.0
419.0	4.0
452.0	4.0
2000.0	4.0
750.0	4.0
2363.0	4.0
242.0	4.0
3029.0	4.0
2273.0	4.0
695.0	4.0
2346.0	4.0
2018.0	4.0
1588.0	4.0
2300.0	4.0
557.0	4.0
597.0	4.0
1504.0	4.0
759.0	4.0
585.0	4.0
2171.0	4.0
768.0	4.0
414.0	4.0
274.0	4.0
2222.0	4.0
1944.0	4.0
949.0	4.0
764.0	4.0
652.0	4.0
1361.0	4.0
1140.0	4.0
793.0	4.0
137.0	4.0
159.0	4.0
618.0	4.0
511.0	4.0
879.0	4.0
1895.0	4.0
313.0	4.0
832.0	4.0
58.0	4.0
1559.0	4.0
1001.0	4.0
778.0	4.0
94.0	4.0
2041.0	4.0
523.0	4.0
430.0	4.0
705.0	4.0
376.0	4.0
171.0	4.0
1222.0	4.0
1110.0	4.0
73.0	4.0
1390.0	4.0
1006.0	4.0
634.0	4.0
449.0	4.0
1650.0	4.0
388.0	4.0
1898.0	4.0
733.0	4.0
1105.0	4.0
69.0	4.0
1935.0	4.0
2059.0	3.0
468.0	3.0
5709.0	3.0
1413.0	3.0
2507.0	3.0
7090.0	3.0
1628.0	3.0
658.0	3.0
2062.0	3.0
1053.0	3.0
2113.0	3.0
2866.0	3.0
1592.0	3.0
3098.0	3.0
1646.0	3.0
1292.0	3.0
1075.0	3.0
1704.0	3.0
1660.0	3.0
3524.0	3.0
1700.0	3.0
3402.0	3.0
2175.0	3.0
3409.0	3.0
4356.0	3.0
5536.0	3.0
1939.0	3.0
4168.0	3.0
2835.0	3.0
7451.0	3.0
3344.0	3.0
2762.0	3.0
127.0	3.0
2121.0	3.0
1972.0	3.0
854.0	3.0
366.0	3.0
1669.0	3.0
2562.0	3.0
2371.0	3.0
1891.0	3.0
1234.0	3.0
2077.0	3.0
2588.0	3.0
1620.0	3.0
3406.0	3.0
636.0	3.0
2028.0	3.0
1031.0	3.0
1347.0	3.0
2742.0	3.0
4647.0	3.0
856.0	3.0
1252.0	3.0
2565.0	3.0
484.0	3.0
907.0	3.0
1783.0	3.0
731.0	3.0
863.0	3.0
457.0	3.0
1299.0	3.0
2007.0	3.0
4578.0	3.0
489.0	3.0
1063.0	3.0
1734.0	3.0
3121.0	3.0
4212.0	3.0
2167.0	3.0
353.0	3.0
2324.0	3.0
1082.0	3.0
1788.0	3.0
4087.0	3.0
4205.0	3.0
1492.0	3.0
2438.0	3.0
2793.0	3.0
699.0	3.0
397.0	3.0
328.0	3.0
2963.0	3.0
2049.0	3.0
1643.0	3.0
7529.0	3.0
1668.0	3.0
1472.0	3.0
2306.0	3.0
2455.0	3.0
1871.0	3.0
2127.0	3.0
1687.0	3.0
5429.0	3.0
659.0	3.0
80.0	3.0
3212.0	3.0
4066.0	3.0
3365.0	3.0
1823.0	3.0
2966.0	3.0
2068.0	3.0
1227.0	3.0
1528.0	3.0
2107.0	3.0
4159.0	3.0
783.0	3.0
3545.0	3.0
1967.0	3.0
2188.0	3.0
2040.0	3.0
2119.0	3.0
1184.0	3.0
1164.0	3.0
2998.0	3.0
3099.0	3.0
2625.0	3.0
668.0	3.0
1682.0	3.0
1088.0	3.0
729.0	3.0
2047.0	3.0
1228.0	3.0
1662.0	3.0
451.0	3.0
4691.0	3.0
1463.0	3.0
2814.0	3.0
3243.0	3.0
6313.0	3.0
2001.0	3.0
3079.0	3.0
3279.0	3.0
2994.0	3.0
1515.0	3.0
2235.0	3.0
3686.0	3.0
3316.0	3.0
1808.0	3.0
381.0	3.0
3218.0	3.0
735.0	3.0
2360.0	3.0
1078.0	3.0
846.0	3.0
1217.0	3.0
528.0	3.0
2140.0	3.0
2039.0	3.0
196.0	3.0
1622.0	3.0
1441.0	3.0
586.0	3.0
651.0	3.0
633.0	3.0
158.0	3.0
175.0	3.0
1436.0	3.0
190.0	3.0
2711.0	3.0
993.0	3.0
1305.0	3.0
1470.0	3.0
103.0	3.0
737.0	3.0
909.0	3.0
591.0	3.0
1438.0	3.0
1574.0	3.0
90.0	3.0
289.0	3.0
534.0	3.0
556.0	3.0
805.0	3.0
55.0	3.0
985.0	3.0
122.0	3.0
1167.0	3.0
911.0	3.0
123.0	3.0
2184.0	3.0
602.0	3.0
1634.0	3.0
1314.0	3.0
642.0	3.0
1440.0	3.0
1795.0	3.0
1757.0	3.0
48.0	3.0
2384.0	3.0
1607.0	3.0
853.0	3.0
363.0	3.0
82.0	3.0
408.0	3.0
721.0	3.0
386.0	3.0
26.0	3.0
336.0	3.0
25.0	3.0
826.0	3.0
217.0	3.0
3874.0	2.0
1754.0	2.0
1024.0	2.0
2798.0	2.0
2568.0	2.0
1763.0	2.0
5414.0	2.0
2005.0	2.0
2680.0	2.0
2821.0	2.0
2870.0	2.0
2744.0	2.0
3101.0	2.0
2015.0	2.0
925.0	2.0
1211.0	2.0
1016.0	2.0
709.0	2.0
2305.0	2.0
2386.0	2.0
1819.0	2.0
1311.0	2.0
2527.0	2.0
593.0	2.0
1160.0	2.0
3834.0	2.0
1414.0	2.0
2907.0	2.0
3512.0	2.0
420.0	2.0
2096.0	2.0
4134.0	2.0
2366.0	2.0
1411.0	2.0
3371.0	2.0
3412.0	2.0
1677.0	2.0
739.0	2.0
1676.0	2.0
647.0	2.0
2215.0	2.0
1577.0	2.0
1844.0	2.0
4035.0	2.0
1652.0	2.0
1549.0	2.0
2999.0	2.0
1166.0	2.0
2118.0	2.0
4609.0	2.0
228.0	2.0
2900.0	2.0
1247.0	2.0
3294.0	2.0
4444.0	2.0
3163.0	2.0
1148.0	2.0
1962.0	2.0
2086.0	2.0
4133.0	2.0
2767.0	2.0
1506.0	2.0
3205.0	2.0
1373.0	2.0
5005.0	2.0
2506.0	2.0
2290.0	2.0
3707.0	2.0
3007.0	2.0
2971.0	2.0
3275.0	2.0
334.0	2.0
4393.0	2.0
2786.0	2.0
2008.0	2.0
173.0	2.0
2502.0	2.0
840.0	2.0
2815.0	2.0
2876.0	2.0
5820.0	2.0
2151.0	2.0
6191.0	2.0
3721.0	2.0
2216.0	2.0
2842.0	2.0
4305.0	2.0
3732.0	2.0
1833.0	2.0
2192.0	2.0
2055.0	2.0
2434.0	2.0
681.0	2.0
2594.0	2.0
3756.0	2.0
3150.0	2.0
845.0	2.0
1249.0	2.0
3426.0	2.0
1344.0	2.0
1647.0	2.0
3071.0	2.0
2756.0	2.0
3690.0	2.0
3181.0	2.0
567.0	2.0
1617.0	2.0
2375.0	2.0
802.0	2.0
1550.0	2.0
1519.0	2.0
6500.0	2.0
1132.0	2.0
3540.0	2.0
1131.0	2.0
5270.0	2.0
1537.0	2.0
1019.0	2.0
3537.0	2.0
2302.0	2.0
2123.0	2.0
807.0	2.0
2081.0	2.0
3057.0	2.0
1179.0	2.0
3109.0	2.0
13.0	2.0
2358.0	2.0
2645.0	2.0
1593.0	2.0
390.0	2.0
2700.0	2.0
4477.0	2.0
2561.0	2.0
2753.0	2.0
2095.0	2.0
1471.0	2.0
1087.0	2.0
3425.0	2.0
1964.0	2.0
3284.0	2.0
1578.0	2.0
2655.0	2.0
2072.0	2.0
1266.0	2.0
4577.0	2.0
1742.0	2.0
3629.0	2.0
1809.0	2.0
1324.0	2.0
834.0	2.0
459.0	2.0
1680.0	2.0
3678.0	2.0
3196.0	2.0
2710.0	2.0
1262.0	2.0
1881.0	2.0
1787.0	2.0
1139.0	2.0
3039.0	2.0
3519.0	2.0
1611.0	2.0
697.0	2.0
2810.0	2.0
2851.0	2.0
2878.0	2.0
1048.0	2.0
589.0	2.0
2275.0	2.0
2257.0	2.0
1625.0	2.0
3534.0	2.0
1297.0	2.0
3246.0	2.0
2869.0	2.0
1756.0	2.0
2783.0	2.0
3494.0	2.0
4330.0	2.0
2867.0	2.0
2103.0	2.0
817.0	2.0
3086.0	2.0
1771.0	2.0
2811.0	2.0
2883.0	2.0
3032.0	2.0
1961.0	2.0
2315.0	2.0
2464.0	2.0
3613.0	2.0
1976.0	2.0
3258.0	2.0
2659.0	2.0
1585.0	2.0
2661.0	2.0
1085.0	2.0
1929.0	2.0
5251.0	2.0
2598.0	2.0
2824.0	2.0
2542.0	2.0
1431.0	2.0
2287.0	2.0
2029.0	2.0
4239.0	2.0
981.0	2.0
1423.0	2.0
1890.0	2.0
3293.0	2.0
1766.0	2.0
719.0	2.0
1667.0	2.0
1679.0	2.0
2635.0	2.0
1123.0	2.0
1357.0	2.0
3010.0	2.0
1385.0	2.0
3541.0	2.0
1150.0	2.0
3301.0	2.0
1251.0	2.0
1118.0	2.0
1254.0	2.0
2970.0	2.0
1487.0	2.0
1354.0	2.0
2316.0	2.0
1437.0	2.0
2044.0	2.0
2153.0	2.0
2958.0	2.0
946.0	2.0
407.0	2.0
3653.0	2.0
2937.0	2.0
1952.0	2.0
1885.0	2.0
1799.0	2.0
1267.0	2.0
437.0	2.0
950.0	2.0
1993.0	2.0
1535.0	2.0
1748.0	2.0
2110.0	2.0
104.0	2.0
4001.0	2.0
4013.0	2.0
2632.0	2.0
498.0	2.0
3063.0	2.0
1556.0	2.0
267.0	2.0
639.0	2.0
906.0	2.0
4024.0	2.0
1210.0	2.0
1525.0	2.0
1538.0	2.0
1280.0	2.0
2353.0	2.0
2281.0	2.0
749.0	2.0
2831.0	2.0
1564.0	2.0
2013.0	2.0
5705.0	2.0
2855.0	2.0
4280.0	2.0
1774.0	2.0
620.0	2.0
2164.0	2.0
1046.0	2.0
865.0	2.0
243.0	2.0
874.0	2.0
975.0	2.0
3184.0	2.0
150.0	2.0
1405.0	2.0
4586.0	2.0
3281.0	2.0
1794.0	2.0
899.0	2.0
418.0	2.0
1268.0	2.0
2347.0	2.0
4428.0	2.0
331.0	2.0
1186.0	2.0
722.0	2.0
2950.0	2.0
688.0	2.0
1966.0	2.0
2016.0	2.0
583.0	2.0
1293.0	2.0
263.0	2.0
2207.0	2.0
1325.0	2.0
1041.0	2.0
2887.0	2.0
1868.0	2.0
442.0	2.0
91.0	2.0
1098.0	2.0
641.0	2.0
3535.0	2.0
2060.0	2.0
2712.0	2.0
1264.0	2.0
2104.0	2.0
224.0	2.0
590.0	2.0
2531.0	2.0
970.0	2.0
2593.0	2.0
4005.0	2.0
877.0	2.0
613.0	2.0
1034.0	2.0
446.0	2.0
505.0	2.0
796.0	2.0
65.0	2.0
29.0	2.0
53.0	2.0
119.0	2.0
14.0	2.0
120.0	2.0
1693.0	2.0
1113.0	2.0
2451.0	2.0
1244.0	2.0
1639.0	2.0
1708.0	2.0
1510.0	2.0
1852.0	2.0
476.0	2.0
1136.0	2.0
1204.0	2.0
3385.0	2.0
992.0	2.0
1861.0	2.0
3370.0	2.0
1697.0	2.0
3239.0	2.0
2740.0	2.0
2955.0	2.0
1587.0	2.0
2111.0	2.0
3716.0	2.0
3037.0	2.0
4193.0	2.0
751.0	2.0
2643.0	2.0
367.0	2.0
2142.0	2.0
548.0	2.0
626.0	2.0
453.0	2.0
478.0	2.0
1598.0	2.0
1454.0	2.0
4611.0	2.0
2057.0	2.0
1096.0	2.0
2430.0	2.0
507.0	2.0
986.0	2.0
2466.0	2.0
1408.0	2.0
1945.0	2.0
125.0	2.0
3562.0	2.0
955.0	2.0
2739.0	2.0
368.0	2.0
678.0	2.0
1568.0	2.0
425.0	2.0
282.0	2.0
1255.0	2.0
212.0	2.0
268.0	2.0
2268.0	2.0
1172.0	2.0
3285.0	2.0
3112.0	2.0
609.0	2.0
1858.0	2.0
4489.0	2.0
2264.0	2.0
3046.0	2.0
2445.0	2.0
1666.0	2.0
781.0	2.0
1636.0	2.0
2368.0	2.0
255.0	2.0
2437.0	2.0
174.0	2.0
698.0	2.0
356.0	2.0
2750.0	2.0
1270.0	2.0
801.0	2.0
665.0	2.0
2723.0	2.0
3687.0	2.0
1190.0	2.0
2467.0	2.0
1727.0	2.0
203.0	2.0
984.0	2.0
3759.0	2.0
369.0	2.0
1409.0	2.0
1445.0	2.0
2931.0	2.0
445.0	2.0
1941.0	2.0
1767.0	2.0
4722.0	2.0
1541.0	2.0
1635.0	2.0
1424.0	1.0
475.0	1.0
235.0	1.0
617.0	1.0
1032.0	1.0
661.0	1.0
1876.0	1.0
978.0	1.0
138.0	1.0
265.0	1.0
166.0	1.0
440.0	1.0
1877.0	1.0
371.0	1.0
422.0	1.0
2407.0	1.0
902.0	1.0
752.0	1.0
1875.0	1.0
160.0	1.0
4373.0	1.0
1642.0	1.0
1162.0	1.0
880.0	1.0
98.0	1.0
2126.0	1.0
1271.0	1.0
424.0	1.0
2521.0	1.0
1068.0	1.0
1469.0	1.0
1054.0	1.0
838.0	1.0
2269.0	1.0
530.0	1.0
4304.0	1.0
74.0	1.0
1981.0	1.0
2256.0	1.0
1845.0	1.0
2617.0	1.0
777.0	1.0
952.0	1.0
919.0	1.0
1049.0	1.0
377.0	1.0
711.0	1.0
464.0	1.0
968.0	1.0
1007.0	1.0
2599.0	1.0
62.0	1.0
4561.0	1.0
66.0	1.0
3065.0	1.0
139.0	1.0
1896.0	1.0
2895.0	1.0
335.0	1.0
1307.0	1.0
495.0	1.0
1092.0	1.0
1802.0	1.0
141.0	1.0
3013.0	1.0
470.0	1.0
2283.0	1.0
1447.0	1.0
107.0	1.0
364.0	1.0
1842.0	1.0
1343.0	1.0
461.0	1.0
435.0	1.0
1094.0	1.0
1144.0	1.0
728.0	1.0
1317.0	1.0
1290.0	1.0
1197.0	1.0
1740.0	1.0
396.0	1.0
664.0	1.0
998.0	1.0
2141.0	1.0
2148.0	1.0
1157.0	1.0
999.0	1.0
2400.0	1.0
2412.0	1.0
400.0	1.0
687.0	1.0
1340.0	1.0
389.0	1.0
1741.0	1.0
277.0	1.0
1566.0	1.0
1475.0	1.0
2274.0	1.0
996.0	1.0
1294.0	1.0
2364.0	1.0
168.0	1.0
1386.0	1.0
1070.0	1.0
2012.0	1.0
1768.0	1.0
2025.0	1.0
539.0	1.0
1138.0	1.0
1849.0	1.0
1637.0	1.0
2253.0	1.0
1000.0	1.0
994.0	1.0
577.0	1.0
2170.0	1.0
1008.0	1.0
1258.0	1.0
762.0	1.0
1595.0	1.0
820.0	1.0
1274.0	1.0
1751.0	1.0
576.0	1.0
1533.0	1.0
566.0	1.0
867.0	1.0
1839.0	1.0
483.0	1.0
1116.0	1.0
588.0	1.0
1596.0	1.0
115.0	1.0
987.0	1.0
638.0	1.0
1659.0	1.0
1404.0	1.0
799.0	1.0
648.0	1.0
345.0	1.0
1142.0	-1.0
3244.0	-1.0
2510.0	-1.0
3988.0	-1.0
903.0	-1.0
1826.0	-1.0
294.0	-1.0
403.0	-1.0
1722.0	-1.0
2100.0	-1.0
2261.0	-1.0
1553.0	-1.0
1540.0	-1.0
1332.0	-1.0
732.0	-1.0
370.0	-1.0
1953.0	-1.0
2826.0	-1.0
352.0	-1.0
357.0	-1.0
1418.0	-1.0
1621.0	-1.0
1869.0	-1.0
463.0	-1.0
1663.0	-1.0
499.0	-1.0
1924.0	-1.0
646.0	-1.0
1695.0	-1.0
929.0	-1.0
972.0	-1.0
2517.0	-1.0
603.0	-1.0
2191.0	-1.0
329.0	-1.0
653.0	-1.0
2745.0	-1.0
673.0	-1.0
524.0	-1.0
1615.0	-1.0
712.0	-1.0
1692.0	-1.0
2053.0	-1.0
1129.0	-1.0
2795.0	-1.0
2672.0	-1.0
772.0	-1.0
708.0	-1.0
596.0	-1.0
188.0	-1.0
146.0	-1.0
804.0	-1.0
216.0	-1.0
770.0	-1.0
63.0	-1.0
260.0	-1.0
848.0	-1.0
1860.0	-1.0
835.0	-1.0
462.0	-1.0
988.0	-1.0
6.0	-1.0
118.0	-1.0
542.0	-1.0
1277.0	-1.0
359.0	-1.0
2535.0	-1.0
599.0	-1.0
176.0	-1.0
238.0	-1.0
1279.0	-1.0
2684.0	-1.0
1117.0	-1.0
1633.0	-1.0
562.0	-1.0
1987.0	-1.0
1949.0	-1.0
153.0	-1.0
167.0	-1.0
1044.0	-1.0
351.0	-1.0
786.0	-1.0
170.0	-1.0
1367.0	-1.0
165.0	-1.0
519.0	-1.0
628.0	-1.0
746.0	-1.0
514.0	-1.0
917.0	-1.0
526.0	-1.0
2604.0	-1.0
102.0	-1.0
931.0	-1.0
49.0	-1.0
140.0	-1.0
1272.0	-1.0
1169.0	-1.0
1231.0	-1.0
1606.0	-1.0
121.0	-1.0
1263.0	-1.0
88.0	-1.0
340.0	-1.0
2326.0	-1.0
201.0	-1.0
152.0	-1.0
100.0	-1.0
1674.0	-1.0
544.0	-1.0
194.0	-1.0
821.0	-1.0
1975.0	-1.0
79.0	-1.0
1260.0	-2.0
2667.0	-2.0
6322.0	-2.0
230.0	-2.0
3389.0	-2.0
2345.0	-2.0
662.0	-2.0
2687.0	-2.0
1973.0	-2.0
3381.0	-2.0
2984.0	-2.0
1731.0	-2.0
1879.0	-2.0
813.0	-2.0
4913.0	-2.0
3272.0	-2.0
4669.0	-2.0
2130.0	-2.0
991.0	-2.0
3943.0	-2.0
1021.0	-2.0
3178.0	-2.0
1342.0	-2.0
342.0	-2.0
2741.0	-2.0
2776.0	-2.0
4575.0	-2.0
2144.0	-2.0
3440.0	-2.0
1253.0	-2.0
1831.0	-2.0
1600.0	-2.0
1846.0	-2.0
1402.0	-2.0
2515.0	-2.0
753.0	-2.0
3339.0	-2.0
4832.0	-2.0
1397.0	-2.0
2956.0	-2.0
4333.0	-2.0
1694.0	-2.0
447.0	-2.0
1551.0	-2.0
2270.0	-2.0
2317.0	-2.0
1376.0	-2.0
2159.0	-2.0
1524.0	-2.0
1161.0	-2.0
3118.0	-2.0
2075.0	-2.0
788.0	-2.0
2872.0	-2.0
2374.0	-2.0
2032.0	-2.0
1176.0	-2.0
5399.0	-2.0
3382.0	-2.0
2143.0	-2.0
4876.0	-2.0
1605.0	-2.0
1062.0	-2.0
914.0	-2.0
3307.0	-2.0
316.0	-2.0
1758.0	-2.0
876.0	-2.0
2404.0	-2.0
2465.0	-2.0
3637.0	-2.0
1486.0	-2.0
2313.0	-2.0
2354.0	-2.0
38.0	-2.0
1641.0	-2.0
4389.0	-2.0
1565.0	-2.0
2574.0	-2.0
2697.0	-2.0
830.0	-2.0
2797.0	-2.0
897.0	-2.0
1119.0	-2.0
4938.0	-2.0
163.0	-2.0
2695.0	-2.0
1590.0	-2.0
935.0	-2.0
2803.0	-2.0
1681.0	-2.0
1102.0	-2.0
2394.0	-2.0
3736.0	-2.0
3576.0	-2.0
3507.0	-2.0
2080.0	-2.0
2186.0	-2.0
322.0	-2.0
3311.0	-2.0
516.0	-2.0
2102.0	-2.0
724.0	-2.0
5977.0	-2.0
4499.0	-2.0
1432.0	-2.0
1415.0	-2.0
3867.0	-2.0
1448.0	-2.0
3061.0	-2.0
2120.0	-2.0
2759.0	-2.0
685.0	-2.0
2557.0	-2.0
1412.0	-2.0
4186.0	-2.0
3081.0	-2.0
4708.0	-2.0
1874.0	-2.0
1135.0	-2.0
3364.0	-2.0
3084.0	-2.0
1224.0	-2.0
1173.0	-2.0
1847.0	-2.0
2328.0	-2.0
3447.0	-2.0
1396.0	-2.0
3025.0	-2.0
2115.0	-2.0
2023.0	-2.0
2417.0	-2.0
2979.0	-2.0
2752.0	-2.0
2897.0	-2.0
4955.0	-2.0
2482.0	-2.0
1552.0	-2.0
3976.0	-2.0
3499.0	-2.0
1429.0	-2.0
2840.0	-2.0
2620.0	-2.0
2390.0	-2.0
2043.0	-2.0
4388.0	-2.0
2622.0	-2.0
1365.0	-2.0
1069.0	-2.0
2376.0	-2.0
5541.0	-2.0
2721.0	-2.0
156.0	-2.0
2387.0	-2.0
1931.0	-2.0
2037.0	-2.0
3031.0	-2.0
1583.0	-2.0
3807.0	-2.0
2436.0	-2.0
2241.0	-2.0
693.0	-2.0
2755.0	-2.0
1240.0	-2.0
4362.0	-2.0
429.0	-2.0
5396.0	-2.0
2637.0	-2.0
1072.0	-2.0
2513.0	-2.0
487.0	-2.0
2543.0	-2.0
500.0	-2.0
2662.0	-2.0
1335.0	-2.0
3210.0	-2.0
1903.0	-2.0
2670.0	-2.0
2200.0	-2.0
2267.0	-2.0
1721.0	-2.0
2912.0	-2.0
1915.0	-2.0
710.0	-2.0
2246.0	-2.0
4174.0	-2.0
1630.0	-2.0
4218.0	-2.0
2038.0	-2.0
3110.0	-2.0
4560.0	-2.0
1988.0	-2.0
3070.0	-2.0
5451.0	-2.0
518.0	-2.0
3188.0	-2.0
1230.0	-2.0
2539.0	-2.0
2348.0	-2.0
2225.0	-2.0
3002.0	-2.0
1238.0	-2.0
2841.0	-2.0
4587.0	-2.0
1362.0	-2.0
3044.0	-2.0
810.0	-2.0
3309.0	-2.0
2480.0	-2.0
2809.0	-2.0
886.0	-2.0
1810.0	-2.0
3994.0	-2.0
1813.0	-2.0
3411.0	-2.0
1326.0	-2.0
1207.0	-2.0
4011.0	-2.0
574.0	-2.0
2476.0	-2.0
2861.0	-2.0
2791.0	-2.0
3135.0	-2.0
2832.0	-2.0
2505.0	-2.0
2208.0	-2.0
1645.0	-2.0
2003.0	-2.0
1798.0	-2.0
948.0	-2.0
3422.0	-2.0
2664.0	-2.0
2169.0	-2.0
2292.0	-2.0
3669.0	-2.0
1960.0	-2.0
3881.0	-2.0
1888.0	-2.0
1491.0	-2.0
3658.0	-2.0
1873.0	-2.0
1392.0	-2.0
859.0	-2.0
1882.0	-2.0
2370.0	-2.0
3324.0	-2.0
627.0	-2.0
199.0	-2.0
2242.0	-2.0
1854.0	-2.0
1829.0	-2.0
2686.0	-2.0
2177.0	-2.0
1909.0	-2.0
4845.0	-2.0
1901.0	-2.0
4290.0	-2.0
1200.0	-2.0
1719.0	-2.0
234.0	-2.0
3173.0	-2.0
1466.0	-2.0
3859.0	-2.0
4115.0	-2.0
3401.0	-2.0
891.0	-2.0
161.0	-2.0
4858.0	-2.0
1232.0	-2.0
3595.0	-2.0
1226.0	-2.0
3587.0	-2.0
2555.0	-2.0
2626.0	-2.0
2299.0	-2.0
2017.0	-2.0
1410.0	-2.0
431.0	-2.0
4031.0	-2.0
4135.0	-2.0
2432.0	-2.0
2989.0	-2.0
3026.0	-2.0
4348.0	-2.0
1419.0	-2.0
5898.0	-2.0
881.0	-2.0
2689.0	-2.0
3140.0	-2.0
1900.0	-2.0
6328.0	-2.0
4343.0	-2.0
3333.0	-2.0
2314.0	-2.0
2409.0	-2.0
3187.0	-2.0
1246.0	-2.0
672.0	-2.0
1812.0	-2.0
3614.0	-2.0
607.0	-2.0
543.0	-2.0
1753.0	-2.0
2489.0	-2.0
404.0	-2.0
145.0	-2.0
2975.0	-2.0
944.0	-2.0
1101.0	-2.0
649.0	-2.0
895.0	-2.0
1589.0	-2.0
187.0	-2.0
307.0	-2.0
2983.0	-2.0
2333.0	-2.0
763.0	-2.0
2634.0	-2.0
549.0	-2.0
4641.0	-2.0
2641.0	-2.0
905.0	-2.0
2117.0	-2.0
736.0	-2.0
177.0	-2.0
4387.0	-2.0
2150.0	-2.0
1328.0	-2.0
624.0	-2.0
1624.0	-2.0
2484.0	-2.0
1421.0	-2.0
1381.0	-2.0
3151.0	-2.0
1832.0	-2.0
344.0	-2.0
1597.0	-2.0
1346.0	-2.0
2004.0	-2.0
1926.0	-2.0
321.0	-2.0
1446.0	-2.0
1462.0	-2.0
1281.0	-2.0
1732.0	-2.0
932.0	-2.0
1356.0	-2.0
1675.0	-2.0
1152.0	-2.0
831.0	-2.0
2139.0	-2.0
491.0	-2.0
315.0	-2.0
2352.0	-2.0
632.0	-2.0
245.0	-2.0
1474.0	-2.0
873.0	-2.0
84.0	-2.0
358.0	-2.0
2501.0	-2.0
314.0	-2.0
2496.0	-2.0
2713.0	-2.0
580.0	-2.0
1936.0	-2.0
4628.0	-2.0
2608.0	-2.0
1043.0	-2.0
1345.0	-2.0
5569.0	-2.0
4155.0	-2.0
2473.0	-2.0
738.0	-2.0
1511.0	-2.0
1956.0	-2.0
1529.0	-2.0
1194.0	-2.0
1501.0	-2.0
2336.0	-2.0
2621.0	-2.0
816.0	-2.0
1546.0	-2.0
612.0	-2.0
428.0	-2.0
3439.0	-2.0
3824.0	-2.0
2189.0	-2.0
2908.0	-2.0
2116.0	-2.0
1992.0	-2.0
1738.0	-2.0
669.0	-2.0
967.0	-2.0
287.0	-2.0
157.0	-2.0
3363.0	-2.0
3069.0	-2.0
1672.0	-2.0
2206.0	-2.0
870.0	-2.0
279.0	-2.0
1052.0	-2.0
1608.0	-2.0
2857.0	-2.0
595.0	-2.0
236.0	-2.0
3008.0	-2.0
645.0	-2.0
1457.0	-2.0
2230.0	-2.0
1261.0	-2.0
2651.0	-2.0
333.0	-2.0
2500.0	-2.0
1744.0	-2.0
3306.0	-2.0
3353.0	-2.0
1464.0	-2.0
2880.0	-2.0
95.0	-2.0
558.0	-2.0
1482.0	-2.0
4486.0	-2.0
2648.0	-2.0
4137.0	-2.0
133.0	-2.0
2493.0	-2.0
2128.0	-2.0
1104.0	-2.0
921.0	-2.0
3572.0	-2.0
1370.0	-2.0
365.0	-2.0
757.0	-2.0
2782.0	-2.0
112.0	-2.0
1591.0	-2.0
635.0	-2.0
1785.0	-2.0
2681.0	-2.0
3072.0	-2.0
2056.0	-2.0
415.0	-2.0
259.0	-2.0
1575.0	-2.0
379.0	-2.0
2258.0	-2.0
605.0	-2.0
1286.0	-2.0
1035.0	-2.0
1493.0	-2.0
2248.0	-2.0
3530.0	-2.0
20.0	-2.0
936.0	-2.0
3559.0	-2.0
2232.0	-2.0
2194.0	-2.0
1653.0	-2.0
1729.0	-2.0
608.0	-2.0
2585.0	-2.0
3713.0	-2.0
1444.0	-2.0
2701.0	-2.0
200.0	-2.0
378.0	-2.0
3254.0	-2.0
1673.0	-2.0
57.0	-2.0
1323.0	-2.0
683.0	-2.0
3012.0	-2.0
623.0	-2.0
2644.0	-2.0
761.0	-2.0
2570.0	-2.0
2822.0	-2.0
1513.0	-2.0
2487.0	-2.0
858.0	-2.0
806.0	-2.0
1369.0	-2.0
2669.0	-2.0
3073.0	-2.0
3142.0	-2.0
3080.0	-2.0
3485.0	-2.0
1120.0	-2.0
2329.0	-2.0
3970.0	-2.0
1927.0	-2.0
1095.0	-2.0
2114.0	-2.0
587.0	-2.0
504.0	-2.0
2639.0	-2.0
812.0	-2.0
2981.0	-2.0
2751.0	-2.0
1327.0	-2.0
1191.0	-2.0
3993.0	-2.0
696.0	-2.0
718.0	-2.0
610.0	-3.0
2606.0	-3.0
207.0	-3.0
2105.0	-3.0
1995.0	-3.0
1488.0	-3.0
1389.0	-3.0
3274.0	-3.0
2591.0	-3.0
1503.0	-3.0
2586.0	-3.0
4471.0	-3.0
1780.0	-3.0
1467.0	-3.0
2405.0	-3.0
2131.0	-3.0
2920.0	-3.0
2794.0	-3.0
2048.0	-3.0
4816.0	-3.0
2254.0	-3.0
4407.0	-3.0
1822.0	-3.0
2355.0	-3.0
1601.0	-3.0
4370.0	-3.0
4712.0	-3.0
771.0	-3.0
1298.0	-3.0
934.0	-3.0
2051.0	-3.0
3394.0	-3.0
2548.0	-3.0
4808.0	-3.0
1706.0	-3.0
2344.0	-3.0
1850.0	-3.0
1391.0	-3.0
148.0	-3.0
3390.0	-3.0
4404.0	-3.0
2719.0	-3.0
2425.0	-3.0
1485.0	-3.0
2303.0	-3.0
1239.0	-3.0
3206.0	-3.0
2552.0	-3.0
409.0	-3.0
976.0	-3.0
3059.0	-3.0
4502.0	-3.0
676.0	-3.0
912.0	-3.0
172.0	-3.0
2638.0	-3.0
2227.0	-3.0
1977.0	-3.0
2525.0	-3.0
2166.0	-3.0
3432.0	-3.0
3189.0	-3.0
2707.0	-3.0
2339.0	-3.0
833.0	-3.0
413.0	-3.0
2101.0	-3.0
2079.0	-3.0
2914.0	-3.0
2674.0	-3.0
3620.0	-3.0
2619.0	-3.0
2731.0	-3.0
573.0	-3.0
520.0	-3.0
2245.0	-3.0
1086.0	-3.0
2310.0	-3.0
1718.0	-3.0
4804.0	-3.0
2156.0	-3.0
754.0	-3.0
2286.0	-3.0
169.0	-3.0
3290.0	-3.0
480.0	-3.0
2728.0	-3.0
3754.0	-3.0
1308.0	-3.0
2098.0	-3.0
1349.0	-3.0
2859.0	-3.0
1937.0	-3.0
1443.0	-3.0
1661.0	-3.0
3488.0	-3.0
2179.0	-3.0
1420.0	-3.0
2946.0	-3.0
3634.0	-3.0
1499.0	-3.0
1865.0	-3.0
1127.0	-3.0
3837.0	-3.0
3810.0	-3.0
298.0	-3.0
1685.0	-3.0
1629.0	-3.0
1056.0	-3.0
1539.0	-3.0
492.0	-3.0
1163.0	-3.0
1180.0	-3.0
839.0	-3.0
1057.0	-3.0
1065.0	-3.0
743.0	-3.0
922.0	-3.0
134.0	-3.0
933.0	-3.0
410.0	-3.0
656.0	-3.0
155.0	-3.0
111.0	-3.0
980.0	-3.0
1089.0	-3.0
1656.0	-3.0
819.0	-3.0
615.0	-3.0
1042.0	-3.0
509.0	-3.0
144.0	-3.0
191.0	-3.0
756.0	-3.0
1702.0	-3.0
529.0	-3.0
565.0	-3.0
343.0	-3.0
101.0	-3.0
1523.0	-3.0
943.0	-3.0
1644.0	-3.0
969.0	-3.0
1026.0	-3.0
784.0	-3.0
1989.0	-3.0
791.0	-3.0
531.0	-3.0
1067.0	-3.0
273.0	-3.0
872.0	-3.0
508.0	-3.0
241.0	-3.0
760.0	-3.0
308.0	-3.0
1203.0	-3.0
1273.0	-3.0
469.0	-3.0
1834.0	-3.0
330.0	-3.0
360.0	-3.0
222.0	-3.0
1866.0	-3.0
6017.0	-3.0
1011.0	-3.0
1827.0	-3.0
501.0	-3.0
4544.0	-3.0
2431.0	-3.0
2342.0	-3.0
1531.0	-3.0
232.0	-3.0
3399.0	-3.0
2952.0	-3.0
3696.0	-3.0
4302.0	-3.0
769.0	-3.0
3376.0	-3.0
4724.0	-3.0
723.0	-3.0
1994.0	-3.0
3895.0	-3.0
271.0	-3.0
2532.0	-3.0
3024.0	-3.0
1979.0	-3.0
202.0	-3.0
3725.0	-3.0
2416.0	-3.0
1946.0	-3.0
2224.0	-3.0
301.0	-3.0
1121.0	-3.0
398.0	-3.0
561.0	-3.0
862.0	-3.0
2613.0	-3.0
312.0	-3.0
1143.0	-3.0
1137.0	-3.0
60.0	-3.0
68.0	-3.0
1289.0	-3.0
2187.0	-3.0
178.0	-3.0
1221.0	-3.0
1012.0	-3.0
40.0	-3.0
30.0	-3.0
2985.0	-3.0
276.0	-3.0
2403.0	-3.0
3085.0	-3.0
2046.0	-3.0
2957.0	-3.0
890.0	-4.0
2544.0	-4.0
1640.0	-4.0
1658.0	-4.0
578.0	-4.0
1498.0	-4.0
2475.0	-4.0
1899.0	-4.0
1093.0	-4.0
1894.0	-4.0
2054.0	-4.0
1828.0	-4.0
1155.0	-4.0
286.0	-4.0
346.0	-4.0
1288.0	-4.0
46.0	-4.0
290.0	-4.0
72.0	-4.0
1880.0	-4.0
1430.0	-4.0
261.0	-4.0
621.0	-4.0
3270.0	-4.0
1112.0	-4.0
1458.0	-4.0
2777.0	-4.0
3060.0	-4.0
2089.0	-4.0
3055.0	-4.0
1561.0	-4.0
1807.0	-4.0
3004.0	-4.0
822.0	-4.0
682.0	-4.0
545.0	-4.0
843.0	-4.0
1045.0	-4.0
2356.0	-4.0
1495.0	-4.0
454.0	-4.0
744.0	-4.0
1321.0	-4.0
555.0	-4.0
550.0	-4.0
692.0	-4.0
1010.0	-4.0
186.0	-4.0
1291.0	-4.0
924.0	-4.0
384.0	-4.0
1223.0	-4.0
305.0	-4.0
210.0	-4.0
34.0	-4.0
926.0	-4.0
264.0	-4.0
2010.0	-4.0
866.0	-4.0
1709.0	-4.0
319.0	-4.0
1934.0	-4.0
426.0	-4.0
1209.0	-4.0
982.0	-4.0
818.0	-4.0
109.0	-4.0
837.0	-4.0
1278.0	-4.0
855.0	-4.0
249.0	-4.0
680.0	-4.0
92.0	-4.0
339.0	-4.0
392.0	-4.0
789.0	-4.0
184.0	-4.0
195.0	-4.0
1109.0	-4.0
275.0	-4.0
2372.0	-4.0
2205.0	-4.0
1614.0	-4.0
1388.0	-4.0
1571.0	-4.0
1762.0	-4.0
3347.0	-4.0
2559.0	-4.0
474.0	-4.0
1243.0	-4.0
829.0	-4.0
640.0	-4.0
871.0	-4.0
361.0	-4.0
324.0	-4.0
2642.0	-4.0
1698.0	-4.0
1654.0	-4.0
1406.0	-4.0
1548.0	-4.0
2231.0	-4.0
1649.0	-4.0
338.0	-4.0
1999.0	-4.0
1916.0	-4.0
2413.0	-4.0
192.0	-4.0
1610.0	-4.0
2084.0	-4.0
1416.0	-4.0
792.0	-4.0
537.0	-4.0
703.0	-4.0
1456.0	-4.0
3588.0	-4.0
2836.0	-4.0
2058.0	-4.0
541.0	-4.0
798.0	-4.0
1027.0	-4.0
1360.0	-4.0
494.0	-4.0
1212.0	-4.0
1400.0	-4.0
570.0	-4.0
1536.0	-4.0
1433.0	-4.0
1285.0	-4.0
3269.0	-4.0
1746.0	-4.0
913.0	-4.0
1532.0	-4.0
1384.0	-4.0
675.0	-4.0
439.0	-4.0
1455.0	-4.0
401.0	-4.0
2696.0	-4.0
2061.0	-4.0
247.0	-4.0
477.0	-4.0
348.0	-4.0
2193.0	-4.0
2618.0	-4.0
3305.0	-4.0
257.0	-4.0
1920.0	-4.0
1918.0	-4.0
3077.0	-4.0
2468.0	-4.0
2440.0	-4.0
299.0	-4.0
405.0	-4.0
828.0	-4.0
1778.0	-4.0
2087.0	-4.0
2690.0	-4.0
1522.0	-4.0
2002.0	-4.0
1985.0	-4.0
622.0	-4.0
900.0	-5.0
211.0	-5.0
124.0	-5.0
117.0	-5.0
1236.0	-5.0
472.0	-5.0
910.0	-5.0
686.0	-5.0
600.0	-5.0
395.0	-5.0
887.0	-5.0
657.0	-5.0
1213.0	-5.0
52.0	-5.0
1971.0	-5.0
215.0	-5.0
1074.0	-5.0
423.0	-5.0
237.0	-5.0
22.0	-5.0
385.0	-5.0
1302.0	-5.0
515.0	-5.0
1710.0	-5.0
337.0	-5.0
226.0	-5.0
1023.0	-5.0
1229.0	-5.0
373.0	-5.0
611.0	-5.0
1509.0	-5.0
892.0	-5.0
460.0	-5.0
2083.0	-5.0
1517.0	-5.0
1459.0	-5.0
2052.0	-5.0
2947.0	-5.0
1066.0	-5.0
1081.0	-5.0
411.0	-5.0
1303.0	-5.0
1398.0	-5.0
2708.0	-5.0
1165.0	-5.0
310.0	-5.0
1688.0	-5.0
2939.0	-5.0
486.0	-5.0
938.0	-5.0
2045.0	-5.0
885.0	-5.0
1547.0	-5.0
1570.0	-5.0
1490.0	-5.0
741.0	-5.0
2249.0	-5.0
1563.0	-5.0
1518.0	-5.0
1951.0	-5.0
1237.0	-5.0
956.0	-5.0
3315.0	-5.0
2124.0	-5.0
1003.0	-5.0
2399.0	-5.0
1500.0	-5.0
2631.0	-5.0
745.0	-5.0
490.0	-5.0
1715.0	-5.0
1439.0	-5.0
1047.0	-5.0
3003.0	-5.0
1473.0	-5.0
1790.0	-5.0
2163.0	-5.0
129.0	-5.0
1887.0	-5.0
2829.0	-5.0
1516.0	-5.0
467.0	-5.0
2172.0	-5.0
1711.0	-5.0
1743.0	-5.0
362.0	-5.0
1773.0	-5.0
1555.0	-5.0
99.0	-5.0
1818.0	-5.0
667.0	-5.0
868.0	-5.0
1025.0	-5.0
1380.0	-5.0
1366.0	-5.0
2036.0	-5.0
355.0	-5.0
1146.0	-5.0
1603.0	-5.0
309.0	-5.0
1627.0	-5.0
2260.0	-5.0
1383.0	-5.0
3864.0	-5.0
41.0	-6.0
35.0	-6.0
677.0	-6.0
96.0	-6.0
292.0	-6.0
15.0	-6.0
284.0	-6.0
878.0	-6.0
285.0	-6.0
113.0	-6.0
1497.0	-6.0
1374.0	-6.0
825.0	-6.0
1145.0	-6.0
1923.0	-6.0
1159.0	-6.0
644.0	-6.0
206.0	-6.0
1904.0	-6.0
525.0	-6.0
341.0	-6.0
1393.0	-6.0
306.0	-6.0
1427.0	-6.0
1476.0	-6.0
1760.0	-6.0
3304.0	-6.0
1745.0	-6.0
1330.0	-6.0
1215.0	-6.0
1079.0	-6.0
128.0	-6.0
521.0	-6.0
571.0	-6.0
734.0	-6.0
131.0	-6.0
1613.0	-6.0
581.0	-6.0
782.0	-6.0
2042.0	-6.0
579.0	-6.0
1178.0	-6.0
4476.0	-6.0
643.0	-6.0
582.0	-6.0
1141.0	-6.0
1508.0	-6.0
455.0	-6.0
569.0	-6.0
2389.0	-6.0
1426.0	-6.0
149.0	-6.0
1428.0	-6.0
857.0	-6.0
1245.0	-6.0
553.0	-6.0
971.0	-6.0
1015.0	-6.0
288.0	-7.0
1168.0	-7.0
304.0	-7.0
766.0	-7.0
1484.0	-7.0
1283.0	-7.0
272.0	-7.0
1502.0	-7.0
1465.0	-7.0
773.0	-7.0
1153.0	-7.0
1196.0	-7.0
527.0	-7.0
927.0	-7.0
689.0	-7.0
1701.0	-7.0
253.0	-7.0
928.0	-7.0
225.0	-7.0
218.0	-7.0
108.0	-7.0
2429.0	-7.0
884.0	-7.0
702.0	-7.0
2401.0	-7.0
1084.0	-7.0
31.0	-7.0
1171.0	-7.0
694.0	-7.0
219.0	-7.0
629.0	-7.0
512.0	-7.0
1838.0	-7.0
1387.0	-7.0
23.0	-7.0
1480.0	-7.0
1108.0	-7.0
1055.0	-7.0
2337.0	-7.0
572.0	-7.0
1073.0	-7.0
412.0	-8.0
323.0	-8.0
130.0	-8.0
70.0	-8.0
214.0	-8.0
1569.0	-8.0
904.0	-8.0
147.0	-8.0
889.0	-8.0
1128.0	-8.0
1358.0	-8.0
915.0	-8.0
1651.0	-8.0
1351.0	-8.0
297.0	-8.0
896.0	-8.0
135.0	-8.0
1932.0	-8.0
482.0	-8.0
1792.0	-8.0
189.0	-8.0
1004.0	-9.0
193.0	-9.0
27.0	-9.0
800.0	-9.0
1770.0	-9.0
1372.0	-9.0
893.0	-9.0
64.0	-9.0
54.0	-9.0
76.0	-9.0
256.0	-9.0
1350.0	-9.0
347.0	-9.0
592.0	-9.0
533.0	-10.0
421.0	-10.0
12.0	-10.0
1206.0	-10.0
11.0	-10.0
24.0	-10.0
36.0	-10.0
110.0	-10.0
1884.0	-10.0
1543.0	-10.0
727.0	-10.0
1257.0	-10.0
233.0	-10.0
441.0	-10.0
28.0	-11.0
568.0	-11.0
179.0	-11.0
93.0	-11.0
39.0	-11.0
78.0	-12.0
740.0	-12.0
81.0	-12.0
67.0	-12.0
1714.0	-12.0
21.0	-12.0
198.0	-13.0
32.0	-14.0
19.0	-15.0
87.0	-15.0
185.0	-15.0
33.0	-16.0
18.0	-18.0
