Value	Count
13.0	37
12.0	37
36.0	29
97.0	27
33.0	27
35.0	25
47.0	25
30.0	24
18.0	24
258.0	22
24.0	21
141.0	21
726.0	21
27.0	21
99.0	20
28.0	20
34.0	20
15.0	20
41.0	20
63.0	20
94.0	20
39.0	20
87.0	19
37.0	19
68.0	19
40.0	19
25.0	19
51.0	19
21.0	18
551.0	18
511.0	18
31.0	18
259.0	17
453.0	17
626.0	17
9.0	17
64.0	17
11.0	17
549.0	17
43.0	17
110.0	17
19.0	16
45.0	16
108.0	16
96.0	16
66.0	16
79.0	16
52.0	16
44.0	16
915.0	16
313.0	16
114.0	16
177.0	16
103.0	16
185.0	16
192.0	15
72.0	15
1007.0	15
600.0	15
82.0	15
32.0	15
837.0	15
42.0	15
56.0	15
14.0	15
73.0	14
486.0	14
286.0	14
335.0	14
451.0	14
497.0	14
62.0	14
198.0	14
716.0	14
184.0	14
1105.0	14
781.0	14
267.0	13
100.0	13
16.0	13
57.0	13
55.0	13
212.0	13
172.0	13
50.0	13
161.0	13
54.0	13
144.0	13
69.0	13
307.0	13
200.0	13
279.0	13
350.0	13
228.0	13
354.0	13
123.0	13
181.0	12
733.0	12
1569.0	12
180.0	12
231.0	12
339.0	12
238.0	12
132.0	12
127.0	12
109.0	12
159.0	12
152.0	12
349.0	12
65.0	12
81.0	12
140.0	12
299.0	12
351.0	12
106.0	12
831.0	12
116.0	12
1942.0	12
134.0	12
71.0	12
1469.0	12
431.0	11
525.0	11
194.0	11
1690.0	11
660.0	11
524.0	11
374.0	11
329.0	11
1367.0	11
378.0	11
242.0	11
1779.0	11
468.0	11
410.0	11
314.0	11
853.0	11
537.0	11
810.0	11
91.0	11
859.0	11
235.0	11
1155.0	11
247.0	11
992.0	11
634.0	11
317.0	11
122.0	11
633.0	11
357.0	11
70.0	11
721.0	11
475.0	11
59.0	11
892.0	11
487.0	11
121.0	11
918.0	11
203.0	11
328.0	11
93.0	11
428.0	11
284.0	10
901.0	10
77.0	10
798.0	10
182.0	10
1515.0	10
1011.0	10
664.0	10
509.0	10
674.0	10
89.0	10
46.0	10
520.0	10
544.0	10
58.0	10
806.0	10
474.0	10
263.0	10
877.0	10
623.0	10
157.0	10
1838.0	10
191.0	10
1225.0	10
120.0	10
903.0	10
729.0	10
220.0	10
980.0	10
484.0	10
207.0	10
1860.0	10
20.0	10
1094.0	10
1484.0	10
154.0	10
2481.0	10
112.0	10
677.0	10
197.0	10
933.0	10
124.0	10
285.0	10
536.0	10
367.0	10
151.0	10
326.0	10
332.0	9
1589.0	9
742.0	9
861.0	9
715.0	9
1689.0	9
248.0	9
528.0	9
450.0	9
1297.0	9
149.0	9
1505.0	9
421.0	9
204.0	9
900.0	9
620.0	9
139.0	9
415.0	9
842.0	9
383.0	9
545.0	9
693.0	9
188.0	9
138.0	9
342.0	9
1870.0	9
356.0	9
560.0	9
168.0	9
223.0	9
930.0	9
74.0	9
1373.0	9
53.0	9
749.0	9
636.0	9
8.0	9
393.0	9
391.0	9
911.0	9
479.0	9
1031.0	9
119.0	9
932.0	9
17.0	9
580.0	9
49.0	9
514.0	9
945.0	9
310.0	9
86.0	9
539.0	9
1465.0	9
865.0	9
471.0	9
1640.0	9
1123.0	9
999.0	9
10.0	9
1371.0	9
1368.0	9
145.0	9
1114.0	9
174.0	9
136.0	9
276.0	9
38.0	9
760.0	9
1224.0	9
825.0	9
1112.0	9
675.0	9
779.0	9
1286.0	9
282.0	9
377.0	9
153.0	9
645.0	9
281.0	9
775.0	9
1065.0	9
1131.0	9
1331.0	9
196.0	9
338.0	9
1866.0	9
29.0	9
1235.0	9
1098.0	8
844.0	8
272.0	8
563.0	8
1774.0	8
346.0	8
947.0	8
541.0	8
420.0	8
690.0	8
1434.0	8
709.0	8
952.0	8
84.0	8
1762.0	8
291.0	8
1808.0	8
547.0	8
985.0	8
217.0	8
222.0	8
1448.0	8
236.0	8
75.0	8
924.0	8
1608.0	8
1879.0	8
724.0	8
1513.0	8
80.0	8
343.0	8
553.0	8
129.0	8
822.0	8
855.0	8
976.0	8
376.0	8
464.0	8
529.0	8
1287.0	8
239.0	8
953.0	8
95.0	8
505.0	8
300.0	8
527.0	8
889.0	8
907.0	8
166.0	8
293.0	8
262.0	8
115.0	8
764.0	8
1686.0	8
1021.0	8
3754.0	8
868.0	8
2003.0	8
315.0	8
1109.0	8
292.0	8
1125.0	8
409.0	8
2269.0	8
1158.0	8
570.0	8
1613.0	8
731.0	8
1792.0	8
1013.0	8
836.0	8
1289.0	8
60.0	8
1247.0	8
249.0	8
2411.0	8
465.0	8
928.0	8
925.0	8
150.0	8
359.0	8
88.0	8
1349.0	8
255.0	8
22.0	8
934.0	8
530.0	8
385.0	8
373.0	8
1126.0	8
490.0	8
429.0	8
1715.0	8
1397.0	8
711.0	8
533.0	8
3179.0	7
1061.0	7
1861.0	7
495.0	7
1463.0	7
2030.0	7
1588.0	7
923.0	7
362.0	7
1174.0	7
902.0	7
241.0	7
1343.0	7
478.0	7
1754.0	7
162.0	7
1647.0	7
264.0	7
48.0	7
26.0	7
535.0	7
390.0	7
1257.0	7
966.0	7
352.0	7
1337.0	7
2086.0	7
703.0	7
2222.0	7
1430.0	7
1427.0	7
658.0	7
512.0	7
869.0	7
213.0	7
158.0	7
1006.0	7
672.0	7
432.0	7
1919.0	7
1468.0	7
678.0	7
1202.0	7
890.0	7
400.0	7
381.0	7
1600.0	7
131.0	7
1124.0	7
1216.0	7
302.0	7
2246.0	7
1193.0	7
754.0	7
608.0	7
1325.0	7
2095.0	7
759.0	7
245.0	7
1291.0	7
577.0	7
723.0	7
333.0	7
1345.0	7
1672.0	7
2193.0	7
234.0	7
856.0	7
175.0	7
1737.0	7
375.0	7
1308.0	7
565.0	7
895.0	7
254.0	7
126.0	7
543.0	7
290.0	7
401.0	7
425.0	7
190.0	7
209.0	7
811.0	7
707.0	7
2216.0	7
90.0	7
1250.0	7
1037.0	7
1417.0	7
799.0	7
699.0	7
98.0	7
243.0	7
344.0	7
164.0	7
2225.0	7
599.0	7
1062.0	7
379.0	7
2282.0	7
406.0	7
969.0	7
1865.0	7
507.0	7
266.0	7
1622.0	7
954.0	7
1615.0	7
840.0	7
434.0	7
718.0	7
503.0	7
1181.0	7
219.0	7
732.0	7
470.0	7
820.0	7
221.0	7
226.0	7
251.0	7
886.0	7
325.0	7
1862.0	7
975.0	7
1230.0	7
561.0	7
201.0	7
917.0	7
638.0	7
3973.0	7
1551.0	6
872.0	6
397.0	6
815.0	6
111.0	6
604.0	6
1045.0	6
1567.0	6
312.0	6
1388.0	6
1350.0	6
706.0	6
502.0	6
522.0	6
863.0	6
297.0	6
922.0	6
438.0	6
1242.0	6
2362.0	6
92.0	6
1160.0	6
270.0	6
1041.0	6
1447.0	6
978.0	6
3763.0	6
3590.0	6
143.0	6
851.0	6
305.0	6
2114.0	6
867.0	6
1392.0	6
783.0	6
1005.0	6
846.0	6
692.0	6
78.0	6
178.0	6
2038.0	6
250.0	6
3654.0	6
688.0	6
447.0	6
573.0	6
301.0	6
596.0	6
408.0	6
1063.0	6
1817.0	6
914.0	6
443.0	6
860.0	6
340.0	6
1051.0	6
780.0	6
668.0	6
61.0	6
105.0	6
850.0	6
712.0	6
407.0	6
1883.0	6
1616.0	6
582.0	6
1004.0	6
616.0	6
137.0	6
128.0	6
183.0	6
575.0	6
261.0	6
1042.0	6
1708.0	6
1106.0	6
1421.0	6
167.0	6
2661.0	6
2926.0	6
304.0	6
360.0	6
1631.0	6
454.0	6
1138.0	6
789.0	6
1787.0	6
2237.0	6
728.0	6
387.0	6
2072.0	6
440.0	6
942.0	6
435.0	6
648.0	6
365.0	6
23.0	6
117.0	6
2443.0	6
1084.0	6
1510.0	6
345.0	6
2991.0	6
652.0	6
1632.0	6
534.0	6
2111.0	6
392.0	6
205.0	6
1500.0	6
227.0	6
363.0	6
83.0	6
936.0	6
1064.0	6
1564.0	6
186.0	6
1872.0	6
730.0	6
649.0	6
257.0	6
2236.0	6
1379.0	6
719.0	6
206.0	6
1655.0	6
179.0	6
1263.0	6
2253.0	6
1489.0	6
331.0	6
306.0	6
1741.0	6
1260.0	6
4600.0	6
650.0	6
756.0	6
920.0	6
579.0	6
1744.0	6
294.0	6
1066.0	6
882.0	6
1088.0	6
1701.0	5
521.0	5
1440.0	5
1090.0	5
288.0	5
870.0	5
2330.0	5
950.0	5
466.0	5
663.0	5
542.0	5
1025.0	5
1951.0	5
679.0	5
2060.0	5
931.0	5
977.0	5
458.0	5
888.0	5
792.0	5
1822.0	5
571.0	5
3180.0	5
996.0	5
2243.0	5
1723.0	5
2384.0	5
1598.0	5
2368.0	5
722.0	5
1446.0	5
554.0	5
399.0	5
819.0	5
430.0	5
809.0	5
3399.0	5
1275.0	5
957.0	5
725.0	5
2826.0	5
1867.0	5
459.0	5
1516.0	5
1117.0	5
2482.0	5
147.0	5
2206.0	5
876.0	5
318.0	5
492.0	5
637.0	5
1227.0	5
1555.0	5
268.0	5
2839.0	5
427.0	5
327.0	5
1519.0	5
1338.0	5
169.0	5
2608.0	5
2198.0	5
881.0	5
1937.0	5
2102.0	5
2409.0	5
1987.0	5
821.0	5
3634.0	5
460.0	5
1244.0	5
2469.0	5
1340.0	5
416.0	5
1028.0	5
2418.0	5
1579.0	5
1487.0	5
734.0	5
1333.0	5
1161.0	5
1305.0	5
2778.0	5
347.0	5
550.0	5
2210.0	5
1069.0	5
2402.0	5
1237.0	5
170.0	5
2000.0	5
2371.0	5
2994.0	5
1319.0	5
1243.0	5
1911.0	5
485.0	5
1599.0	5
2207.0	5
621.0	5
926.0	5
1217.0	5
1769.0	5
944.0	5
694.0	5
1210.0	5
2541.0	5
753.0	5
1773.0	5
1012.0	5
835.0	5
1132.0	5
1137.0	5
593.0	5
1192.0	5
371.0	5
404.0	5
1075.0	5
1470.0	5
2131.0	5
788.0	5
386.0	5
1645.0	5
142.0	5
320.0	5
1857.0	5
1074.0	5
1156.0	5
916.0	5
2777.0	5
1871.0	5
1523.0	5
2172.0	5
215.0	5
2529.0	5
1093.0	5
2262.0	5
1806.0	5
1971.0	5
2142.0	5
1550.0	5
1527.0	5
1719.0	5
824.0	5
441.0	5
1481.0	5
269.0	5
2329.0	5
1190.0	5
3401.0	5
531.0	5
1499.0	5
361.0	5
1474.0	5
2160.0	5
1873.0	5
1638.0	5
1482.0	5
1402.0	5
829.0	5
817.0	5
1142.0	5
586.0	5
578.0	5
951.0	5
538.0	5
691.0	5
1648.0	5
1033.0	5
1436.0	5
812.0	5
260.0	5
171.0	5
1080.0	5
133.0	5
3300.0	5
1408.0	5
1102.0	5
2323.0	5
2544.0	5
2364.0	5
1473.0	5
1439.0	5
1450.0	5
402.0	5
2542.0	5
516.0	5
1642.0	5
1650.0	5
1554.0	5
1269.0	5
1593.0	5
1983.0	5
1726.0	5
1611.0	5
1101.0	5
3291.0	5
1681.0	5
1052.0	5
1734.0	5
418.0	5
2383.0	5
337.0	5
176.0	5
1290.0	5
394.0	5
1675.0	5
1433.0	5
739.0	5
1472.0	5
1292.0	5
1435.0	5
218.0	5
1347.0	5
411.0	5
1718.0	5
208.0	5
765.0	4
1360.0	4
1940.0	4
1236.0	4
2504.0	4
316.0	4
436.0	4
1518.0	4
1801.0	4
125.0	4
1072.0	4
233.0	4
2073.0	4
488.0	4
2525.0	4
308.0	4
419.0	4
230.0	4
2599.0	4
615.0	4
1267.0	4
341.0	4
395.0	4
2861.0	4
1182.0	4
1280.0	4
1116.0	4
1786.0	4
622.0	4
2867.0	4
1170.0	4
3244.0	4
104.0	4
1790.0	4
1050.0	4
2817.0	4
1517.0	4
970.0	4
389.0	4
1888.0	4
1834.0	4
1213.0	4
1239.0	4
480.0	4
587.0	4
702.0	4
412.0	4
1240.0	4
2959.0	4
1568.0	4
3043.0	4
804.0	4
1692.0	4
2365.0	4
640.0	4
1572.0	4
442.0	4
1085.0	4
1381.0	4
1461.0	4
964.0	4
2119.0	4
2989.0	4
540.0	4
1576.0	4
1180.0	4
595.0	4
1023.0	4
2561.0	4
1537.0	4
467.0	4
1143.0	4
148.0	4
3145.0	4
717.0	4
1478.0	4
1134.0	4
1229.0	4
146.0	4
1660.0	4
1195.0	4
1135.0	4
1688.0	4
1548.0	4
857.0	4
1056.0	4
211.0	4
3823.0	4
2659.0	4
786.0	4
700.0	4
849.0	4
784.0	4
1348.0	4
609.0	4
482.0	4
2336.0	4
808.0	4
2756.0	4
1982.0	4
396.0	4
1342.0	4
681.0	4
1492.0	4
657.0	4
2052.0	4
3699.0	4
1026.0	4
2396.0	4
1015.0	4
1810.0	4
199.0	4
1685.0	4
3594.0	4
2132.0	4
993.0	4
713.0	4
1644.0	4
2083.0	4
2263.0	4
2548.0	4
324.0	4
330.0	4
246.0	4
1488.0	4
680.0	4
2446.0	4
751.0	4
1082.0	4
3411.0	4
1793.0	4
2167.0	4
1424.0	4
2487.0	4
3715.0	4
1609.0	4
504.0	4
1549.0	4
1022.0	4
3115.0	4
1081.0	4
1902.0	4
1853.0	4
676.0	4
214.0	4
515.0	4
463.0	4
3074.0	4
965.0	4
1881.0	4
1824.0	4
768.0	4
750.0	4
1073.0	4
1187.0	4
2148.0	4
518.0	4
1068.0	4
1491.0	4
2610.0	4
612.0	4
769.0	4
1839.0	4
2424.0	4
1556.0	4
1944.0	4
588.0	4
1904.0	4
1024.0	4
1674.0	4
319.0	4
1634.0	4
959.0	4
1818.0	4
2613.0	4
1578.0	4
3107.0	4
1270.0	4
1886.0	4
1262.0	4
1010.0	4
1534.0	4
955.0	4
2315.0	4
1485.0	4
683.0	4
2643.0	4
606.0	4
173.0	4
517.0	4
1976.0	4
790.0	4
2159.0	4
1151.0	4
2230.0	4
589.0	4
2087.0	4
631.0	4
372.0	4
741.0	4
1284.0	4
500.0	4
1592.0	4
556.0	4
1662.0	4
101.0	4
1122.0	4
130.0	4
1356.0	4
1669.0	4
437.0	4
644.0	4
1219.0	4
807.0	4
662.0	4
2825.0	4
1738.0	4
1208.0	4
801.0	4
569.0	4
4278.0	4
1514.0	4
1412.0	4
2791.0	4
1209.0	4
2442.0	4
2966.0	4
1880.0	4
1139.0	4
1532.0	4
1277.0	4
2500.0	4
414.0	4
216.0	4
1312.0	4
1453.0	4
1029.0	4
2484.0	4
1386.0	4
449.0	4
2184.0	4
2472.0	4
1416.0	4
2450.0	4
1745.0	4
2884.0	4
1313.0	4
1856.0	4
1086.0	4
3659.0	4
2162.0	4
202.0	4
1107.0	4
646.0	4
1315.0	4
1581.0	4
1778.0	4
2438.0	4
102.0	4
2618.0	4
2158.0	4
1970.0	4
1819.0	4
424.0	4
1411.0	4
891.0	4
273.0	4
1646.0	4
2305.0	4
135.0	4
946.0	4
1175.0	4
2032.0	4
755.0	4
653.0	4
607.0	4
1998.0	4
874.0	4
6524.0	3
2909.0	3
1684.0	3
2291.0	3
1612.0	3
1027.0	3
2235.0	3
1281.0	3
4206.0	3
2876.0	3
1941.0	3
1328.0	3
2440.0	3
1057.0	3
1687.0	3
2108.0	3
2719.0	3
1758.0	3
2191.0	3
1479.0	3
3132.0	3
1800.0	3
1673.0	3
2532.0	3
2453.0	3
1276.0	3
2480.0	3
1968.0	3
3318.0	3
2601.0	3
2209.0	3
3957.0	3
1394.0	3
782.0	3
1697.0	3
1595.0	3
278.0	3
1528.0	3
2423.0	3
489.0	3
240.0	3
1173.0	3
336.0	3
2211.0	3
5604.0	3
921.0	3
3555.0	3
592.0	3
1561.0	3
2025.0	3
629.0	3
1584.0	3
3384.0	3
1729.0	3
1656.0	3
1211.0	3
3154.0	3
1303.0	3
3986.0	3
1743.0	3
2797.0	3
2013.0	3
1575.0	3
2196.0	3
417.0	3
929.0	3
1019.0	3
1961.0	3
3746.0	3
1826.0	3
3608.0	3
1354.0	3
1777.0	3
832.0	3
2852.0	3
2537.0	3
2241.0	3
1311.0	3
5236.0	3
2686.0	3
1958.0	3
2312.0	3
2308.0	3
1409.0	3
3081.0	3
494.0	3
1044.0	3
1133.0	3
1223.0	3
3668.0	3
1756.0	3
2885.0	3
1935.0	3
884.0	3
3493.0	3
1067.0	3
1495.0	3
555.0	3
2939.0	3
4287.0	3
1096.0	3
5314.0	3
1159.0	3
3069.0	3
2220.0	3
2208.0	3
1020.0	3
2005.0	3
1963.0	3
2517.0	3
939.0	3
2784.0	3
2027.0	3
2117.0	3
3049.0	3
1844.0	3
1833.0	3
2486.0	3
275.0	3
2065.0	3
1014.0	3
4854.0	3
1278.0	3
1803.0	3
665.0	3
1233.0	3
758.0	3
3440.0	3
973.0	3
3491.0	3
1896.0	3
971.0	3
4981.0	3
938.0	3
1127.0	3
862.0	3
1840.0	3
2855.0	3
1854.0	3
2728.0	3
3285.0	3
1376.0	3
1215.0	3
2407.0	3
1380.0	3
4555.0	3
4896.0	3
1750.0	3
1957.0	3
405.0	3
2120.0	3
1298.0	3
3626.0	3
2711.0	3
2488.0	3
787.0	3
791.0	3
708.0	3
2848.0	3
1147.0	3
3243.0	3
2431.0	3
3880.0	3
3353.0	3
858.0	3
2479.0	3
2498.0	3
1577.0	3
322.0	3
3207.0	3
583.0	3
989.0	3
1401.0	3
1988.0	3
1083.0	3
982.0	3
2105.0	3
2780.0	3
2379.0	3
899.0	3
1876.0	3
2113.0	3
2454.0	3
2400.0	3
2041.0	3
659.0	3
1552.0	3
656.0	3
244.0	3
2350.0	3
287.0	3
1100.0	3
274.0	3
3328.0	3
295.0	3
1183.0	3
2694.0	3
1809.0	3
548.0	3
1601.0	3
1621.0	3
2538.0	3
3883.0	3
991.0	3
3388.0	3
1458.0	3
2664.0	3
1560.0	3
2344.0	3
1150.0	3
2607.0	3
1912.0	3
909.0	3
353.0	3
2325.0	3
3828.0	3
655.0	3
2934.0	3
2318.0	3
311.0	3
2106.0	3
3760.0	3
972.0	3
581.0	3
2823.0	3
366.0	3
2795.0	3
2238.0	3
1831.0	3
3902.0	3
1497.0	3
1522.0	3
2029.0	3
506.0	3
1307.0	3
3541.0	3
3048.0	3
1676.0	3
1228.0	3
1268.0	3
2712.0	3
797.0	3
2097.0	3
2514.0	3
1897.0	3
1984.0	3
1545.0	3
1419.0	3
2115.0	3
552.0	3
2176.0	3
1538.0	3
4095.0	3
1241.0	3
2527.0	3
961.0	3
1929.0	3
9198.0	3
1825.0	3
1791.0	3
1191.0	3
1658.0	3
2682.0	3
654.0	3
3227.0	3
1146.0	3
1378.0	3
1893.0	3
981.0	3
841.0	3
3120.0	3
2577.0	3
1794.0	3
1974.0	3
2267.0	3
3928.0	3
1451.0	3
2731.0	3
1406.0	3
1889.0	3
1512.0	3
1092.0	3
1520.0	3
1445.0	3
1271.0	3
1294.0	3
2818.0	3
1047.0	3
2495.0	3
2863.0	3
1828.0	3
1154.0	3
627.0	3
3360.0	3
3663.0	3
2761.0	3
1716.0	3
2152.0	3
5523.0	3
1162.0	3
476.0	3
2404.0	3
2626.0	3
2473.0	3
1606.0	3
2387.0	3
1772.0	3
617.0	3
225.0	3
2759.0	3
2530.0	3
1221.0	3
2036.0	3
382.0	3
3217.0	3
1832.0	3
1845.0	3
3662.0	3
2273.0	3
1691.0	3
4611.0	3
3974.0	3
2410.0	3
4322.0	3
1580.0	3
661.0	3
1335.0	3
1946.0	3
568.0	3
2426.0	3
697.0	3
422.0	3
2952.0	3
1330.0	3
1370.0	3
452.0	3
2833.0	3
1099.0	3
2650.0	3
107.0	3
156.0	3
1273.0	3
1700.0	3
446.0	3
3422.0	3
1830.0	3
848.0	3
1077.0	3
2702.0	3
834.0	3
1393.0	3
2785.0	3
2586.0	3
3276.0	3
642.0	3
76.0	3
1188.0	3
370.0	3
229.0	3
737.0	3
2793.0	3
2945.0	3
2620.0	3
2002.0	3
843.0	3
997.0	2
567.0	2
2376.0	2
1071.0	2
2969.0	2
4829.0	2
2058.0	2
1784.0	2
2533.0	2
3316.0	2
1851.0	2
1751.0	2
3907.0	2
743.0	2
4531.0	2
1352.0	2
67.0	2
823.0	2
1991.0	2
2820.0	2
3102.0	2
2845.0	2
6738.0	2
5880.0	2
3383.0	2
1868.0	2
2270.0	2
1704.0	2
2168.0	2
2892.0	2
2260.0	2
2128.0	2
3624.0	2
2629.0	2
682.0	2
2127.0	2
3158.0	2
1079.0	2
2188.0	2
4355.0	2
4702.0	2
2244.0	2
232.0	2
3772.0	2
4207.0	2
3655.0	2
3167.0	2
2751.0	2
1757.0	2
3667.0	2
1078.0	2
3759.0	2
1529.0	2
384.0	2
2039.0	2
2720.0	2
3040.0	2
2733.0	2
2140.0	2
355.0	2
3065.0	2
2813.0	2
3373.0	2
1332.0	2
491.0	2
2203.0	2
3456.0	2
2494.0	2
2093.0	2
1466.0	2
2912.0	2
2475.0	2
1176.0	2
1990.0	2
3597.0	2
3216.0	2
2069.0	2
298.0	2
1981.0	2
2726.0	2
187.0	2
4434.0	2
1955.0	2
4568.0	2
738.0	2
2449.0	2
894.0	2
155.0	2
3073.0	2
885.0	2
1252.0	2
1369.0	2
3496.0	2
1502.0	2
3163.0	2
2928.0	2
1540.0	2
4590.0	2
2758.0	2
1274.0	2
3968.0	2
523.0	2
1604.0	2
1443.0	2
3019.0	2
358.0	2
5317.0	2
237.0	2
1652.0	2
2812.0	2
3936.0	2
3346.0	2
1108.0	2
1720.0	2
2011.0	2
2520.0	2
1558.0	2
4377.0	2
1374.0	2
3211.0	2
3082.0	2
2227.0	2
1322.0	2
1246.0	2
3712.0	2
1553.0	2
1452.0	2
413.0	2
647.0	2
4063.0	2
2157.0	2
2049.0	2
1947.0	2
2175.0	2
2427.0	2
2019.0	2
2505.0	2
2781.0	2
1467.0	2
1414.0	2
1985.0	2
2254.0	2
3840.0	2
1324.0	2
958.0	2
3157.0	2
910.0	2
1829.0	2
1709.0	2
1293.0	2
740.0	2
2112.0	2
2428.0	2
462.0	2
1539.0	2
1384.0	2
2035.0	2
2560.0	2
2681.0	2
619.0	2
597.0	2
289.0	2
956.0	2
2228.0	2
2792.0	2
2445.0	2
696.0	2
2149.0	2
998.0	2
1455.0	2
793.0	2
1973.0	2
4701.0	2
1992.0	2
2830.0	2
3391.0	2
1682.0	2
3418.0	2
2660.0	2
2200.0	2
1425.0	2
1212.0	2
6.0	2
632.0	2
4371.0	2
5625.0	2
2085.0	2
2337.0	2
3598.0	2
2662.0	2
839.0	2
1659.0	2
5802.0	2
558.0	2
686.0	2
3027.0	2
3949.0	2
2598.0	2
3283.0	2
1770.0	2
2782.0	2
3705.0	2
3352.0	2
1733.0	2
6469.0	2
2521.0	2
2074.0	2
2028.0	2
1442.0	2
2212.0	2
1570.0	2
1989.0	2
1914.0	2
3469.0	2
1231.0	2
893.0	2
2146.0	2
1920.0	2
3062.0	2
3424.0	2
4388.0	2
1323.0	2
818.0	2
4656.0	2
598.0	2
802.0	2
1245.0	2
1164.0	2
3417.0	2
3255.0	2
2460.0	2
2870.0	2
1355.0	2
3135.0	2
988.0	2
1761.0	2
3722.0	2
2490.0	2
160.0	2
778.0	2
611.0	2
5051.0	2
1375.0	2
1636.0	2
2632.0	2
1070.0	2
1740.0	2
584.0	2
2302.0	2
283.0	2
2150.0	2
3876.0	2
772.0	2
2332.0	2
3817.0	2
1477.0	2
3140.0	2
628.0	2
590.0	2
641.0	2
3106.0	2
2566.0	2
3076.0	2
210.0	2
519.0	2
3573.0	2
727.0	2
5274.0	2
1907.0	2
3692.0	2
1629.0	2
1152.0	2
469.0	2
614.0	2
1918.0	2
1385.0	2
5436.0	2
2258.0	2
5920.0	2
1725.0	2
2755.0	2
4185.0	2
2397.0	2
2688.0	2
1807.0	2
3471.0	2
2076.0	2
2259.0	2
4978.0	2
566.0	2
2079.0	2
3808.0	2
1768.0	2
2378.0	2
1329.0	2
3596.0	2
1168.0	2
5560.0	2
720.0	2
2165.0	2
3091.0	2
3329.0	2
1234.0	2
1341.0	2
5304.0	2
4007.0	2
1823.0	2
994.0	2
1249.0	2
1978.0	2
3210.0	2
3084.0	2
423.0	2
2053.0	2
1696.0	2
1428.0	2
398.0	2
2568.0	2
1184.0	2
5000.0	2
1060.0	2
2090.0	2
4396.0	2
2126.0	2
2280.0	2
1314.0	2
2585.0	2
2300.0	2
4004.0	2
3844.0	2
878.0	2
979.0	2
1695.0	2
2802.0	2
3117.0	2
6563.0	2
2357.0	2
2757.0	2
1318.0	2
1171.0	2
3022.0	2
1377.0	2
1877.0	2
1087.0	2
2186.0	2
4893.0	2
3878.0	2
3428.0	2
1746.0	2
1597.0	2
1850.0	2
2748.0	2
4202.0	2
3314.0	2
2008.0	2
4431.0	2
461.0	2
1509.0	2
2022.0	2
1214.0	2
1506.0	2
5074.0	2
4274.0	2
1459.0	2
1841.0	2
990.0	2
1749.0	2
2670.0	2
2048.0	2
2047.0	2
499.0	2
3914.0	2
1995.0	2
2950.0	2
1483.0	2
1835.0	2
1585.0	2
3263.0	2
2381.0	2
1566.0	2
277.0	2
3416.0	2
493.0	2
2673.0	2
1813.0	2
800.0	2
1464.0	2
253.0	2
2104.0	2
4040.0	2
4516.0	2
2366.0	2
1334.0	2
4072.0	2
4620.0	2
1959.0	2
2084.0	2
2638.0	2
2903.0	2
4889.0	2
3445.0	2
1426.0	2
898.0	2
2020.0	2
1663.0	2
1933.0	2
4338.0	2
960.0	2
426.0	2
2292.0	2
705.0	2
2879.0	2
776.0	2
5617.0	2
1653.0	2
2009.0	2
2215.0	2
2099.0	2
1657.0	2
1654.0	2
1178.0	2
1805.0	2
1842.0	2
1299.0	2
828.0	2
2798.0	2
3687.0	2
2556.0	2
3003.0	2
4826.0	2
2284.0	2
766.0	2
2983.0	2
3619.0	2
2558.0	2
296.0	2
445.0	2
2170.0	2
2900.0	2
1775.0	2
1607.0	2
2199.0	2
1732.0	2
1735.0	2
1765.0	2
591.0	2
1001.0	2
1058.0	2
510.0	2
6065.0	2
2619.0	2
1932.0	2
2342.0	2
1571.0	2
3088.0	2
2551.0	2
3926.0	2
1253.0	2
1915.0	2
3336.0	2
2107.0	2
1895.0	2
6470.0	2
871.0	2
2531.0	2
3686.0	2
3863.0	2
4666.0	2
2872.0	2
195.0	2
224.0	2
1557.0	2
1565.0	2
1189.0	2
2462.0	2
3254.0	2
3315.0	2
456.0	2
1948.0	2
1222.0	2
745.0	2
1145.0	2
1261.0	2
1771.0	2
323.0	2
2416.0	2
635.0	2
1796.0	2
3304.0	2
2429.0	2
1346.0	2
2692.0	2
594.0	2
2931.0	2
2536.0	2
2040.0	2
2265.0	2
3159.0	2
913.0	2
1266.0	2
2340.0	2
3271.0	2
1256.0	2
2647.0	2
4276.0	2
2515.0	2
2949.0	2
1563.0	2
670.0	2
1710.0	2
2727.0	2
1196.0	2
2776.0	2
684.0	2
1364.0	2
2990.0	2
1837.0	2
2434.0	2
1501.0	2
2814.0	2
1493.0	2
403.0	2
2723.0	2
669.0	2
585.0	2
303.0	2
2372.0	2
2730.0	2
864.0	2
2182.0	2
2251.0	2
875.0	2
1169.0	2
2552.0	2
1095.0	2
887.0	2
1038.0	2
1372.0	2
2722.0	2
1177.0	2
4368.0	2
1199.0	2
439.0	2
2821.0	2
1530.0	2
1977.0	2
2832.0	2
1316.0	2
4349.0	2
1258.0	2
1119.0	2
498.0	2
7.0	2
1707.0	2
3070.0	2
1362.0	2
1490.0	2
2181.0	2
1359.0	2
193.0	2
1820.0	2
1396.0	2
3917.0	2
3508.0	2
364.0	2
1153.0	2
3998.0	2
3850.0	2
2970.0	2
2547.0	2
2455.0	2
1382.0	2
3794.0	2
3247.0	2
3517.0	2
1167.0	2
873.0	2
2696.0	2
3649.0	2
2166.0	2
1203.0	2
1683.0	2
4271.0	2
3000.0	2
3443.0	2
1179.0	2
433.0	2
1767.0	2
1432.0	2
1404.0	2
3702.0	2
777.0	2
1780.0	2
1542.0	2
455.0	2
2898.0	2
1727.0	2
2595.0	2
1009.0	2
3542.0	2
1814.0	2
1901.0	2
1975.0	2
1422.0	2
1917.0	2
613.0	2
2395.0	2
2331.0	2
113.0	2
919.0	2
5297.0	2
2343.0	2
2367.0	2
3831.0	2
388.0	2
2592.0	2
3377.0	2
603.0	2
3578.0	2
1836.0	2
748.0	2
2810.0	2
1462.0	2
3666.0	2
3453.0	2
2224.0	2
1149.0	2
666.0	2
4520.0	2
3941.0	2
526.0	2
3004.0	2
3955.0	2
7242.0	2
3419.0	2
2403.0	2
625.0	2
2477.0	2
963.0	2
1627.0	2
3110.0	2
2920.0	2
3950.0	2
3253.0	2
1993.0	2
1999.0	2
1967.0	2
610.0	2
1799.0	2
2432.0	2
2037.0	2
256.0	2
1358.0	2
1441.0	2
1910.0	2
3141.0	2
4089.0	2
1894.0	2
3952.0	2
1395.0	2
1201.0	2
2625.0	2
2256.0	2
557.0	2
1200.0	2
2245.0	2
2666.0	2
1943.0	2
2704.0	2
630.0	2
4921.0	2
2764.0	2
747.0	2
572.0	2
3275.0	2
2972.0	2
2297.0	2
2501.0	2
2233.0	2
2753.0	2
1054.0	2
2024.0	2
1875.0	2
2202.0	2
2767.0	2
1351.0	2
1788.0	2
1476.0	2
472.0	2
1760.0	2
2513.0	2
2467.0	2
2665.0	2
2221.0	2
1996.0	2
1661.0	2
1018.0	2
1336.0	2
5712.0	2
4934.0	2
3438.0	2
2741.0	2
1747.0	2
1927.0	2
3307.0	2
1859.0	2
2271.0	2
2137.0	2
2690.0	2
3545.0	2
1882.0	2
2648.0	2
852.0	2
3034.0	2
2068.0	2
618.0	2
546.0	2
1141.0	2
667.0	2
2676.0	2
1420.0	2
85.0	2
4043.0	2
2957.0	2
2635.0	2
2634.0	2
1752.0	2
2144.0	2
4115.0	2
1885.0	2
2881.0	2
2346.0	2
1309.0	2
2369.0	2
1220.0	2
4545.0	2
2809.0	2
1110.0	2
3138.0	2
744.0	2
4522.0	2
2277.0	2
1049.0	2
2512.0	2
3452.0	2
2511.0	2
1559.0	2
2192.0	2
3474.0	2
3822.0	2
1617.0	2
3060.0	2
1048.0	2
1953.0	2
1032.0	2
3079.0	2
639.0	2
2497.0	2
2641.0	2
845.0	2
3450.0	2
2401.0	2
1630.0	2
6156.0	2
2121.0	2
2249.0	2
2435.0	1
1874.0	1
380.0	1
2476.0	1
3251.0	1
3258.0	1
1113.0	1
4414.0	1
1431.0	1
2915.0	1
3674.0	1
2234.0	1
3136.0	1
1036.0	1
2264.0	1
2535.0	1
1302.0	1
1898.0	1
1699.0	1
987.0	1
4446.0	1
2766.0	1
1391.0	1
796.0	1
508.0	1
880.0	1
2829.0	1
2973.0	1
2463.0	1
1939.0	1
2684.0	1
1670.0	1
624.0	1
3134.0	1
3058.0	1
