Value	Count
6.0	65
12.0	61
15.0	58
11.0	56
7.0	56
4.0	55
8.0	54
5.0	51
18.0	49
26.0	45
9.0	45
21.0	44
20.0	43
19.0	43
36.0	41
24.0	40
17.0	40
16.0	39
93.0	39
66.0	37
46.0	37
55.0	37
71.0	36
47.0	36
23.0	36
65.0	35
44.0	34
27.0	34
39.0	34
42.0	34
13.0	34
22.0	34
91.0	33
79.0	33
60.0	33
50.0	33
64.0	32
2.0	32
262.0	31
33.0	31
40.0	31
77.0	31
80.0	30
37.0	30
28.0	30
10.0	30
14.0	29
73.0	29
3.0	29
128.0	29
95.0	28
54.0	28
162.0	28
35.0	28
51.0	28
29.0	28
88.0	28
100.0	27
58.0	27
148.0	27
120.0	27
75.0	27
207.0	27
25.0	26
248.0	26
76.0	26
152.0	26
135.0	26
176.0	26
43.0	26
81.0	26
344.0	26
34.0	25
168.0	25
31.0	25
48.0	25
32.0	25
53.0	24
167.0	24
101.0	24
153.0	24
70.0	24
116.0	24
147.0	24
200.0	24
86.0	24
149.0	24
45.0	24
56.0	24
132.0	24
124.0	24
72.0	23
198.0	23
62.0	23
186.0	23
104.0	23
126.0	23
535.0	22
82.0	22
127.0	22
78.0	22
69.0	22
188.0	22
203.0	22
115.0	22
217.0	22
155.0	21
85.0	21
108.0	21
197.0	21
266.0	21
144.0	21
107.0	21
169.0	21
258.0	20
38.0	20
59.0	20
117.0	20
61.0	20
68.0	20
216.0	20
252.0	20
247.0	20
249.0	20
98.0	20
94.0	20
192.0	19
140.0	19
119.0	19
276.0	19
83.0	19
336.0	19
142.0	19
292.0	19
106.0	19
263.0	19
160.0	19
96.0	19
151.0	19
118.0	19
240.0	19
109.0	19
121.0	19
255.0	19
49.0	19
173.0	19
489.0	18
182.0	18
178.0	18
74.0	18
105.0	18
210.0	18
89.0	18
190.0	18
246.0	18
256.0	18
103.0	18
254.0	18
57.0	18
97.0	18
122.0	18
92.0	18
150.0	18
52.0	17
204.0	17
112.0	17
298.0	17
321.0	17
99.0	17
179.0	17
399.0	17
110.0	17
277.0	17
163.0	17
154.0	17
226.0	17
345.0	17
234.0	17
102.0	17
259.0	17
409.0	17
398.0	17
267.0	17
170.0	17
497.0	16
348.0	16
191.0	16
175.0	16
114.0	16
139.0	16
208.0	16
183.0	16
274.0	16
384.0	16
404.0	16
67.0	16
185.0	16
303.0	16
290.0	16
177.0	16
238.0	16
214.0	16
136.0	16
494.0	16
299.0	15
199.0	15
511.0	15
30.0	15
146.0	15
194.0	15
245.0	15
164.0	15
567.0	15
270.0	15
235.0	15
467.0	15
279.0	15
301.0	15
201.0	15
90.0	15
305.0	15
87.0	15
123.0	15
280.0	14
260.0	14
158.0	14
137.0	14
406.0	14
390.0	14
242.0	14
316.0	14
113.0	14
468.0	14
627.0	14
577.0	14
202.0	14
228.0	14
394.0	14
302.0	14
223.0	14
250.0	14
374.0	14
573.0	14
510.0	14
414.0	14
355.0	14
714.0	14
643.0	14
606.0	13
327.0	13
261.0	13
427.0	13
314.0	13
349.0	13
525.0	13
311.0	13
413.0	13
326.0	13
595.0	13
371.0	13
397.0	13
323.0	13
538.0	13
284.0	13
429.0	13
435.0	13
141.0	13
111.0	13
480.0	13
475.0	13
460.0	13
508.0	13
361.0	13
295.0	13
84.0	13
633.0	13
454.0	13
218.0	13
63.0	13
224.0	13
272.0	12
419.0	12
329.0	12
283.0	12
642.0	12
222.0	12
285.0	12
644.0	12
685.0	12
422.0	12
325.0	12
393.0	12
166.0	12
213.0	12
455.0	12
608.0	12
431.0	12
318.0	12
294.0	12
584.0	12
189.0	12
288.0	12
161.0	12
637.0	12
357.0	12
308.0	12
145.0	12
564.0	12
209.0	12
366.0	12
383.0	12
546.0	12
470.0	12
340.0	11
430.0	11
704.0	11
463.0	11
699.0	11
310.0	11
41.0	11
628.0	11
328.0	11
296.0	11
257.0	11
474.0	11
403.0	11
227.0	11
324.0	11
556.0	11
513.0	11
411.0	11
806.0	11
131.0	11
417.0	11
358.0	11
560.0	11
726.0	11
269.0	11
542.0	11
241.0	11
352.0	11
453.0	11
757.0	11
370.0	11
244.0	11
382.0	11
388.0	11
221.0	11
362.0	11
527.0	11
236.0	11
679.0	11
774.0	11
180.0	11
330.0	11
462.0	11
425.0	11
748.0	10
237.0	10
492.0	10
219.0	10
341.0	10
172.0	10
557.0	10
504.0	10
842.0	10
268.0	10
421.0	10
563.0	10
351.0	10
307.0	10
601.0	10
1008.0	10
692.0	10
230.0	10
187.0	10
346.0	10
143.0	10
707.0	10
591.0	10
196.0	10
278.0	10
626.0	10
220.0	10
918.0	10
271.0	10
1098.0	10
910.0	10
620.0	10
408.0	10
488.0	10
432.0	10
634.0	9
281.0	9
594.0	9
579.0	9
702.0	9
415.0	9
365.0	9
518.0	9
304.0	9
807.0	9
433.0	9
691.0	9
320.0	9
526.0	9
426.0	9
125.0	9
130.0	9
184.0	9
618.0	9
543.0	9
206.0	9
760.0	9
710.0	9
159.0	9
570.0	9
309.0	9
683.0	9
129.0	9
737.0	9
574.0	9
925.0	9
580.0	9
376.0	9
1022.0	9
378.0	9
339.0	9
754.0	9
420.0	9
593.0	9
444.0	9
231.0	9
624.0	9
229.0	9
808.0	9
389.0	9
171.0	9
157.0	9
456.0	9
689.0	8
273.0	8
448.0	8
458.0	8
991.0	8
491.0	8
473.0	8
338.0	8
646.0	8
379.0	8
500.0	8
713.0	8
755.0	8
133.0	8
423.0	8
418.0	8
243.0	8
372.0	8
165.0	8
587.0	8
369.0	8
499.0	8
592.0	8
482.0	8
664.0	8
937.0	8
373.0	8
407.0	8
502.0	8
974.0	8
723.0	8
604.0	8
322.0	8
410.0	8
225.0	8
820.0	8
599.0	8
446.0	8
512.0	8
522.0	8
536.0	8
871.0	8
899.0	8
434.0	8
550.0	8
264.0	8
251.0	8
350.0	8
509.0	8
870.0	8
813.0	7
625.0	7
953.0	7
717.0	7
233.0	7
528.0	7
1202.0	7
676.0	7
905.0	7
669.0	7
926.0	7
493.0	7
1059.0	7
174.0	7
825.0	7
466.0	7
440.0	7
654.0	7
1522.0	7
532.0	7
457.0	7
845.0	7
519.0	7
211.0	7
507.0	7
396.0	7
436.0	7
540.0	7
554.0	7
490.0	7
617.0	7
665.0	7
377.0	7
1145.0	7
212.0	7
520.0	7
616.0	7
541.0	7
566.0	7
521.0	7
402.0	7
156.0	7
718.0	7
712.0	7
826.0	7
827.0	7
783.0	7
275.0	7
469.0	7
232.0	7
867.0	7
282.0	7
391.0	7
1019.0	7
293.0	7
653.0	7
472.0	7
465.0	7
1248.0	7
650.0	7
253.0	7
1198.0	7
400.0	7
1020.0	7
771.0	6
337.0	6
195.0	6
287.0	6
477.0	6
746.0	6
138.0	6
449.0	6
386.0	6
812.0	6
586.0	6
215.0	6
524.0	6
1168.0	6
439.0	6
666.0	6
342.0	6
680.0	6
134.0	6
733.0	6
547.0	6
1284.0	6
828.0	6
740.0	6
485.0	6
900.0	6
613.0	6
387.0	6
312.0	6
800.0	6
1178.0	6
605.0	6
300.0	6
545.0	6
533.0	6
804.0	6
703.0	6
647.0	6
789.0	6
945.0	6
623.0	6
506.0	6
1159.0	6
385.0	6
753.0	6
803.0	6
885.0	6
709.0	6
719.0	6
487.0	6
381.0	6
715.0	6
687.0	6
559.0	6
452.0	6
880.0	6
501.0	6
920.0	6
575.0	6
609.0	6
1076.0	6
636.0	6
864.0	6
674.0	6
610.0	6
846.0	6
598.0	6
193.0	6
696.0	6
1086.0	6
476.0	6
516.0	6
635.0	6
517.0	6
716.0	6
797.0	6
319.0	6
791.0	6
368.0	6
416.0	6
360.0	6
765.0	6
913.0	6
603.0	6
847.0	6
1162.0	5
551.0	5
565.0	5
688.0	5
795.0	5
916.0	5
1259.0	5
181.0	5
1445.0	5
1180.0	5
498.0	5
631.0	5
832.0	5
890.0	5
758.0	5
343.0	5
1130.0	5
359.0	5
875.0	5
860.0	5
205.0	5
441.0	5
447.0	5
907.0	5
993.0	5
884.0	5
898.0	5
695.0	5
777.0	5
720.0	5
615.0	5
1105.0	5
289.0	5
855.0	5
742.0	5
854.0	5
306.0	5
496.0	5
548.0	5
887.0	5
392.0	5
1495.0	5
873.0	5
450.0	5
514.0	5
964.0	5
291.0	5
478.0	5
849.0	5
335.0	5
445.0	5
354.0	5
640.0	5
762.0	5
1030.0	5
297.0	5
1150.0	5
571.0	5
895.0	5
1007.0	5
1067.0	5
1120.0	5
464.0	5
1860.0	5
952.0	5
424.0	5
944.0	5
1090.0	5
989.0	5
600.0	5
698.0	5
831.0	5
891.0	5
1043.0	5
909.0	5
317.0	4
1018.0	4
722.0	4
459.0	4
569.0	4
481.0	4
1111.0	4
1024.0	4
1135.0	4
1177.0	4
572.0	4
837.0	4
706.0	4
750.0	4
1323.0	4
985.0	4
1532.0	4
611.0	4
980.0	4
967.0	4
939.0	4
1068.0	4
671.0	4
443.0	4
823.0	4
708.0	4
581.0	4
648.0	4
395.0	4
858.0	4
438.0	4
1127.0	4
801.0	4
886.0	4
787.0	4
461.0	4
963.0	4
693.0	4
405.0	4
1359.0	4
788.0	4
739.0	4
1704.0	4
798.0	4
667.0	4
1210.0	4
965.0	4
1087.0	4
1154.0	4
663.0	4
1002.0	4
638.0	4
333.0	4
531.0	4
1336.0	4
1212.0	4
1190.0	4
1218.0	4
505.0	4
315.0	4
578.0	4
629.0	4
334.0	4
529.0	4
1232.0	4
835.0	4
819.0	4
752.0	4
1245.0	4
852.0	4
829.0	4
776.0	4
1110.0	4
658.0	4
585.0	4
401.0	4
927.0	4
1167.0	4
597.0	4
367.0	4
590.0	4
838.0	4
1473.0	4
486.0	4
539.0	4
639.0	4
375.0	4
622.0	4
986.0	4
668.0	4
630.0	4
1745.0	4
265.0	4
1393.0	3
1332.0	3
869.0	3
1035.0	3
645.0	3
969.0	3
1497.0	3
1449.0	3
736.0	3
1116.0	3
239.0	3
1006.0	3
1036.0	3
655.0	3
796.0	3
678.0	3
1034.0	3
530.0	3
697.0	3
1511.0	3
649.0	3
1319.0	3
2216.0	3
632.0	3
738.0	3
946.0	3
1014.0	3
1221.0	3
1665.0	3
363.0	3
1331.0	3
1062.0	3
770.0	3
853.0	3
656.0	3
805.0	3
1700.0	3
657.0	3
1341.0	3
1949.0	3
1308.0	3
763.0	3
1115.0	3
568.0	3
1671.0	3
1695.0	3
555.0	3
515.0	3
1348.0	3
672.0	3
955.0	3
1118.0	3
940.0	3
2061.0	3
1279.0	3
428.0	3
1056.0	3
1189.0	3
876.0	3
1316.0	3
988.0	3
868.0	3
932.0	3
614.0	3
1650.0	3
1165.0	3
1207.0	3
843.0	3
1282.0	3
1874.0	3
1424.0	3
908.0	3
1471.0	3
1078.0	3
1852.0	3
859.0	3
1376.0	3
602.0	3
1227.0	3
471.0	3
769.0	3
1283.0	3
1061.0	3
1243.0	3
1693.0	3
705.0	3
412.0	3
729.0	3
1184.0	3
1326.0	3
896.0	3
1038.0	3
976.0	3
1262.0	3
959.0	3
802.0	3
1153.0	3
928.0	3
811.0	3
1330.0	3
659.0	3
904.0	3
1045.0	3
917.0	3
761.0	3
2989.0	3
589.0	3
821.0	3
1138.0	2
2925.0	2
766.0	2
1021.0	2
2344.0	2
1353.0	2
1419.0	2
1122.0	2
2775.0	2
1149.0	2
1382.0	2
1201.0	2
1219.0	2
1311.0	2
1055.0	2
1294.0	2
1596.0	2
848.0	2
1618.0	2
1697.0	2
1362.0	2
619.0	2
1426.0	2
785.0	2
694.0	2
1080.0	2
1572.0	2
1734.0	2
1303.0	2
892.0	2
1920.0	2
1229.0	2
1766.0	2
782.0	2
1254.0	2
503.0	2
1535.0	2
764.0	2
1235.0	2
588.0	2
2028.0	2
1742.0	2
331.0	2
1367.0	2
731.0	2
356.0	2
1199.0	2
1312.0	2
549.0	2
700.0	2
641.0	2
561.0	2
1457.0	2
1448.0	2
941.0	2
364.0	2
1163.0	2
1609.0	2
792.0	2
1044.0	2
596.0	2
612.0	2
2358.0	2
767.0	2
1895.0	2
1715.0	2
2131.0	2
861.0	2
1117.0	2
1186.0	2
1023.0	2
1355.0	2
724.0	2
938.0	2
1593.0	2
1867.0	2
1152.0	2
2140.0	2
872.0	2
1249.0	2
1412.0	2
1505.0	2
1386.0	2
1124.0	2
1467.0	2
1256.0	2
1343.0	2
1037.0	2
1214.0	2
1752.0	2
833.0	2
1010.0	2
1292.0	2
1583.0	2
933.0	2
1290.0	2
1409.0	2
1523.0	2
1025.0	2
922.0	2
1173.0	2
903.0	2
995.0	2
901.0	2
741.0	2
1725.0	2
1797.0	2
1103.0	2
996.0	2
960.0	2
968.0	2
879.0	2
2241.0	2
1140.0	2
841.0	2
1390.0	2
1220.0	2
553.0	2
1368.0	2
1454.0	2
1570.0	2
1378.0	2
1097.0	2
1676.0	2
799.0	2
1858.0	2
1631.0	2
1009.0	2
882.0	2
781.0	2
1291.0	2
1663.0	2
1780.0	2
353.0	2
975.0	2
1533.0	2
942.0	2
1156.0	2
934.0	2
839.0	2
1685.0	2
681.0	2
1166.0	2
1510.0	2
686.0	2
558.0	2
1385.0	2
1261.0	2
816.0	2
881.0	2
607.0	2
1174.0	2
1371.0	2
1224.0	2
1104.0	2
951.0	2
775.0	2
1257.0	2
1779.0	2
778.0	2
1630.0	2
911.0	2
725.0	2
1258.0	2
1146.0	2
919.0	2
814.0	2
1239.0	2
912.0	2
1142.0	2
865.0	2
1494.0	2
1131.0	2
562.0	2
2229.0	2
332.0	2
1460.0	2
857.0	2
1301.0	2
990.0	2
1437.0	2
1380.0	2
1621.0	2
1670.0	2
1129.0	2
1070.0	2
809.0	2
1161.0	2
1377.0	2
929.0	2
1433.0	2
1421.0	2
1082.0	2
1549.0	2
914.0	2
347.0	2
2119.0	2
1431.0	2
1310.0	2
749.0	2
734.0	2
1187.0	2
1108.0	2
1674.0	2
1620.0	2
1397.0	2
1503.0	2
652.0	2
1197.0	2
862.0	2
1094.0	2
2829.0	2
1179.0	2
1216.0	2
1808.0	2
1253.0	2
751.0	2
1302.0	2
936.0	2
1013.0	2
1790.0	2
950.0	2
1484.0	2
756.0	2
977.0	2
784.0	2
1204.0	2
1050.0	2
2474.0	2
822.0	2
451.0	2
1703.0	2
1440.0	2
675.0	2
661.0	2
544.0	2
878.0	2
1083.0	2
1143.0	2
1264.0	2
1683.0	2
2288.0	2
1028.0	2
1072.0	2
576.0	2
701.0	2
682.0	2
1798.0	2
495.0	2
1240.0	2
1474.0	2
889.0	2
677.0	1
1391.0	1
1029.0	1
1134.0	1
1209.0	1
840.0	1
1244.0	1
1575.0	1
949.0	1
684.0	1
1581.0	1
