#	frame	event	cm_x	cm_y	size	size_r	size_g	size_b	sum	sum_r	sum_g	sum_b
3	72	469.6489038419796	18.239418276535705	36.0	31.0	28.0	34.0	9214.0	2902.0	2645.0	3667.0	
3	422	507.78877535458287	103.27405825834984	25.0	25.0	21.0	19.0	6557.0	2627.0	1882.0	2048.0	
3	1687	407.6756554307116	423.0651685393258	15.0	15.0	11.0	8.0	4005.0	1762.0	1248.0	994.0	
4	72	469.6489038419796	18.239418276535705	36.0	31.0	28.0	34.0	9214.0	2902.0	2645.0	3667.0	
4	422	507.78877535458287	103.27405825834984	25.0	25.0	21.0	19.0	6557.0	2627.0	1882.0	2048.0	
4	1687	407.6756554307116	423.0651685393258	15.0	15.0	11.0	8.0	4005.0	1762.0	1248.0	994.0	
5	249	268.4281744929147	68.56737982772992	13.0	13.0	13.0	11.0	3599.0	1867.0	968.0	764.0	
5	390	100.17766990291264	108.70711974110031	29.0	26.0	26.0	26.0	9270.0	3276.0	3082.0	2912.0	
5	868	469.9701558042572	227.4239631336405	30.0	30.0	20.0	23.0	9114.0	4068.0	1918.0	3128.0	
5	1062	250.06364013267	272.24751243781094	22.0	21.0	13.0	13.0	4824.0	2235.0	1463.0	1126.0	
5	1754	300.44496560350217	459.4102564102564	23.0	21.0	19.0	19.0	6396.0	2442.0	1672.0	2282.0	
6	249	268.4281744929147	68.56737982772992	13.0	13.0	13.0	11.0	3599.0	1867.0	968.0	764.0	
6	390	100.17766990291264	108.70711974110031	29.0	26.0	26.0	26.0	9270.0	3276.0	3082.0	2912.0	
6	868	469.9701558042572	227.4239631336405	30.0	30.0	20.0	23.0	9114.0	4068.0	1918.0	3128.0	
6	1062	250.06364013267	272.24751243781094	22.0	21.0	13.0	13.0	4824.0	2235.0	1463.0	1126.0	
6	1754	300.44496560350217	459.4102564102564	23.0	21.0	19.0	19.0	6396.0	2442.0	1672.0	2282.0	
7	49	262.09513192121887	10.665551839464882	17.0	15.0	12.0	12.0	5382.0	1944.0	1497.0	1941.0	
7	173	235.9518048780488	44.7929756097561	31.0	29.0	27.0	25.0	5125.0	2242.0	1411.0	1472.0	
7	222	253.04969204927207	56.81424972004479	24.0	23.0	22.0	21.0	7144.0	2618.0	2184.0	2342.0	
7	452	475.5088385491685	113.95561084195364	23.0	22.0	17.0	21.0	7637.0	2875.0	1742.0	3019.0	
7	1078	60.225643103099046	268.80332185537776	33.0	31.0	27.0	32.0	9874.0	3195.0	3008.0	3671.0	
7	1277	374.54843279617495	318.144324420046	22.0	22.0	15.0	16.0	5647.0	2434.0	1685.0	1528.0	
7	1526	89.2895541958042	378.8616695804196	17.0	17.0	13.0	12.0	4576.0	1934.0	1463.0	1178.0	
7	1568	384.9548463356974	389.0203309692672	17.0	16.0	13.0	14.0	4230.0	1659.0	1182.0	1389.0	
7	1746	295.6829163071613	439.0280414150129	20.0	20.0	18.0	16.0	4636.0	1824.0	1355.0	1456.0	
8	49	262.09513192121887	10.665551839464882	17.0	15.0	12.0	12.0	5382.0	1944.0	1497.0	1941.0	
8	173	235.9518048780488	44.7929756097561	31.0	29.0	27.0	25.0	5125.0	2242.0	1411.0	1472.0	
8	222	253.04969204927207	56.81424972004479	24.0	23.0	22.0	21.0	7144.0	2618.0	2184.0	2342.0	
8	452	475.5088385491685	113.95561084195364	23.0	22.0	17.0	21.0	7637.0	2875.0	1742.0	3019.0	
8	1078	60.225643103099046	268.80332185537776	33.0	31.0	27.0	32.0	9874.0	3195.0	3008.0	3671.0	
8	1277	374.54843279617495	318.144324420046	22.0	22.0	15.0	16.0	5647.0	2434.0	1685.0	1528.0	
8	1526	89.2895541958042	378.8616695804196	17.0	17.0	13.0	12.0	4576.0	1934.0	1463.0	1178.0	
8	1568	384.9548463356974	389.0203309692672	17.0	16.0	13.0	14.0	4230.0	1659.0	1182.0	1389.0	
8	1746	295.6829163071613	439.0280414150129	20.0	20.0	18.0	16.0	4636.0	1824.0	1355.0	1456.0	
9	1772	147.4253996447602	445.39076376554175	18.0	18.0	13.0	15.0	4504.0	1890.0	957.0	1657.0	
10	1772	147.4253996447602	445.39076376554175	18.0	18.0	13.0	15.0	4504.0	1890.0	957.0	1657.0	
11	1772	147.4253996447602	445.39076376554175	18.0	18.0	13.0	15.0	4504.0	1890.0	957.0	1657.0	
12	389	187.79862136878384	104.16904644674216	22.0	22.0	18.0	17.0	6093.0	2550.0	1780.0	1763.0	
12	436	515.1985907658076	115.53550899313926	24.0	24.0	21.0	18.0	5393.0	2187.0	1517.0	1689.0	
12	597	451.3869806509675	159.43370331483425	45.0	42.0	40.0	37.0	13334.0	4869.0	4487.0	3978.0	
12	612	73.76431338786053	159.10675850193715	22.0	22.0	17.0	16.0	4646.0	2009.0	1414.0	1223.0	
12	750	250.84687372846875	192.3176454631765	30.0	25.0	28.0	26.0	7373.0	2224.0	2600.0	2549.0	
12	788	19.96994022203245	202.0797608881298	20.0	19.0	19.0	18.0	5855.0	2311.0	1975.0	1569.0	
12	927	201.6701406982804	235.2702796595449	18.0	15.0	16.0	15.0	5757.0	2053.0	1892.0	1812.0	
12	1115	376.699663125162	284.8194696380755	34.0	32.0	26.0	30.0	11577.0	3724.0	3315.0	4538.0	
12	1203	201.2092325282264	307.1580677433185	31.0	31.0	24.0	25.0	6997.0	2560.0	2117.0	2320.0	
12	1834	239.5190523761952	466.6380762095048	34.0	29.0	25.0	27.0	7007.0	2790.0	1933.0	2284.0	
13	389	187.79862136878384	104.16904644674216	22.0	22.0	18.0	17.0	6093.0	2550.0	1780.0	1763.0	
13	436	515.1985907658076	115.53550899313926	24.0	24.0	21.0	18.0	5393.0	2187.0	1517.0	1689.0	
13	597	451.3869806509675	159.43370331483425	45.0	42.0	40.0	37.0	13334.0	4869.0	4487.0	3978.0	
13	612	73.76431338786053	159.10675850193715	22.0	22.0	17.0	16.0	4646.0	2009.0	1414.0	1223.0	
13	750	250.84687372846875	192.3176454631765	30.0	25.0	28.0	26.0	7373.0	2224.0	2600.0	2549.0	
13	788	19.96994022203245	202.0797608881298	20.0	19.0	19.0	18.0	5855.0	2311.0	1975.0	1569.0	
13	927	201.6701406982804	235.2702796595449	18.0	15.0	16.0	15.0	5757.0	2053.0	1892.0	1812.0	
13	1115	376.699663125162	284.8194696380755	34.0	32.0	26.0	30.0	11577.0	3724.0	3315.0	4538.0	
13	1203	201.2092325282264	307.1580677433185	31.0	31.0	24.0	25.0	6997.0	2560.0	2117.0	2320.0	
13	1834	239.5190523761952	466.6380762095048	34.0	29.0	25.0	27.0	7007.0	2790.0	1933.0	2284.0	
14	215	416.0012217470983	58.50621054774995	17.0	17.0	15.0	15.0	4911.0	2245.0	1519.0	1147.0	
14	217	335.3808456596444	63.02495144180487	26.0	25.0	22.0	21.0	6693.0	2515.0	2105.0	2072.0	
14	239	262.656998502994	66.17571107784431	17.0	16.0	14.0	15.0	5344.0	1960.0	1596.0	1788.0	
14	443	535.1352220520674	121.9457886676876	22.0	20.0	20.0	17.0	6530.0	2390.0	2155.0	1985.0	
14	501	265.07280873704843	135.41921030523662	29.0	27.0	27.0	23.0	7142.0	2627.0	2349.0	2166.0	
14	1235	521.0233761598857	318.84707351891507	25.0	24.0	24.0	18.0	5604.0	2293.0	1819.0	1492.0	
14	1658	212.73159075392567	426.4839559153418	39.0	36.0	33.0	35.0	10253.0	3572.0	2813.0	3868.0	
14	1689	467.8159217497623	431.9445727482679	36.0	32.0	30.0	32.0	7361.0	2671.0	2224.0	2464.0	
15	215	416.0012217470983	58.50621054774995	17.0	17.0	15.0	15.0	4911.0	2245.0	1519.0	1147.0	
15	217	335.3808456596444	63.02495144180487	26.0	25.0	22.0	21.0	6693.0	2515.0	2105.0	2072.0	
15	239	262.656998502994	66.17571107784431	17.0	16.0	14.0	15.0	5344.0	1960.0	1596.0	1788.0	
15	443	535.1352220520674	121.9457886676876	22.0	20.0	20.0	17.0	6530.0	2390.0	2155.0	1985.0	
15	501	265.07280873704843	135.41921030523662	29.0	27.0	27.0	23.0	7142.0	2627.0	2349.0	2166.0	
15	1235	521.0233761598857	318.84707351891507	25.0	24.0	24.0	18.0	5604.0	2293.0	1819.0	1492.0	
15	1658	212.73159075392567	426.4839559153418	39.0	36.0	33.0	35.0	10253.0	3572.0	2813.0	3868.0	
15	1689	467.8159217497623	431.9445727482679	36.0	32.0	30.0	32.0	7361.0	2671.0	2224.0	2464.0	
16	1210	67.03389830508475	296.9612590799032	20.0	18.0	19.0	17.0	4956.0	1828.0	1644.0	1484.0	
16	1683	321.59026217228467	410.6065543071161	25.0	25.0	21.0	21.0	5340.0	2224.0	1517.0	1599.0	
17	1210	67.03389830508475	296.9612590799032	20.0	18.0	19.0	17.0	4956.0	1828.0	1644.0	1484.0	
17	1683	321.59026217228467	410.6065543071161	25.0	25.0	21.0	21.0	5340.0	2224.0	1517.0	1599.0	
18	1210	67.03389830508475	296.9612590799032	20.0	18.0	19.0	17.0	4956.0	1828.0	1644.0	1484.0	
18	1683	321.59026217228467	410.6065543071161	25.0	25.0	21.0	21.0	5340.0	2224.0	1517.0	1599.0	
19	134	116.28550490986368	39.055107723875125	24.0	21.0	22.0	23.0	6823.0	2145.0	2475.0	2203.0	
19	340	553.6017786561265	89.96368577075098	19.0	19.0	18.0	13.0	4048.0	2088.0	1233.0	727.0	
19	376	604.8566765578635	103.88506429277945	40.0	33.0	34.0	33.0	10110.0	3548.0	3208.0	3354.0	
20	134	116.28550490986368	39.055107723875125	24.0	21.0	22.0	23.0	6823.0	2145.0	2475.0	2203.0	
20	340	553.6017786561265	89.96368577075098	19.0	19.0	18.0	13.0	4048.0	2088.0	1233.0	727.0	
20	376	604.8566765578635	103.88506429277945	40.0	33.0	34.0	33.0	10110.0	3548.0	3208.0	3354.0	
21	768	32.51082331174838	197.61924144310825	23.0	22.0	20.0	19.0	5405.0	2303.0	1488.0	1614.0	
21	837	327.32379784770467	210.2870181174227	21.0	21.0	16.0	16.0	7341.0	2902.0	2133.0	2306.0	
21	900	169.90352405198982	232.50207691276967	31.0	27.0	24.0	29.0	7463.0	2591.0	2026.0	2846.0	
22	768	32.51082331174838	197.61924144310825	23.0	22.0	20.0	19.0	5405.0	2303.0	1488.0	1614.0	
22	837	327.32379784770467	210.2870181174227	21.0	21.0	16.0	16.0	7341.0	2902.0	2133.0	2306.0	
22	900	169.90352405198982	232.50207691276967	31.0	27.0	24.0	29.0	7463.0	2591.0	2026.0	2846.0	
23	330	57.15941092882056	83.92455755070404	24.0	20.0	21.0	22.0	7741.0	2268.0	2400.0	3073.0	
23	700	463.5265322106912	174.71196397102017	21.0	16.0	18.0	16.0	5107.0	1827.0	1612.0	1668.0	
23	810	581.8349317058994	201.20662598081952	17.0	16.0	13.0	11.0	3441.0	1443.0	1089.0	908.0	
23	998	577.7414795244385	244.5524438573316	25.0	25.0	25.0	24.0	7570.0	2947.0	2408.0	2214.0	
23	1126	277.9916972696791	275.16749161743576	19.0	17.0	18.0	19.0	6263.0	1824.0	1993.0	2446.0	
23	1397	38.55659188303504	350.0405848248046	28.0	28.0	20.0	18.0	3967.0	1956.0	1196.0	814.0	
23	1662	508.9418800224257	416.55690525135486	20.0	19.0	17.0	17.0	5351.0	1956.0	1526.0	1868.0	
24	330	57.15941092882056	83.92455755070404	24.0	20.0	21.0	22.0	7741.0	2268.0	2400.0	3073.0	
24	700	463.5265322106912	174.71196397102017	21.0	16.0	18.0	16.0	5107.0	1827.0	1612.0	1668.0	
24	810	581.8349317058994	201.20662598081952	17.0	16.0	13.0	11.0	3441.0	1443.0	1089.0	908.0	
24	998	577.7414795244385	244.5524438573316	25.0	25.0	25.0	24.0	7570.0	2947.0	2408.0	2214.0	
24	1126	277.9916972696791	275.16749161743576	19.0	17.0	18.0	19.0	6263.0	1824.0	1993.0	2446.0	
24	1397	38.55659188303504	350.0405848248046	28.0	28.0	20.0	18.0	3967.0	1956.0	1196.0	814.0	
24	1662	508.9418800224257	416.55690525135486	20.0	19.0	17.0	17.0	5351.0	1956.0	1526.0	1868.0	
25	330	57.15941092882056	83.92455755070404	24.0	20.0	21.0	22.0	7741.0	2268.0	2400.0	3073.0	
25	700	463.5265322106912	174.71196397102017	21.0	16.0	18.0	16.0	5107.0	1827.0	1612.0	1668.0	
25	810	581.8349317058994	201.20662598081952	17.0	16.0	13.0	11.0	3441.0	1443.0	1089.0	908.0	
25	998	577.7414795244385	244.5524438573316	25.0	25.0	25.0	24.0	7570.0	2947.0	2408.0	2214.0	
25	1126	277.9916972696791	275.16749161743576	19.0	17.0	18.0	19.0	6263.0	1824.0	1993.0	2446.0	
25	1397	38.55659188303504	350.0405848248046	28.0	28.0	20.0	18.0	3967.0	1956.0	1196.0	814.0	
25	1662	508.9418800224257	416.55690525135486	20.0	19.0	17.0	17.0	5351.0	1956.0	1526.0	1868.0	
26	1589	103.61130623850144	397.6091319618665	26.0	24.0	18.0	23.0	5979.0	2253.0	1756.0	1969.0	
27	1589	103.61130623850144	397.6091319618665	26.0	24.0	18.0	23.0	5979.0	2253.0	1756.0	1969.0	
28	37	296.25154004106776	9.854209445585216	25.0	24.0	18.0	21.0	5844.0	2000.0	1479.0	2365.0	
28	224	54.81406707912732	60.18088570498209	24.0	23.0	17.0	17.0	6142.0	2648.0	1681.0	1813.0	
28	489	225.78140625	130.42609375	33.0	31.0	28.0	22.0	6400.0	2618.0	2011.0	1771.0	
28	848	588.5154514727185	218.9023418638339	26.0	21.0	23.0	23.0	8284.0	2675.0	2588.0	3021.0	
28	1311	410.963156975729	341.43024270997034	19.0	19.0	18.0	16.0	5727.0	2209.0	1846.0	1672.0	
28	1331	150.48342495418956	345.5027486256872	20.0	18.0	16.0	16.0	6003.0	2555.0	1764.0	1684.0	
29	37	296.25154004106776	9.854209445585216	25.0	24.0	18.0	21.0	5844.0	2000.0	1479.0	2365.0	
29	224	54.81406707912732	60.18088570498209	24.0	23.0	17.0	17.0	6142.0	2648.0	1681.0	1813.0	
29	489	225.78140625	130.42609375	33.0	31.0	28.0	22.0	6400.0	2618.0	2011.0	1771.0	
29	848	588.5154514727185	218.9023418638339	26.0	21.0	23.0	23.0	8284.0	2675.0	2588.0	3021.0	
29	1311	410.963156975729	341.43024270997034	19.0	19.0	18.0	16.0	5727.0	2209.0	1846.0	1672.0	
29	1331	150.48342495418956	345.5027486256872	20.0	18.0	16.0	16.0	6003.0	2555.0	1764.0	1684.0	
30	37	296.25154004106776	9.854209445585216	25.0	24.0	18.0	21.0	5844.0	2000.0	1479.0	2365.0	
30	224	54.81406707912732	60.18088570498209	24.0	23.0	17.0	17.0	6142.0	2648.0	1681.0	1813.0	
30	489	225.78140625	130.42609375	33.0	31.0	28.0	22.0	6400.0	2618.0	2011.0	1771.0	
30	848	588.5154514727185	218.9023418638339	26.0	21.0	23.0	23.0	8284.0	2675.0	2588.0	3021.0	
30	1311	410.963156975729	341.43024270997034	19.0	19.0	18.0	16.0	5727.0	2209.0	1846.0	1672.0	
30	1331	150.48342495418956	345.5027486256872	20.0	18.0	16.0	16.0	6003.0	2555.0	1764.0	1684.0	
31	60	164.42289203585813	17.596855917890085	35.0	33.0	26.0	20.0	7697.0	3139.0	2384.0	2174.0	
31	473	490.6437927107061	121.57018792710706	27.0	26.0	22.0	23.0	7024.0	2349.0	2015.0	2659.0	
31	741	622.2665386256936	188.65919760990184	17.0	17.0	15.0	15.0	4686.0	1762.0	1343.0	1581.0	
31	1645	577.1345743649408	418.6827612953267	26.0	26.0	22.0	21.0	5157.0	2321.0	1447.0	1389.0	
32	60	164.42289203585813	17.596855917890085	35.0	33.0	26.0	20.0	7697.0	3139.0	2384.0	2174.0	
32	473	490.6437927107061	121.57018792710706	27.0	26.0	22.0	23.0	7024.0	2349.0	2015.0	2659.0	
32	741	622.2665386256936	188.65919760990184	17.0	17.0	15.0	15.0	4686.0	1762.0	1343.0	1581.0	
32	1645	577.1345743649408	418.6827612953267	26.0	26.0	22.0	21.0	5157.0	2321.0	1447.0	1389.0	
33	624	251.93885628497335	161.9166097993722	31.0	30.0	27.0	26.0	7327.0	2532.0	2156.0	2639.0	
33	1496	425.0553905745642	371.8812136862492	31.0	24.0	27.0	29.0	7745.0	2311.0	2537.0	2897.0	
34	624	251.93885628497335	161.9166097993722	31.0	30.0	27.0	26.0	7327.0	2532.0	2156.0	2639.0	
34	1496	425.0553905745642	371.8812136862492	31.0	24.0	27.0	29.0	7745.0	2311.0	2537.0	2897.0	
35	1042	497.7216579292268	255.94364351245085	21.0	21.0	17.0	18.0	6104.0	2009.0	1880.0	2215.0	
35	1131	22.97053839134402	283.482075348716	34.0	30.0	31.0	29.0	7671.0	2328.0	2396.0	2947.0	
35	1163	621.8939974457215	284.6573009791401	14.0	14.0	11.0	10.0	4698.0	1828.0	1594.0	1275.0	
36	1042	497.7216579292268	255.94364351245085	21.0	21.0	17.0	18.0	6104.0	2009.0	1880.0	2215.0	
36	1131	22.97053839134402	283.482075348716	34.0	30.0	31.0	29.0	7671.0	2328.0	2396.0	2947.0	
36	1163	621.8939974457215	284.6573009791401	14.0	14.0	11.0	10.0	4698.0	1828.0	1594.0	1275.0	
37	91	414.8130722636991	22.40893083532892	31.0	29.0	26.0	22.0	7099.0	3123.0	2325.0	1651.0	
37	630	579.6581002413744	156.90770978276302	28.0	25.0	24.0	24.0	7043.0	2143.0	1993.0	2907.0	
37	860	495.2648746107196	214.04556630060645	37.0	35.0	34.0	27.0	6101.0	2353.0	2036.0	1711.0	
37	911	251.8360655737705	226.26285079188665	31.0	29.0	28.0	22.0	7198.0	2756.0	2461.0	1981.0	
37	1675	636.1463622786431	409.7034350330702	17.0	15.0	14.0	14.0	4687.0	1867.0	1378.0	1442.0	
38	91	414.8130722636991	22.40893083532892	31.0	29.0	26.0	22.0	7099.0	3123.0	2325.0	1651.0	
38	630	579.6581002413744	156.90770978276302	28.0	25.0	24.0	24.0	7043.0	2143.0	1993.0	2907.0	
38	860	495.2648746107196	214.04556630060645	37.0	35.0	34.0	27.0	6101.0	2353.0	2036.0	1711.0	
38	911	251.8360655737705	226.26285079188665	31.0	29.0	28.0	22.0	7198.0	2756.0	2461.0	1981.0	
38	1675	636.1463622786431	409.7034350330702	17.0	15.0	14.0	14.0	4687.0	1867.0	1378.0	1442.0	
39	91	414.8130722636991	22.40893083532892	31.0	29.0	26.0	22.0	7099.0	3123.0	2325.0	1651.0	
39	630	579.6581002413744	156.90770978276302	28.0	25.0	24.0	24.0	7043.0	2143.0	1993.0	2907.0	
39	860	495.2648746107196	214.04556630060645	37.0	35.0	34.0	27.0	6101.0	2353.0	2036.0	1711.0	
39	911	251.8360655737705	226.26285079188665	31.0	29.0	28.0	22.0	7198.0	2756.0	2461.0	1981.0	
39	1675	636.1463622786431	409.7034350330702	17.0	15.0	14.0	14.0	4687.0	1867.0	1378.0	1442.0	
40	834	238.3212314841708	207.40081324426373	26.0	26.0	24.0	18.0	6886.0	2954.0	2493.0	1439.0	
40	1008	6.2703068592057765	258.5145908543923	41.0	41.0	34.0	28.0	6648.0	2937.0	2073.0	1636.0	
40	1159	593.6658066101487	296.1618134906008	34.0	29.0	30.0	28.0	8139.0	3036.0	2562.0	2538.0	
40	1844	467.39917755911296	477.135555881921	27.0	26.0	22.0	18.0	6809.0	3094.0	2048.0	1667.0	
41	834	238.3212314841708	207.40081324426373	26.0	26.0	24.0	18.0	6886.0	2954.0	2493.0	1439.0	
41	1008	6.2703068592057765	258.5145908543923	41.0	41.0	34.0	28.0	6648.0	2937.0	2073.0	1636.0	
41	1159	593.6658066101487	296.1618134906008	34.0	29.0	30.0	28.0	8139.0	3036.0	2562.0	2538.0	
41	1844	467.39917755911296	477.135555881921	27.0	26.0	22.0	18.0	6809.0	3094.0	2048.0	1667.0	
42	120	468.85766826038986	32.52923869069511	29.0	29.0	23.0	17.0	5438.0	2691.0	1470.0	1277.0	
43	120	468.85766826038986	32.52923869069511	29.0	29.0	23.0	17.0	5438.0	2691.0	1470.0	1277.0	
44	51	31.9124895572264	14.340434419381788	28.0	27.0	27.0	22.0	4788.0	1854.0	1691.0	1243.0	
44	541	536.6687737041719	140.7928782132322	26.0	25.0	22.0	15.0	4746.0	2045.0	1576.0	1125.0	
44	859	437.2254047322541	213.93586550435865	22.0	21.0	20.0	20.0	8030.0	2917.0	2160.0	2953.0	
44	1071	300.1791793585379	269.12667980648627	23.0	21.0	19.0	19.0	5581.0	2045.0	1778.0	1758.0	
44	1191	368.8188123836914	298.0460159025546	21.0	18.0	19.0	19.0	5911.0	1985.0	1875.0	2051.0	
44	1307	284.6119828815977	329.68170470756064	19.0	18.0	15.0	12.0	5608.0	2689.0	1650.0	1269.0	
45	51	31.9124895572264	14.340434419381788	28.0	27.0	27.0	22.0	4788.0	1854.0	1691.0	1243.0	
45	541	536.6687737041719	140.7928782132322	26.0	25.0	22.0	15.0	4746.0	2045.0	1576.0	1125.0	
45	859	437.2254047322541	213.93586550435865	22.0	21.0	20.0	20.0	8030.0	2917.0	2160.0	2953.0	
45	1071	300.1791793585379	269.12667980648627	23.0	21.0	19.0	19.0	5581.0	2045.0	1778.0	1758.0	
45	1191	368.8188123836914	298.0460159025546	21.0	18.0	19.0	19.0	5911.0	1985.0	1875.0	2051.0	
45	1307	284.6119828815977	329.68170470756064	19.0	18.0	15.0	12.0	5608.0	2689.0	1650.0	1269.0	
46	83	419.6349239864865	19.65730574324324	22.0	18.0	21.0	16.0	4736.0	1872.0	1702.0	1162.0	
46	751	561.5716688227684	189.954851228978	37.0	31.0	29.0	32.0	7730.0	2374.0	2461.0	2894.0	
46	791	80.43321226795803	203.7438458434221	47.0	41.0	44.0	44.0	9912.0	2680.0	3422.0	3810.0	
46	1486	239.9960566671535	380.7137432452169	23.0	21.0	20.0	21.0	6847.0	1944.0	2504.0	2399.0	
46	1526	474.718722887385	391.0161374284227	19.0	18.0	18.0	16.0	5763.0	2257.0	1985.0	1521.0	
47	83	419.6349239864865	19.65730574324324	22.0	18.0	21.0	16.0	4736.0	1872.0	1702.0	1162.0	
47	751	561.5716688227684	189.954851228978	37.0	31.0	29.0	32.0	7730.0	2374.0	2461.0	2894.0	
47	791	80.43321226795803	203.7438458434221	47.0	41.0	44.0	44.0	9912.0	2680.0	3422.0	3810.0	
47	1486	239.9960566671535	380.7137432452169	23.0	21.0	20.0	21.0	6847.0	1944.0	2504.0	2399.0	
47	1526	474.718722887385	391.0161374284227	19.0	18.0	18.0	16.0	5763.0	2257.0	1985.0	1521.0	
48	83	419.6349239864865	19.65730574324324	22.0	18.0	21.0	16.0	4736.0	1872.0	1702.0	1162.0	
48	751	561.5716688227684	189.954851228978	37.0	31.0	29.0	32.0	7730.0	2374.0	2461.0	2894.0	
48	791	80.43321226795803	203.7438458434221	47.0	41.0	44.0	44.0	9912.0	2680.0	3422.0	3810.0	
48	1486	239.9960566671535	380.7137432452169	23.0	21.0	20.0	21.0	6847.0	1944.0	2504.0	2399.0	
48	1526	474.718722887385	391.0161374284227	19.0	18.0	18.0	16.0	5763.0	2257.0	1985.0	1521.0	
49	353	458.1139010189228	87.43358806404657	19.0	18.0	18.0	17.0	5496.0	1797.0	1721.0	1978.0	
49	360	395.4800662731697	89.34907321114218	33.0	33.0	28.0	29.0	9657.0	3356.0	3063.0	3238.0	
49	513	409.5506506761929	129.41362592498086	21.0	18.0	17.0	12.0	3919.0	1923.0	1032.0	964.0	
49	838	256.92648552564754	211.20213306246825	29.0	27.0	22.0	26.0	7876.0	2560.0	2482.0	2834.0	
49	1300	109.46676691729324	326.5308270676692	27.0	26.0	24.0	19.0	6650.0	2399.0	2564.0	1687.0	
50	353	458.1139010189228	87.43358806404657	19.0	18.0	18.0	17.0	5496.0	1797.0	1721.0	1978.0	
50	360	395.4800662731697	89.34907321114218	33.0	33.0	28.0	29.0	9657.0	3356.0	3063.0	3238.0	
50	513	409.5506506761929	129.41362592498086	21.0	18.0	17.0	12.0	3919.0	1923.0	1032.0	964.0	
50	838	256.92648552564754	211.20213306246825	29.0	27.0	22.0	26.0	7876.0	2560.0	2482.0	2834.0	
50	1300	109.46676691729324	326.5308270676692	27.0	26.0	24.0	19.0	6650.0	2399.0	2564.0	1687.0	
51	105	283.4294316898758	31.56134738426797	24.0	23.0	24.0	20.0	5314.0	1805.0	1898.0	1611.0	
52	105	283.4294316898758	31.56134738426797	24.0	23.0	24.0	20.0	5314.0	1805.0	1898.0	1611.0	
53	676	543.2670446687872	162.76227354446135	21.0	20.0	20.0	21.0	7231.0	2588.0	2091.0	2552.0	
53	1423	173.8895006645149	353.40345547750144	21.0	18.0	18.0	17.0	5267.0	1985.0	1884.0	1398.0	
54	676	543.2670446687872	162.76227354446135	21.0	20.0	20.0	21.0	7231.0	2588.0	2091.0	2552.0	
54	1423	173.8895006645149	353.40345547750144	21.0	18.0	18.0	17.0	5267.0	1985.0	1884.0	1398.0	
55	1481	521.3379501385042	381.8163434903047	14.0	14.0	12.0	11.0	3610.0	1659.0	1086.0	865.0	
55	1764	523.449448046259	460.80164710005255	14.0	11.0	13.0	12.0	5707.0	1806.0	1953.0	1948.0	
56	1481	521.3379501385042	381.8163434903047	14.0	14.0	12.0	11.0	3610.0	1659.0	1086.0	865.0	
56	1764	523.449448046259	460.80164710005255	14.0	11.0	13.0	12.0	5707.0	1806.0	1953.0	1948.0	
57	1481	521.3379501385042	381.8163434903047	14.0	14.0	12.0	11.0	3610.0	1659.0	1086.0	865.0	
57	1764	523.449448046259	460.80164710005255	14.0	11.0	13.0	12.0	5707.0	1806.0	1953.0	1948.0	
58	62	619.0697616060226	19.28444165621079	29.0	26.0	27.0	20.0	7970.0	2768.0	2675.0	2527.0	
58	616	435.0129151291513	165.42265114958843	24.0	19.0	20.0	21.0	7046.0	2009.0	2134.0	2903.0	
58	809	622.0185991957104	211.8652815013405	20.0	17.0	19.0	17.0	5968.0	2081.0	1906.0	1981.0	
58	1266	512.7205795966321	320.6939494811044	22.0	20.0	22.0	14.0	5107.0	2169.0	1914.0	1024.0	
58	1795	440.2633148700469	470.3948302797898	33.0	30.0	31.0	24.0	7041.0	2627.0	2332.0	2081.0	
59	62	619.0697616060226	19.28444165621079	29.0	26.0	27.0	20.0	7970.0	2768.0	2675.0	2527.0	
59	616	435.0129151291513	165.42265114958843	24.0	19.0	20.0	21.0	7046.0	2009.0	2134.0	2903.0	
59	809	622.0185991957104	211.8652815013405	20.0	17.0	19.0	17.0	5968.0	2081.0	1906.0	1981.0	
59	1266	512.7205795966321	320.6939494811044	22.0	20.0	22.0	14.0	5107.0	2169.0	1914.0	1024.0	
59	1795	440.2633148700469	470.3948302797898	33.0	30.0	31.0	24.0	7041.0	2627.0	2332.0	2081.0	
60	1695	1.1301749893299189	447.1737089201878	15.0	15.0	15.0	12.0	4686.0	1923.0	1607.0	1156.0	
61	1695	1.1301749893299189	447.1737089201878	15.0	15.0	15.0	12.0	4686.0	1923.0	1607.0	1156.0	
62	1695	1.1301749893299189	447.1737089201878	15.0	15.0	15.0	12.0	4686.0	1923.0	1607.0	1156.0	
63	221	270.0514180308969	55.70002305741296	20.0	20.0	19.0	15.0	4337.0	1674.0	1336.0	1326.0	
63	446	575.5454814814815	114.4925925925926	32.0	30.0	27.0	24.0	6750.0	2756.0	2168.0	1825.0	
63	637	306.90632054176075	164.63694507148233	28.0	28.0	24.0	26.0	7974.0	2923.0	2197.0	2854.0	
63	965	19.577274388016075	247.5950554134697	36.0	32.0	36.0	32.0	8211.0	2599.0	2858.0	2754.0	
63	1060	566.4829708658186	271.14019969908355	68.0	62.0	55.0	56.0	14622.0	5381.0	4276.0	4964.0	
64	221	270.0514180308969	55.70002305741296	20.0	20.0	19.0	15.0	4337.0	1674.0	1336.0	1326.0	
64	446	575.5454814814815	114.4925925925926	32.0	30.0	27.0	24.0	6750.0	2756.0	2168.0	1825.0	
64	637	306.90632054176075	164.63694507148233	28.0	28.0	24.0	26.0	7974.0	2923.0	2197.0	2854.0	
64	965	19.577274388016075	247.5950554134697	36.0	32.0	36.0	32.0	8211.0	2599.0	2858.0	2754.0	
64	1060	566.4829708658186	271.14019969908355	68.0	62.0	55.0	56.0	14622.0	5381.0	4276.0	4964.0	
65	311	308.95947461156493	83.38154733301297	25.0	22.0	20.0	22.0	6243.0	2155.0	1797.0	2291.0	
65	758	209.38616916818629	191.3877121615935	32.0	26.0	27.0	25.0	7129.0	2268.0	2467.0	2394.0	
65	985	90.08772595120718	251.15585893060296	39.0	33.0	36.0	30.0	7911.0	2678.0	2607.0	2626.0	
65	1037	349.8002735978112	261.7781903459058	21.0	19.0	18.0	14.0	5117.0	2045.0	1749.0	1323.0	
65	1340	1.0826888756692443	339.5843743803292	24.0	22.0	23.0	18.0	5043.0	2100.0	1489.0	1454.0	
65	1397	89.13982324231631	356.0333729059491	43.0	41.0	37.0	32.0	7581.0	2894.0	2680.0	2007.0	
65	1410	545.0023246803564	353.6197210383572	24.0	23.0	21.0	20.0	5162.0	2000.0	1669.0	1493.0	
65	1906	510.19048723897913	468.7951276102088	21.0	20.0	15.0	12.0	4310.0	1872.0	1425.0	1013.0	
66	311	308.95947461156493	83.38154733301297	25.0	22.0	20.0	22.0	6243.0	2155.0	1797.0	2291.0	
66	758	209.38616916818629	191.3877121615935	32.0	26.0	27.0	25.0	7129.0	2268.0	2467.0	2394.0	
66	985	90.08772595120718	251.15585893060296	39.0	33.0	36.0	30.0	7911.0	2678.0	2607.0	2626.0	
66	1037	349.8002735978112	261.7781903459058	21.0	19.0	18.0	14.0	5117.0	2045.0	1749.0	1323.0	
66	1340	1.0826888756692443	339.5843743803292	24.0	22.0	23.0	18.0	5043.0	2100.0	1489.0	1454.0	
66	1397	89.13982324231631	356.0333729059491	43.0	41.0	37.0	32.0	7581.0	2894.0	2680.0	2007.0	
66	1410	545.0023246803564	353.6197210383572	24.0	23.0	21.0	20.0	5162.0	2000.0	1669.0	1493.0	
66	1906	510.19048723897913	468.7951276102088	21.0	20.0	15.0	12.0	4310.0	1872.0	1425.0	1013.0	
67	1364	377.58513436249285	340.46666666666664	37.0	37.0	28.0	28.0	8745.0	3415.0	2572.0	2758.0	
68	1364	377.58513436249285	340.46666666666664	37.0	37.0	28.0	28.0	8745.0	3415.0	2572.0	2758.0	
69	1364	377.58513436249285	340.46666666666664	37.0	37.0	28.0	28.0	8745.0	3415.0	2572.0	2758.0	
70	1193	111.10866845397676	313.10384271671137	23.0	23.0	19.0	20.0	5595.0	2088.0	1954.0	1552.0	
70	1348	392.200028534741	351.5510058496219	27.0	27.0	23.0	19.0	7009.0	2725.0	2431.0	1852.0	
70	1439	9.152528207271208	377.188675302967	18.0	16.0	13.0	15.0	4786.0	1797.0	1317.0	1671.0	
70	1784	303.06790670209625	467.3836728668438	31.0	30.0	26.0	27.0	6774.0	2637.0	1874.0	2263.0	
71	1193	111.10866845397676	313.10384271671137	23.0	23.0	19.0	20.0	5595.0	2088.0	1954.0	1552.0	
71	1348	392.200028534741	351.5510058496219	27.0	27.0	23.0	19.0	7009.0	2725.0	2431.0	1852.0	
71	1439	9.152528207271208	377.188675302967	18.0	16.0	13.0	15.0	4786.0	1797.0	1317.0	1671.0	
71	1784	303.06790670209625	467.3836728668438	31.0	30.0	26.0	27.0	6774.0	2637.0	1874.0	2263.0	
72	70	441.9573970037453	22.28589263420724	21.0	20.0	19.0	15.0	6408.0	2394.0	2156.0	1858.0	
72	617	192.4742418706613	157.57544757033247	21.0	21.0	19.0	19.0	8211.0	3385.0	2404.0	2422.0	
72	1747	520.7997475145968	447.21477039608646	26.0	25.0	20.0	20.0	6337.0	2591.0	2143.0	1603.0	
73	70	441.9573970037453	22.28589263420724	21.0	20.0	19.0	15.0	6408.0	2394.0	2156.0	1858.0	
73	617	192.4742418706613	157.57544757033247	21.0	21.0	19.0	19.0	8211.0	3385.0	2404.0	2422.0	
73	1747	520.7997475145968	447.21477039608646	26.0	25.0	20.0	20.0	6337.0	2591.0	2143.0	1603.0	
74	523	483.3332245075634	145.122646642725	32.0	29.0	28.0	26.0	9189.0	3236.0	2577.0	3376.0	
74	524	491.4968250913989	145.11776024629594	19.0	19.0	17.0	13.0	5197.0	1854.0	1776.0	1567.0	
74	835	137.6637575757576	223.83466666666664	18.0	18.0	13.0	12.0	4125.0	2043.0	1246.0	835.0	
74	1284	347.8011983105785	346.07789018760434	35.0	31.0	30.0	33.0	10181.0	3073.0	3107.0	4001.0	
74	1449	349.9267183738968	394.4969243113132	17.0	15.0	14.0	14.0	3739.0	1443.0	1144.0	1152.0	
74	1685	388.7557675628794	454.4865568083261	18.0	18.0	15.0	11.0	5765.0	2329.0	1984.0	1452.0	
75	523	483.3332245075634	145.122646642725	32.0	29.0	28.0	26.0	9189.0	3236.0	2577.0	3376.0	
75	524	491.4968250913989	145.11776024629594	19.0	19.0	17.0	13.0	5197.0	1854.0	1776.0	1567.0	
75	835	137.6637575757576	223.83466666666664	18.0	18.0	13.0	12.0	4125.0	2043.0	1246.0	835.0	
75	1284	347.8011983105785	346.07789018760434	35.0	31.0	30.0	33.0	10181.0	3073.0	3107.0	4001.0	
75	1449	349.9267183738968	394.4969243113132	17.0	15.0	14.0	14.0	3739.0	1443.0	1144.0	1152.0	
75	1685	388.7557675628794	454.4865568083261	18.0	18.0	15.0	11.0	5765.0	2329.0	1984.0	1452.0	
76	179	62.20331270476884	50.90607935930105	22.0	21.0	16.0	15.0	5494.0	2285.0	1565.0	1644.0	
76	726	283.99776735878544	197.0890823844608	18.0	15.0	12.0	17.0	4479.0	1443.0	1125.0	1911.0	
76	935	195.3623927660561	249.4491073498725	20.0	19.0	18.0	13.0	4313.0	1797.0	1358.0	1158.0	
76	1304	480.5381619937695	341.9833852544133	16.0	15.0	14.0	14.0	3852.0	1443.0	1303.0	1106.0	
76	1539	484.3208917835671	395.3669839679359	20.0	20.0	20.0	14.0	3992.0	1659.0	1360.0	973.0	
76	1575	546.4618406285073	405.047418630752	17.0	17.0	15.0	12.0	3564.0	1659.0	1148.0	757.0	
76	1786	435.3231414868105	464.7078836930456	26.0	21.0	21.0	20.0	6672.0	2990.0	2251.0	1431.0	
77	179	62.20331270476884	50.90607935930105	22.0	21.0	16.0	15.0	5494.0	2285.0	1565.0	1644.0	
77	726	283.99776735878544	197.0890823844608	18.0	15.0	12.0	17.0	4479.0	1443.0	1125.0	1911.0	
77	935	195.3623927660561	249.4491073498725	20.0	19.0	18.0	13.0	4313.0	1797.0	1358.0	1158.0	
77	1304	480.5381619937695	341.9833852544133	16.0	15.0	14.0	14.0	3852.0	1443.0	1303.0	1106.0	
77	1539	484.3208917835671	395.3669839679359	20.0	20.0	20.0	14.0	3992.0	1659.0	1360.0	973.0	
77	1575	546.4618406285073	405.047418630752	17.0	17.0	15.0	12.0	3564.0	1659.0	1148.0	757.0	
77	1786	435.3231414868105	464.7078836930456	26.0	21.0	21.0	20.0	6672.0	2990.0	2251.0	1431.0	
78	179	62.20331270476884	50.90607935930105	22.0	21.0	16.0	15.0	5494.0	2285.0	1565.0	1644.0	
78	726	283.99776735878544	197.0890823844608	18.0	15.0	12.0	17.0	4479.0	1443.0	1125.0	1911.0	
78	935	195.3623927660561	249.4491073498725	20.0	19.0	18.0	13.0	4313.0	1797.0	1358.0	1158.0	
78	1304	480.5381619937695	341.9833852544133	16.0	15.0	14.0	14.0	3852.0	1443.0	1303.0	1106.0	
78	1539	484.3208917835671	395.3669839679359	20.0	20.0	20.0	14.0	3992.0	1659.0	1360.0	973.0	
78	1575	546.4618406285073	405.047418630752	17.0	17.0	15.0	12.0	3564.0	1659.0	1148.0	757.0	
78	1786	435.3231414868105	464.7078836930456	26.0	21.0	21.0	20.0	6672.0	2990.0	2251.0	1431.0	
79	206	430.53257839721255	57.087630662020906	26.0	23.0	22.0	21.0	5740.0	1674.0	1930.0	2136.0	
79	698	51.70750716332378	185.83002865329516	34.0	29.0	26.0	29.0	8725.0	3032.0	2656.0	3037.0	
79	853	139.4869109947644	219.98565900295927	27.0	23.0	19.0	21.0	4393.0	1827.0	1176.0	1389.0	
79	1049	130.59663260900848	271.2479493452296	28.0	27.0	26.0	24.0	6949.0	2746.0	2278.0	1923.0	
80	206	430.53257839721255	57.087630662020906	26.0	23.0	22.0	21.0	5740.0	1674.0	1930.0	2136.0	
80	698	51.70750716332378	185.83002865329516	34.0	29.0	26.0	29.0	8725.0	3032.0	2656.0	3037.0	
80	853	139.4869109947644	219.98565900295927	27.0	23.0	19.0	21.0	4393.0	1827.0	1176.0	1389.0	
80	1049	130.59663260900848	271.2479493452296	28.0	27.0	26.0	24.0	6949.0	2746.0	2278.0	1923.0	
81	1064	597.8119041484154	266.6001030662201	19.0	19.0	17.0	12.0	3881.0	1813.0	1394.0	674.0	
81	1065	94.57099889187906	268.57527307266105	24.0	20.0	19.0	22.0	6317.0	1985.0	1894.0	2437.0	
81	1695	572.2419637638808	422.1607247223845	13.0	13.0	11.0	9.0	3422.0	1443.0	1320.0	659.0	
81	1866	537.5078534031413	466.1430271299381	16.0	16.0	14.0	15.0	4202.0	1872.0	1393.0	937.0	
81	1888	222.10561423012783	475.6322957198444	23.0	19.0	20.0	20.0	7196.0	2296.0	2354.0	2546.0	
82	1064	597.8119041484154	266.6001030662201	19.0	19.0	17.0	12.0	3881.0	1813.0	1394.0	674.0	
82	1065	94.57099889187906	268.57527307266105	24.0	20.0	19.0	22.0	6317.0	1985.0	1894.0	2437.0	
82	1695	572.2419637638808	422.1607247223845	13.0	13.0	11.0	9.0	3422.0	1443.0	1320.0	659.0	
82	1866	537.5078534031413	466.1430271299381	16.0	16.0	14.0	15.0	4202.0	1872.0	1393.0	937.0	
82	1888	222.10561423012783	475.6322957198444	23.0	19.0	20.0	20.0	7196.0	2296.0	2354.0	2546.0	
83	217	365.2329727258876	56.69251866524456	20.0	18.0	18.0	20.0	6563.0	2217.0	1881.0	2465.0	
83	361	326.1080034423408	96.73866896156052	21.0	20.0	19.0	20.0	6972.0	2499.0	1904.0	2568.0	
83	886	593.8451551614946	225.8209309689677	27.0	22.0	24.0	24.0	6316.0	2282.0	1980.0	2053.0	
83	1241	139.873323868118	317.2110743019404	20.0	19.0	17.0	19.0	6339.0	2375.0	2167.0	1796.0	
83	1415	316.6842843779233	359.95525413158714	24.0	22.0	18.0	21.0	6414.0	2277.0	2080.0	2057.0	
83	1572	433.0090361445783	400.6771084337349	22.0	22.0	20.0	20.0	4980.0	2053.0	1460.0	1467.0	
84	217	365.2329727258876	56.69251866524456	20.0	18.0	18.0	20.0	6563.0	2217.0	1881.0	2465.0	
84	361	326.1080034423408	96.73866896156052	21.0	20.0	19.0	20.0	6972.0	2499.0	1904.0	2568.0	
84	886	593.8451551614946	225.8209309689677	27.0	22.0	24.0	24.0	6316.0	2282.0	1980.0	2053.0	
84	1241	139.873323868118	317.2110743019404	20.0	19.0	17.0	19.0	6339.0	2375.0	2167.0	1796.0	
84	1415	316.6842843779233	359.95525413158714	24.0	22.0	18.0	21.0	6414.0	2277.0	2080.0	2057.0	
84	1572	433.0090361445783	400.6771084337349	22.0	22.0	20.0	20.0	4980.0	2053.0	1460.0	1467.0	
85	1681	441.1947996589941	435.3678601875533	15.0	15.0	13.0	11.0	4692.0	1674.0	1706.0	1312.0	
86	1681	441.1947996589941	435.3678601875533	15.0	15.0	13.0	11.0	4692.0	1674.0	1706.0	1312.0	
87	1681	441.1947996589941	435.3678601875533	15.0	15.0	13.0	11.0	4692.0	1674.0	1706.0	1312.0	
88	148	532.2170956775134	37.90917921321029	18.0	18.0	12.0	11.0	4118.0	2010.0	1520.0	588.0	
88	812	563.1149000273898	210.25499863051215	31.0	31.0	29.0	27.0	7302.0	2683.0	2621.0	1998.0	
89	148	532.2170956775134	37.90917921321029	18.0	18.0	12.0	11.0	4118.0	2010.0	1520.0	588.0	
89	812	563.1149000273898	210.25499863051215	31.0	31.0	29.0	27.0	7302.0	2683.0	2621.0	1998.0	
90	635	619.1119036297353	159.4675859882707	28.0	26.0	24.0	23.0	6309.0	2328.0	2033.0	1947.0	
90	666	246.88322884012535	167.58620689655172	17.0	16.0	14.0	11.0	3828.0	1443.0	1277.0	1108.0	
90	950	111.26157673172598	235.052812858783	16.0	15.0	14.0	10.0	5226.0	2056.0	1940.0	1229.0	
90	974	613.6802105609476	238.8812304655371	27.0	25.0	24.0	22.0	6079.0	2169.0	1716.0	2194.0	
90	1588	272.56357493857496	396.1245393120393	24.0	18.0	17.0	21.0	6512.0	2220.0	1773.0	2519.0	
90	1619	496.1333914559721	405.9330136588201	27.0	27.0	20.0	22.0	6882.0	3202.0	1822.0	1858.0	
91	635	619.1119036297353	159.4675859882707	28.0	26.0	24.0	23.0	6309.0	2328.0	2033.0	1947.0	
91	666	246.88322884012535	167.58620689655172	17.0	16.0	14.0	11.0	3828.0	1443.0	1277.0	1108.0	
91	950	111.26157673172598	235.052812858783	16.0	15.0	14.0	10.0	5226.0	2056.0	1940.0	1229.0	
91	974	613.6802105609476	238.8812304655371	27.0	25.0	24.0	22.0	6079.0	2169.0	1716.0	2194.0	
91	1588	272.56357493857496	396.1245393120393	24.0	18.0	17.0	21.0	6512.0	2220.0	1773.0	2519.0	
91	1619	496.1333914559721	405.9330136588201	27.0	27.0	20.0	22.0	6882.0	3202.0	1822.0	1858.0	
92	7	481.6420486175543	3.2954165893486733	27.0	26.0	19.0	20.0	5389.0	2434.0	1409.0	1546.0	
92	1241	63.442594333288575	309.66872566134015	29.0	29.0	22.0	22.0	7447.0	2611.0	2396.0	2440.0	
92	1461	29.417548226509023	368.30413814561297	25.0	23.0	25.0	22.0	6428.0	2006.0	2255.0	2166.0	
92	1564	367.9903688043223	391.8689217758985	17.0	15.0	16.0	12.0	4257.0	1443.0	1544.0	1270.0	
93	7	481.6420486175543	3.2954165893486733	27.0	26.0	19.0	20.0	5389.0	2434.0	1409.0	1546.0	
93	1241	63.442594333288575	309.66872566134015	29.0	29.0	22.0	22.0	7447.0	2611.0	2396.0	2440.0	
93	1461	29.417548226509023	368.30413814561297	25.0	23.0	25.0	22.0	6428.0	2006.0	2255.0	2166.0	
93	1564	367.9903688043223	391.8689217758985	17.0	15.0	16.0	12.0	4257.0	1443.0	1544.0	1270.0	
94	7	481.6420486175543	3.2954165893486733	27.0	26.0	19.0	20.0	5389.0	2434.0	1409.0	1546.0	
94	1241	63.442594333288575	309.66872566134015	29.0	29.0	22.0	22.0	7447.0	2611.0	2396.0	2440.0	
94	1461	29.417548226509023	368.30413814561297	25.0	23.0	25.0	22.0	6428.0	2006.0	2255.0	2166.0	
94	1564	367.9903688043223	391.8689217758985	17.0	15.0	16.0	12.0	4257.0	1443.0	1544.0	1270.0	
95	830	567.8671019376579	205.08150800336983	19.0	18.0	14.0	14.0	4748.0	2285.0	1257.0	1206.0	
95	905	140.42303575251552	229.39841575679725	30.0	30.0	22.0	22.0	4671.0	1959.0	1432.0	1279.0	
96	830	567.8671019376579	205.08150800336983	19.0	18.0	14.0	14.0	4748.0	2285.0	1257.0	1206.0	
96	905	140.42303575251552	229.39841575679725	30.0	30.0	22.0	22.0	4671.0	1959.0	1432.0	1279.0	
97	149	426.76359302845225	39.64605988380754	27.0	24.0	19.0	20.0	6713.0	2696.0	1807.0	2210.0	
97	649	478.92261650277896	166.33433091064558	20.0	18.0	15.0	14.0	4678.0	1869.0	1402.0	1407.0	
97	1204	276.1185704742819	311.9817969271877	19.0	16.0	18.0	19.0	5988.0	1803.0	1618.0	2567.0	
97	1407	602.4098450569039	368.599341834636	28.0	25.0	19.0	20.0	7293.0	2807.0	2207.0	2279.0	
98	149	426.76359302845225	39.64605988380754	27.0	24.0	19.0	20.0	6713.0	2696.0	1807.0	2210.0	
98	649	478.92261650277896	166.33433091064558	20.0	18.0	15.0	14.0	4678.0	1869.0	1402.0	1407.0	
98	1204	276.1185704742819	311.9817969271877	19.0	16.0	18.0	19.0	5988.0	1803.0	1618.0	2567.0	
98	1407	602.4098450569039	368.599341834636	28.0	25.0	19.0	20.0	7293.0	2807.0	2207.0	2279.0	
99	729	325.988654353562	184.64089709762533	15.0	12.0	14.0	12.0	3790.0	1443.0	1266.0	1079.0	
99	758	558.2181610508281	191.20807157814585	16.0	14.0	13.0	14.0	5253.0	1872.0	1798.0	1583.0	
99	975	560.4967609955677	241.05932492328677	24.0	23.0	22.0	20.0	5866.0	2045.0	2060.0	1761.0	
99	1207	237.88986043383215	302.83487472675296	19.0	18.0	17.0	17.0	5947.0	2232.0	1853.0	1862.0	
99	1500	382.0747119748633	384.5055277551496	35.0	32.0	31.0	31.0	8593.0	3368.0	2709.0	2516.0	
99	1810	185.74123006833716	459.9248291571754	18.0	18.0	14.0	12.0	4390.0	2118.0	1220.0	1052.0	
99	1848	23.80290484593457	469.8073842812543	26.0	25.0	20.0	21.0	7367.0	2874.0	2290.0	2203.0	
100	729	325.988654353562	184.64089709762533	15.0	12.0	14.0	12.0	3790.0	1443.0	1266.0	1079.0	
100	758	558.2181610508281	191.20807157814585	16.0	14.0	13.0	14.0	5253.0	1872.0	1798.0	1583.0	
100	975	560.4967609955677	241.05932492328677	24.0	23.0	22.0	20.0	5866.0	2045.0	2060.0	1761.0	
100	1207	237.88986043383215	302.83487472675296	19.0	18.0	17.0	17.0	5947.0	2232.0	1853.0	1862.0	
100	1500	382.0747119748633	384.5055277551496	35.0	32.0	31.0	31.0	8593.0	3368.0	2709.0	2516.0	
100	1810	185.74123006833716	459.9248291571754	18.0	18.0	14.0	12.0	4390.0	2118.0	1220.0	1052.0	
100	1848	23.80290484593457	469.8073842812543	26.0	25.0	20.0	21.0	7367.0	2874.0	2290.0	2203.0	
101	729	325.988654353562	184.64089709762533	15.0	12.0	14.0	12.0	3790.0	1443.0	1266.0	1079.0	
101	758	558.2181610508281	191.20807157814585	16.0	14.0	13.0	14.0	5253.0	1872.0	1798.0	1583.0	
101	975	560.4967609955677	241.05932492328677	24.0	23.0	22.0	20.0	5866.0	2045.0	2060.0	1761.0	
101	1207	237.88986043383215	302.83487472675296	19.0	18.0	17.0	17.0	5947.0	2232.0	1853.0	1862.0	
101	1500	382.0747119748633	384.5055277551496	35.0	32.0	31.0	31.0	8593.0	3368.0	2709.0	2516.0	
101	1810	185.74123006833716	459.9248291571754	18.0	18.0	14.0	12.0	4390.0	2118.0	1220.0	1052.0	
101	1848	23.80290484593457	469.8073842812543	26.0	25.0	20.0	21.0	7367.0	2874.0	2290.0	2203.0	
104	142	225.7724573125464	37.91481069042316	25.0	25.0	22.0	18.0	5388.0	2307.0	1858.0	1223.0	
104	288	176.2573726541555	73.93876111189502	25.0	24.0	24.0	23.0	7087.0	2335.0	2502.0	2250.0	
104	454	541.5190484112461	114.95125603061057	25.0	23.0	20.0	20.0	6011.0	2296.0	1683.0	2031.0	
104	826	209.68654199877372	210.42657878602083	27.0	27.0	27.0	23.0	6524.0	2327.0	2203.0	1994.0	
104	1081	512.1568352879398	278.6437948538421	22.0	22.0	19.0	19.0	5713.0	2157.0	1753.0	1803.0	
104	1502	607.1635951233343	397.6223419336546	16.0	16.0	9.0	9.0	3527.0	1806.0	832.0	889.0	
104	1572	125.3888788262996	417.4117007788444	28.0	25.0	21.0	23.0	5521.0	1674.0	1555.0	2292.0	
104	1674	329.3067057530231	443.1528032246244	34.0	32.0	33.0	29.0	5458.0	1959.0	1952.0	1547.0	
105	142	225.7724573125464	37.91481069042316	25.0	25.0	22.0	18.0	5388.0	2307.0	1858.0	1223.0	
105	288	176.2573726541555	73.93876111189502	25.0	24.0	24.0	23.0	7087.0	2335.0	2502.0	2250.0	
105	454	541.5190484112461	114.95125603061057	25.0	23.0	20.0	20.0	6011.0	2296.0	1683.0	2031.0	
105	826	209.68654199877372	210.42657878602083	27.0	27.0	27.0	23.0	6524.0	2327.0	2203.0	1994.0	
105	1081	512.1568352879398	278.6437948538421	22.0	22.0	19.0	19.0	5713.0	2157.0	1753.0	1803.0	
105	1502	607.1635951233343	397.6223419336546	16.0	16.0	9.0	9.0	3527.0	1806.0	832.0	889.0	
105	1572	125.3888788262996	417.4117007788444	28.0	25.0	21.0	23.0	5521.0	1674.0	1555.0	2292.0	
105	1674	329.3067057530231	443.1528032246244	34.0	32.0	33.0	29.0	5458.0	1959.0	1952.0	1547.0	
106	1457	231.08061862454755	373.3507732806845	29.0	28.0	27.0	24.0	6078.0	2407.0	1966.0	1705.0	
106	1565	411.047054640275	396.068981865592	35.0	30.0	30.0	29.0	8437.0	2686.0	2787.0	2964.0	
107	1457	231.08061862454755	373.3507732806845	29.0	28.0	27.0	24.0	6078.0	2407.0	1966.0	1705.0	
107	1565	411.047054640275	396.068981865592	35.0	30.0	30.0	29.0	8437.0	2686.0	2787.0	2964.0	
108	1457	231.08061862454755	373.3507732806845	29.0	28.0	27.0	24.0	6078.0	2407.0	1966.0	1705.0	
108	1565	411.047054640275	396.068981865592	35.0	30.0	30.0	29.0	8437.0	2686.0	2787.0	2964.0	
109	274	67.03834561286001	78.4675150703282	32.0	32.0	26.0	23.0	5972.0	2724.0	1578.0	1670.0	
109	699	500.3856242548118	192.08226877874296	34.0	30.0	27.0	24.0	5871.0	2257.0	1939.0	1674.0	
110	274	67.03834561286001	78.4675150703282	32.0	32.0	26.0	23.0	5972.0	2724.0	1578.0	1670.0	
110	699	500.3856242548118	192.08226877874296	34.0	30.0	27.0	24.0	5871.0	2257.0	1939.0	1674.0	
111	333	552.7319438413664	84.56202055290201	24.0	24.0	22.0	21.0	6909.0	2674.0	1957.0	2278.0	
111	507	34.60325226651317	128.06187940710893	26.0	25.0	25.0	23.0	6949.0	2593.0	2474.0	1882.0	
111	628	621.9479246105241	151.9910665649853	37.0	32.0	31.0	34.0	9179.0	2725.0	2525.0	3928.0	
111	708	20.0116412762288	177.5204081632653	29.0	26.0	27.0	25.0	6958.0	2525.0	2284.0	2149.0	
111	922	143.06482721671577	232.58866863112775	36.0	36.0	33.0	29.0	7466.0	2883.0	2451.0	2132.0	
111	1818	103.85102195306584	453.2545041635125	31.0	30.0	21.0	20.0	6605.0	2864.0	2027.0	1714.0	
112	333	552.7319438413664	84.56202055290201	24.0	24.0	22.0	21.0	6909.0	2674.0	1957.0	2278.0	
112	507	34.60325226651317	128.06187940710893	26.0	25.0	25.0	23.0	6949.0	2593.0	2474.0	1882.0	
112	628	621.9479246105241	151.9910665649853	37.0	32.0	31.0	34.0	9179.0	2725.0	2525.0	3928.0	
112	708	20.0116412762288	177.5204081632653	29.0	26.0	27.0	25.0	6958.0	2525.0	2284.0	2149.0	
112	922	143.06482721671577	232.58866863112775	36.0	36.0	33.0	29.0	7466.0	2883.0	2451.0	2132.0	
112	1818	103.85102195306584	453.2545041635125	31.0	30.0	21.0	20.0	6605.0	2864.0	2027.0	1714.0	
113	1110	88.47797396112003	290.61449973247727	46.0	42.0	36.0	33.0	11214.0	4405.0	3495.0	3314.0	
113	1474	118.9080112721417	381.5859500805153	20.0	17.0	18.0	18.0	4968.0	1944.0	1488.0	1536.0	
113	1745	514.7469173236304	453.8002829997978	28.0	28.0	22.0	19.0	4947.0	2291.0	1589.0	1067.0	
114	1110	88.47797396112003	290.61449973247727	46.0	42.0	36.0	33.0	11214.0	4405.0	3495.0	3314.0	
114	1474	118.9080112721417	381.5859500805153	20.0	17.0	18.0	18.0	4968.0	1944.0	1488.0	1536.0	
114	1745	514.7469173236304	453.8002829997978	28.0	28.0	22.0	19.0	4947.0	2291.0	1589.0	1067.0	
115	1110	88.47797396112003	290.61449973247727	46.0	42.0	36.0	33.0	11214.0	4405.0	3495.0	3314.0	
115	1474	118.9080112721417	381.5859500805153	20.0	17.0	18.0	18.0	4968.0	1944.0	1488.0	1536.0	
115	1745	514.7469173236304	453.8002829997978	28.0	28.0	22.0	19.0	4947.0	2291.0	1589.0	1067.0	
116	548	372.6791915003887	138.8963462036797	19.0	19.0	13.0	10.0	3859.0	1688.0	1440.0	731.0	
116	713	398.67671360409634	184.03793785639476	39.0	31.0	33.0	32.0	8593.0	2777.0	2957.0	2857.0	
116	1059	343.70231323473644	262.8974213120971	14.0	13.0	13.0	13.0	5274.0	1803.0	1733.0	1738.0	
116	1748	279.9286584304855	441.6010092222029	20.0	19.0	16.0	16.0	5747.0	2375.0	1880.0	1491.0	
117	548	372.6791915003887	138.8963462036797	19.0	19.0	13.0	10.0	3859.0	1688.0	1440.0	731.0	
117	713	398.67671360409634	184.03793785639476	39.0	31.0	33.0	32.0	8593.0	2777.0	2957.0	2857.0	
117	1059	343.70231323473644	262.8974213120971	14.0	13.0	13.0	13.0	5274.0	1803.0	1733.0	1738.0	
117	1748	279.9286584304855	441.6010092222029	20.0	19.0	16.0	16.0	5747.0	2375.0	1880.0	1491.0	
118	65	603.119415913872	18.363445118178443	24.0	24.0	20.0	18.0	8081.0	3011.0	2620.0	2450.0	
118	477	359.9396860986547	121.32062780269058	16.0	15.0	14.0	14.0	4460.0	1762.0	1326.0	1372.0	
118	1418	278.89815322728106	373.72060705796304	20.0	19.0	16.0	16.0	5469.0	1959.0	1593.0	1917.0	
119	65	603.119415913872	18.363445118178443	24.0	24.0	20.0	18.0	8081.0	3011.0	2620.0	2450.0	
119	477	359.9396860986547	121.32062780269058	16.0	15.0	14.0	14.0	4460.0	1762.0	1326.0	1372.0	
119	1418	278.89815322728106	373.72060705796304	20.0	19.0	16.0	16.0	5469.0	1959.0	1593.0	1917.0	
120	1258	411.960027100271	312.516711833785	16.0	16.0	13.0	12.0	4428.0	1659.0	1536.0	1233.0	
120	1457	389.68447663295984	363.8241322765783	30.0	24.0	28.0	25.0	7318.0	2634.0	2706.0	1978.0	
121	1258	411.960027100271	312.516711833785	16.0	16.0	13.0	12.0	4428.0	1659.0	1536.0	1233.0	
121	1457	389.68447663295984	363.8241322765783	30.0	24.0	28.0	25.0	7318.0	2634.0	2706.0	1978.0	
122	627	245.31973355537053	163.48542880932555	18.0	18.0	18.0	16.0	7206.0	2560.0	2470.0	2176.0	
122	1140	334.66849215041987	285.24333698430087	15.0	15.0	14.0	13.0	5478.0	1806.0	1781.0	1891.0	
122	1404	198.4704756697649	354.26066156369603	24.0	23.0	22.0	18.0	7316.0	2750.0	2433.0	2132.0	
123	627	245.31973355537053	163.48542880932555	18.0	18.0	18.0	16.0	7206.0	2560.0	2470.0	2176.0	
123	1140	334.66849215041987	285.24333698430087	15.0	15.0	14.0	13.0	5478.0	1806.0	1781.0	1891.0	
123	1404	198.4704756697649	354.26066156369603	24.0	23.0	22.0	18.0	7316.0	2750.0	2433.0	2132.0	
124	627	245.31973355537053	163.48542880932555	18.0	18.0	18.0	16.0	7206.0	2560.0	2470.0	2176.0	
124	1140	334.66849215041987	285.24333698430087	15.0	15.0	14.0	13.0	5478.0	1806.0	1781.0	1891.0	
124	1404	198.4704756697649	354.26066156369603	24.0	23.0	22.0	18.0	7316.0	2750.0	2433.0	2132.0	
