Value	Count
4.0	234
5.0	204
12.0	187
9.0	180
7.0	170
19.0	168
13.0	164
8.0	164
14.0	160
6.0	150
11.0	147
17.0	146
16.0	145
24.0	139
15.0	138
20.0	137
28.0	133
36.0	132
64.0	126
25.0	122
21.0	122
27.0	121
30.0	120
22.0	119
46.0	116
26.0	115
53.0	113
34.0	110
71.0	110
416.0	109
23.0	107
29.0	104
42.0	103
35.0	103
69.0	102
43.0	102
40.0	102
146.0	100
459.0	100
62.0	100
33.0	100
135.0	99
250.0	99
10.0	99
60.0	98
209.0	96
299.0	96
48.0	95
107.0	95
77.0	94
31.0	93
49.0	92
51.0	92
18.0	92
79.0	92
45.0	92
285.0	91
165.0	91
76.0	91
78.0	91
70.0	91
140.0	91
122.0	90
162.0	90
108.0	90
197.0	90
284.0	90
52.0	89
55.0	88
75.0	88
150.0	88
125.0	88
123.0	88
347.0	87
192.0	87
258.0	87
277.0	87
318.0	87
61.0	87
82.0	86
205.0	86
99.0	86
224.0	86
74.0	86
320.0	86
121.0	86
167.0	86
200.0	85
259.0	85
204.0	85
92.0	85
59.0	85
154.0	85
72.0	84
152.0	84
118.0	84
210.0	84
219.0	84
105.0	84
240.0	83
397.0	83
54.0	83
114.0	83
145.0	83
90.0	83
128.0	82
193.0	82
41.0	82
160.0	82
184.0	82
221.0	82
352.0	82
183.0	82
392.0	82
223.0	82
37.0	82
201.0	81
96.0	81
86.0	81
216.0	81
83.0	81
263.0	81
120.0	81
164.0	81
50.0	81
220.0	81
449.0	80
283.0	80
171.0	80
420.0	80
180.0	80
130.0	80
256.0	80
47.0	80
265.0	80
44.0	80
56.0	79
124.0	79
172.0	79
177.0	79
317.0	79
188.0	79
159.0	79
248.0	79
280.0	78
112.0	78
229.0	78
481.0	78
288.0	78
313.0	78
328.0	78
98.0	77
116.0	77
38.0	77
279.0	77
301.0	77
175.0	77
252.0	77
234.0	77
339.0	76
218.0	76
249.0	76
261.0	76
329.0	76
138.0	76
87.0	75
65.0	75
406.0	75
222.0	75
264.0	75
243.0	75
292.0	75
316.0	75
236.0	75
174.0	75
66.0	74
262.0	74
415.0	74
366.0	74
266.0	74
450.0	74
302.0	74
63.0	74
304.0	74
182.0	73
289.0	73
3.0	73
324.0	73
203.0	73
377.0	73
57.0	72
158.0	72
126.0	72
321.0	72
342.0	72
305.0	72
327.0	72
215.0	71
97.0	71
466.0	71
251.0	71
67.0	71
68.0	71
94.0	71
453.0	70
101.0	70
360.0	70
117.0	70
270.0	70
331.0	70
254.0	70
429.0	70
148.0	70
383.0	69
176.0	69
297.0	69
357.0	69
393.0	69
189.0	69
213.0	69
237.0	69
405.0	69
73.0	69
372.0	68
85.0	68
242.0	68
330.0	68
208.0	68
95.0	68
267.0	68
195.0	68
310.0	68
437.0	67
227.0	67
408.0	67
119.0	67
228.0	67
460.0	67
133.0	67
356.0	67
207.0	67
286.0	67
232.0	67
235.0	67
361.0	67
32.0	67
281.0	66
100.0	66
143.0	66
431.0	66
244.0	66
198.0	66
362.0	66
178.0	66
111.0	66
422.0	65
255.0	65
131.0	65
142.0	65
109.0	65
364.0	65
295.0	65
291.0	65
179.0	65
332.0	65
307.0	65
452.0	65
298.0	64
231.0	64
190.0	64
170.0	64
269.0	64
93.0	64
137.0	64
113.0	64
226.0	64
233.0	64
300.0	64
153.0	64
440.0	64
448.0	63
391.0	63
271.0	63
523.0	63
480.0	63
388.0	63
282.0	63
439.0	63
202.0	63
336.0	63
473.0	63
241.0	62
166.0	62
104.0	62
84.0	62
389.0	62
354.0	62
462.0	62
293.0	62
477.0	62
475.0	62
169.0	62
303.0	62
410.0	61
363.0	61
290.0	61
276.0	61
296.0	61
407.0	61
343.0	61
149.0	61
379.0	61
464.0	61
469.0	61
325.0	61
375.0	61
412.0	61
461.0	61
521.0	61
314.0	61
309.0	60
348.0	60
257.0	60
103.0	60
268.0	60
507.0	60
350.0	60
127.0	60
438.0	60
515.0	60
484.0	60
322.0	60
134.0	60
247.0	59
395.0	59
381.0	59
144.0	59
147.0	59
245.0	59
351.0	59
385.0	59
191.0	59
136.0	59
423.0	59
335.0	58
239.0	58
312.0	58
181.0	58
272.0	58
187.0	58
472.0	58
382.0	58
230.0	58
81.0	58
151.0	58
398.0	57
390.0	57
404.0	57
91.0	57
168.0	57
487.0	57
246.0	57
156.0	57
483.0	57
468.0	56
225.0	56
80.0	56
2.0	56
338.0	56
509.0	56
374.0	56
414.0	56
409.0	56
447.0	56
102.0	55
542.0	55
129.0	55
161.0	55
253.0	55
548.0	55
401.0	55
378.0	55
155.0	55
428.0	55
442.0	55
536.0	55
278.0	54
384.0	54
275.0	54
308.0	54
482.0	54
274.0	54
471.0	54
341.0	54
139.0	54
186.0	53
185.0	53
520.0	53
445.0	53
214.0	53
498.0	53
425.0	53
478.0	53
427.0	53
441.0	53
333.0	53
458.0	53
273.0	52
387.0	52
396.0	52
196.0	52
502.0	52
402.0	52
418.0	52
506.0	52
132.0	51
349.0	51
39.0	51
199.0	51
326.0	51
566.0	51
479.0	51
435.0	51
426.0	51
212.0	51
311.0	50
496.0	50
463.0	50
380.0	50
344.0	50
88.0	50
353.0	50
411.0	50
157.0	50
514.0	50
443.0	50
163.0	50
501.0	49
467.0	49
494.0	49
508.0	49
560.0	49
603.0	49
370.0	49
403.0	49
294.0	49
433.0	49
535.0	48
517.0	48
334.0	48
451.0	48
561.0	48
173.0	48
355.0	47
368.0	47
613.0	47
432.0	47
491.0	47
323.0	47
141.0	47
260.0	47
500.0	46
306.0	46
543.0	46
577.0	46
315.0	46
106.0	46
58.0	46
365.0	46
457.0	46
211.0	45
367.0	45
456.0	45
436.0	45
319.0	45
434.0	45
541.0	45
358.0	45
110.0	45
413.0	45
454.0	45
359.0	45
346.0	44
89.0	44
194.0	44
394.0	44
424.0	44
510.0	44
345.0	44
238.0	44
578.0	44
340.0	44
115.0	43
554.0	43
399.0	43
592.0	43
419.0	43
588.0	43
373.0	43
465.0	43
610.0	43
376.0	43
522.0	42
206.0	42
533.0	42
444.0	42
371.0	41
490.0	41
527.0	41
605.0	40
607.0	40
446.0	40
544.0	40
590.0	40
505.0	40
584.0	39
609.0	39
526.0	39
531.0	39
287.0	38
599.0	38
516.0	38
474.0	38
551.0	38
549.0	38
337.0	38
539.0	38
583.0	37
532.0	37
591.0	37
537.0	37
421.0	37
493.0	37
386.0	36
495.0	36
529.0	36
534.0	36
400.0	36
369.0	36
635.0	35
604.0	35
430.0	35
486.0	35
217.0	35
618.0	35
553.0	35
600.0	35
503.0	34
633.0	34
593.0	34
585.0	34
574.0	34
470.0	34
417.0	34
558.0	33
643.0	33
567.0	33
589.0	33
720.0	32
511.0	32
476.0	32
629.0	32
547.0	32
556.0	32
492.0	32
488.0	32
546.0	31
615.0	31
557.0	31
555.0	31
677.0	31
575.0	31
497.0	31
645.0	31
538.0	30
595.0	30
550.0	30
565.0	30
489.0	30
540.0	30
513.0	30
602.0	30
698.0	30
630.0	30
626.0	29
594.0	29
524.0	29
668.0	29
559.0	29
528.0	29
598.0	29
579.0	28
606.0	28
499.0	28
569.0	27
582.0	27
564.0	27
504.0	27
562.0	27
680.0	27
586.0	27
646.0	27
525.0	27
596.0	26
611.0	26
637.0	26
650.0	26
570.0	25
576.0	25
622.0	25
518.0	25
485.0	25
580.0	25
641.0	25
571.0	25
631.0	25
552.0	24
573.0	24
624.0	24
694.0	24
670.0	24
612.0	24
725.0	24
796.0	23
688.0	23
519.0	23
601.0	23
724.0	23
700.0	23
716.0	23
581.0	23
621.0	23
608.0	23
563.0	22
625.0	22
649.0	22
545.0	22
751.0	22
530.0	21
718.0	21
666.0	21
512.0	21
652.0	21
572.0	20
619.0	20
685.0	20
657.0	20
627.0	20
762.0	20
617.0	20
760.0	20
683.0	20
706.0	19
664.0	19
709.0	19
644.0	19
681.0	19
616.0	19
634.0	19
648.0	18
711.0	18
710.0	18
682.0	18
638.0	18
773.0	18
674.0	18
651.0	18
691.0	18
587.0	18
620.0	18
628.0	18
640.0	18
774.0	18
661.0	17
753.0	17
703.0	17
636.0	17
723.0	17
667.0	17
671.0	17
662.0	17
719.0	17
713.0	17
777.0	17
739.0	17
659.0	17
775.0	16
675.0	16
749.0	16
693.0	16
455.0	16
679.0	16
655.0	16
783.0	16
669.0	16
804.0	15
731.0	15
597.0	15
701.0	15
687.0	15
838.0	15
708.0	15
642.0	15
568.0	15
705.0	15
765.0	15
722.0	15
715.0	15
658.0	14
697.0	14
728.0	14
647.0	14
800.0	14
656.0	14
676.0	14
741.0	13
764.0	13
665.0	13
726.0	13
733.0	13
707.0	13
614.0	13
756.0	13
689.0	13
699.0	13
690.0	13
808.0	13
663.0	13
853.0	13
692.0	12
735.0	12
827.0	12
639.0	12
889.0	12
660.0	12
632.0	12
787.0	12
781.0	12
805.0	11
958.0	11
830.0	11
905.0	11
704.0	11
816.0	11
778.0	11
806.0	11
740.0	11
696.0	11
653.0	11
757.0	11
686.0	11
898.0	11
678.0	11
896.0	11
817.0	10
754.0	10
791.0	10
748.0	10
785.0	10
672.0	10
846.0	10
673.0	10
1163.0	10
712.0	10
744.0	10
776.0	10
727.0	10
684.0	10
766.0	10
841.0	10
770.0	10
811.0	10
930.0	9
730.0	9
717.0	9
794.0	9
797.0	9
729.0	9
1117.0	9
926.0	9
924.0	9
845.0	9
807.0	9
745.0	9
793.0	9
837.0	9
736.0	9
860.0	9
786.0	9
852.0	8
714.0	8
784.0	8
953.0	8
1247.0	8
695.0	8
1096.0	8
803.0	8
815.0	8
857.0	8
755.0	8
829.0	8
732.0	8
746.0	8
792.0	8
856.0	7
864.0	7
823.0	7
884.0	7
1234.0	7
812.0	7
801.0	7
1282.0	7
798.0	7
945.0	7
802.0	7
758.0	7
768.0	7
1026.0	7
1006.0	7
824.0	7
654.0	7
869.0	7
842.0	7
789.0	7
835.0	7
782.0	7
743.0	7
763.0	7
871.0	7
868.0	7
752.0	7
950.0	7
779.0	7
883.0	7
911.0	7
828.0	7
902.0	7
887.0	6
906.0	6
759.0	6
818.0	6
721.0	6
1069.0	6
969.0	6
928.0	6
1034.0	6
909.0	6
963.0	6
1046.0	6
825.0	6
734.0	6
820.0	6
623.0	6
795.0	6
819.0	6
1226.0	6
900.0	6
1195.0	6
933.0	6
1080.0	6
1146.0	6
865.0	6
937.0	6
750.0	6
836.0	6
936.0	6
761.0	6
959.0	6
956.0	6
1137.0	5
840.0	5
854.0	5
1230.0	5
967.0	5
948.0	5
972.0	5
971.0	5
813.0	5
1031.0	5
858.0	5
834.0	5
1249.0	5
737.0	5
1056.0	5
747.0	5
907.0	5
866.0	5
831.0	5
799.0	5
1104.0	5
1198.0	5
966.0	5
1233.0	5
983.0	5
1032.0	5
826.0	5
809.0	5
771.0	5
1027.0	5
855.0	5
814.0	5
1089.0	5
848.0	5
943.0	5
780.0	5
946.0	5
913.0	5
910.0	5
920.0	5
1042.0	5
879.0	5
891.0	5
1003.0	5
822.0	5
847.0	4
867.0	4
922.0	4
990.0	4
978.0	4
1074.0	4
931.0	4
939.0	4
1070.0	4
919.0	4
938.0	4
1217.0	4
702.0	4
1100.0	4
1109.0	4
767.0	4
1118.0	4
1179.0	4
850.0	4
1019.0	4
843.0	4
1289.0	4
1062.0	4
992.0	4
1161.0	4
1188.0	4
859.0	4
788.0	4
810.0	4
844.0	4
833.0	4
1039.0	4
769.0	4
890.0	4
881.0	4
1052.0	4
952.0	4
877.0	4
742.0	4
991.0	4
1219.0	4
1068.0	4
929.0	4
873.0	4
934.0	4
1587.0	4
1057.0	4
899.0	4
1507.0	3
849.0	3
1993.0	3
1376.0	3
1382.0	3
1450.0	3
1016.0	3
1875.0	3
1075.0	3
1107.0	3
984.0	3
1212.0	3
738.0	3
1577.0	3
999.0	3
1036.0	3
1401.0	3
1463.0	3
1025.0	3
1283.0	3
1048.0	3
1284.0	3
1530.0	3
1015.0	3
1268.0	3
1360.0	3
1140.0	3
1135.0	3
1150.0	3
1297.0	3
863.0	3
790.0	3
1043.0	3
772.0	3
2414.0	3
1578.0	3
993.0	3
1081.0	3
1260.0	3
1082.0	3
927.0	3
1765.0	3
1426.0	3
1375.0	3
2024.0	3
1177.0	3
2483.0	3
897.0	3
1781.0	3
1406.0	3
1132.0	3
964.0	3
1269.0	3
1309.0	3
1664.0	3
1091.0	3
1065.0	3
1608.0	3
1653.0	3
1988.0	3
1001.0	3
977.0	3
1484.0	3
912.0	3
1514.0	3
942.0	2
940.0	2
1045.0	2
2144.0	2
1123.0	2
1237.0	2
979.0	2
1278.0	2
2027.0	2
1437.0	2
947.0	2
1356.0	2
1238.0	2
987.0	2
965.0	2
1145.0	2
918.0	2
1266.0	2
1159.0	2
1324.0	2
2119.0	2
1011.0	2
1634.0	2
1124.0	2
1127.0	2
1099.0	2
997.0	2
1321.0	2
1574.0	2
1328.0	2
1220.0	2
1316.0	2
1312.0	2
1250.0	2
1270.0	2
880.0	2
1186.0	2
1720.0	2
1141.0	2
1021.0	2
1543.0	2
1808.0	2
1153.0	2
1501.0	2
1493.0	2
894.0	2
901.0	2
951.0	2
962.0	2
976.0	2
1055.0	2
1191.0	2
1059.0	2
1088.0	2
1112.0	2
1167.0	2
1526.0	2
1725.0	2
1633.0	2
875.0	2
1395.0	2
916.0	2
1115.0	2
1339.0	2
1182.0	2
1126.0	2
1308.0	2
1459.0	2
1125.0	2
1215.0	2
1304.0	2
2205.0	2
839.0	2
1160.0	2
1194.0	2
1172.0	2
1774.0	2
923.0	2
1539.0	2
1420.0	2
1044.0	2
1575.0	2
1293.0	2
1071.0	2
885.0	2
1119.0	2
1244.0	2
1073.0	2
1611.0	2
968.0	2
1162.0	2
1029.0	2
1076.0	2
1038.0	2
1110.0	2
1094.0	2
886.0	2
1205.0	2
821.0	2
1211.0	2
851.0	2
1022.0	2
1839.0	2
1303.0	2
1641.0	2
1325.0	2
1280.0	2
1176.0	2
1793.0	2
1120.0	2
960.0	2
1245.0	2
2217.0	2
1592.0	2
1276.0	2
1536.0	2
1151.0	2
1562.0	2
1023.0	2
1231.0	2
1272.0	2
921.0	2
944.0	2
1098.0	2
1816.0	2
1013.0	2
1343.0	2
1263.0	2
1378.0	2
1486.0	2
1092.0	2
1374.0	2
862.0	2
932.0	2
1662.0	2
1471.0	2
1147.0	2
1083.0	2
1192.0	2
1175.0	2
1000.0	2
1451.0	2
1549.0	2
1061.0	2
974.0	2
1287.0	2
1155.0	2
1365.0	2
1444.0	2
2244.0	2
1103.0	2
1403.0	2
1703.0	2
1185.0	2
1142.0	2
1138.0	2
1086.0	2
1604.0	2
1199.0	2
1183.0	2
888.0	2
1994.0	2
1169.0	2
1101.0	2
1589.0	2
861.0	2
1030.0	2
1331.0	2
1728.0	2
1008.0	1
1005.0	1
