Value	Count
12.0	137
15.0	135
27.0	114
33.0	98
21.0	94
24.0	94
36.0	93
39.0	92
57.0	91
48.0	72
18.0	72
30.0	72
60.0	67
43.0	67
34.0	67
42.0	64
45.0	63
44.0	61
19.0	59
69.0	58
82.0	58
11.0	57
51.0	56
84.0	56
72.0	53
13.0	52
147.0	52
22.0	51
63.0	51
99.0	51
79.0	51
71.0	50
992.0	49
25.0	49
14.0	48
26.0	48
119.0	47
35.0	47
47.0	47
66.0	46
364.0	45
168.0	45
77.0	44
58.0	44
28.0	44
110.0	44
62.0	43
180.0	43
41.0	43
1259.0	43
135.0	43
1038.0	43
1049.0	43
568.0	42
1052.0	42
78.0	42
394.0	42
630.0	42
29.0	41
174.0	41
1195.0	41
100.0	41
37.0	41
120.0	41
177.0	41
31.0	41
1363.0	40
90.0	40
237.0	40
1340.0	40
38.0	40
684.0	40
1307.0	40
1275.0	40
1039.0	40
23.0	39
832.0	39
409.0	39
418.0	39
20.0	39
171.0	39
61.0	39
833.0	39
1087.0	38
40.0	38
1249.0	38
1349.0	38
152.0	38
275.0	38
46.0	38
117.0	38
16.0	38
76.0	38
1011.0	38
81.0	37
1496.0	37
386.0	37
1338.0	37
467.0	37
118.0	37
336.0	37
8.0	37
70.0	37
190.0	37
685.0	37
784.0	37
121.0	37
111.0	37
283.0	37
767.0	36
89.0	36
241.0	36
269.0	36
108.0	36
10.0	36
17.0	36
1403.0	36
1045.0	36
88.0	36
96.0	36
159.0	36
92.0	36
123.0	36
106.0	36
538.0	36
844.0	35
1503.0	35
116.0	35
138.0	35
938.0	35
1227.0	35
93.0	35
1471.0	35
205.0	35
845.0	35
713.0	35
421.0	35
1391.0	35
216.0	35
746.0	35
83.0	35
185.0	35
1162.0	35
963.0	35
430.0	35
794.0	35
1406.0	35
107.0	34
411.0	34
1545.0	34
53.0	34
73.0	34
1534.0	34
1390.0	34
304.0	34
1050.0	34
471.0	34
1076.0	34
114.0	34
91.0	34
101.0	34
1108.0	34
1114.0	34
1325.0	34
1283.0	34
521.0	34
124.0	34
699.0	34
55.0	34
230.0	34
1147.0	34
688.0	34
130.0	34
415.0	34
461.0	34
54.0	34
163.0	34
148.0	33
127.0	33
1139.0	33
831.0	33
126.0	33
1048.0	33
1174.0	33
510.0	33
917.0	33
396.0	33
600.0	33
175.0	33
1613.0	33
323.0	33
317.0	33
911.0	33
771.0	33
1425.0	33
973.0	33
312.0	33
255.0	33
886.0	33
1273.0	33
166.0	33
328.0	33
775.0	33
195.0	33
824.0	33
307.0	33
334.0	33
1370.0	33
75.0	33
341.0	33
1137.0	32
1507.0	32
758.0	32
895.0	32
32.0	32
1291.0	32
956.0	32
1078.0	32
1398.0	32
1501.0	32
349.0	32
1212.0	32
1197.0	32
1367.0	32
136.0	32
946.0	32
780.0	32
1109.0	32
730.0	32
544.0	32
1418.0	32
731.0	32
1099.0	32
1096.0	32
1315.0	32
1143.0	32
913.0	32
321.0	32
1033.0	32
105.0	32
714.0	32
940.0	32
582.0	32
943.0	32
1287.0	32
1064.0	32
437.0	32
638.0	32
443.0	32
220.0	32
744.0	32
1118.0	31
372.0	31
297.0	31
1339.0	31
65.0	31
728.0	31
1158.0	31
541.0	31
86.0	31
567.0	31
611.0	31
1185.0	31
1434.0	31
1007.0	31
1591.0	31
215.0	31
224.0	31
1299.0	31
1184.0	31
1088.0	31
419.0	31
128.0	31
1023.0	31
515.0	31
755.0	31
98.0	31
648.0	31
855.0	31
1354.0	31
826.0	31
252.0	31
747.0	31
1574.0	31
1075.0	31
883.0	31
759.0	31
1061.0	31
1121.0	31
186.0	30
451.0	30
706.0	30
682.0	30
918.0	30
732.0	30
1113.0	30
680.0	30
206.0	30
652.0	30
251.0	30
1182.0	30
949.0	30
524.0	30
313.0	30
752.0	30
102.0	30
87.0	30
1376.0	30
455.0	30
80.0	30
1126.0	30
754.0	30
1187.0	30
1413.0	30
953.0	30
981.0	30
285.0	30
425.0	30
625.0	30
214.0	30
1295.0	30
223.0	30
592.0	30
811.0	30
306.0	30
59.0	30
1042.0	30
142.0	30
284.0	30
1465.0	30
546.0	30
1393.0	30
1030.0	30
1487.0	30
95.0	30
838.0	30
300.0	30
1383.0	30
370.0	30
281.0	30
1002.0	30
591.0	30
1336.0	29
724.0	29
176.0	29
1164.0	29
482.0	29
240.0	29
1348.0	29
465.0	29
149.0	29
1172.0	29
235.0	29
484.0	29
1217.0	29
446.0	29
225.0	29
137.0	29
741.0	29
581.0	29
1444.0	29
1199.0	29
182.0	29
1245.0	29
705.0	29
1178.0	29
203.0	29
248.0	29
479.0	29
282.0	29
579.0	29
261.0	29
769.0	29
853.0	29
1296.0	29
753.0	29
1214.0	29
894.0	29
867.0	29
550.0	29
997.0	29
50.0	29
727.0	29
444.0	29
296.0	29
1138.0	29
839.0	29
1372.0	29
1374.0	29
355.0	28
9.0	28
782.0	28
68.0	28
184.0	28
52.0	28
627.0	28
85.0	28
134.0	28
537.0	28
1300.0	28
1133.0	28
1127.0	28
431.0	28
475.0	28
1474.0	28
887.0	28
830.0	28
172.0	28
1426.0	28
1321.0	28
1266.0	28
1436.0	28
104.0	28
1578.0	28
1473.0	28
440.0	28
1378.0	28
1346.0	28
1326.0	28
1368.0	28
1541.0	28
1150.0	28
238.0	28
818.0	28
485.0	28
1132.0	28
848.0	28
204.0	28
1320.0	28
1445.0	28
622.0	28
906.0	28
1120.0	28
259.0	28
987.0	28
363.0	28
721.0	28
1077.0	28
986.0	28
928.0	28
874.0	28
243.0	28
1208.0	28
1294.0	27
493.0	27
154.0	27
687.0	27
1314.0	27
160.0	27
1382.0	27
414.0	27
207.0	27
1111.0	27
131.0	27
681.0	27
1092.0	27
198.0	27
348.0	27
460.0	27
1254.0	27
211.0	27
192.0	27
736.0	27
776.0	27
1189.0	27
1059.0	27
1563.0	27
1486.0	27
325.0	27
1116.0	27
314.0	27
1611.0	27
277.0	27
655.0	27
890.0	27
1041.0	27
837.0	27
763.0	27
1482.0	27
381.0	27
673.0	27
562.0	27
1216.0	27
466.0	27
1248.0	27
536.0	27
109.0	27
692.0	27
577.0	27
501.0	27
1733.0	27
1124.0	27
335.0	27
332.0	27
1469.0	27
194.0	27
1548.0	27
1284.0	27
347.0	27
585.0	27
375.0	27
1047.0	27
850.0	27
1021.0	27
594.0	27
1329.0	27
229.0	26
1324.0	26
94.0	26
1081.0	26
113.0	26
213.0	26
695.0	26
995.0	26
1432.0	26
1298.0	26
1519.0	26
1371.0	26
872.0	26
957.0	26
210.0	26
245.0	26
1389.0	26
1522.0	26
165.0	26
843.0	26
636.0	26
870.0	26
1369.0	26
1004.0	26
1244.0	26
339.0	26
1285.0	26
1067.0	26
1350.0	26
955.0	26
722.0	26
1676.0	26
671.0	26
144.0	26
1316.0	26
187.0	26
298.0	26
1044.0	26
558.0	26
67.0	26
125.0	26
1510.0	26
1204.0	26
305.0	26
944.0	26
1365.0	26
1237.0	26
1034.0	26
1491.0	26
1079.0	26
200.0	26
858.0	26
545.0	26
228.0	26
1012.0	26
1289.0	26
711.0	26
878.0	26
557.0	26
473.0	26
257.0	26
1673.0	26
1020.0	26
217.0	26
586.0	26
1399.0	26
287.0	26
910.0	26
1241.0	26
896.0	26
383.0	25
975.0	25
1219.0	25
459.0	25
1181.0	25
423.0	25
155.0	25
1286.0	25
97.0	25
840.0	25
1568.0	25
1499.0	25
765.0	25
189.0	25
1080.0	25
191.0	25
1129.0	25
786.0	25
1609.0	25
274.0	25
639.0	25
1274.0	25
757.0	25
129.0	25
865.0	25
576.0	25
1163.0	25
1515.0	25
1006.0	25
1093.0	25
162.0	25
921.0	25
676.0	25
817.0	25
1168.0	25
1360.0	25
436.0	25
691.0	25
258.0	25
1387.0	25
56.0	25
1220.0	25
1242.0	25
779.0	25
909.0	25
140.0	25
1251.0	25
472.0	25
958.0	25
260.0	25
628.0	25
1763.0	25
331.0	25
401.0	25
1513.0	25
1505.0	25
1313.0	25
1225.0	25
745.0	25
158.0	25
1176.0	25
1362.0	25
945.0	25
726.0	25
556.0	24
823.0	24
851.0	24
607.0	24
1463.0	24
1230.0	24
429.0	24
1577.0	24
402.0	24
1082.0	24
1194.0	24
1258.0	24
862.0	24
333.0	24
1110.0	24
900.0	24
1055.0	24
49.0	24
1431.0	24
690.0	24
1035.0	24
1239.0	24
202.0	24
965.0	24
1664.0	24
1481.0	24
464.0	24
1235.0	24
1028.0	24
1483.0	24
327.0	24
1136.0	24
319.0	24
985.0	24
806.0	24
1466.0	24
1559.0	24
645.0	24
391.0	24
351.0	24
1357.0	24
1623.0	24
678.0	24
935.0	24
1117.0	24
1094.0	24
434.0	24
1680.0	24
209.0	24
1668.0	24
819.0	24
1620.0	24
299.0	24
1306.0	24
534.0	24
1156.0	24
1524.0	24
367.0	24
1177.0	24
1744.0	24
803.0	24
469.0	24
122.0	23
522.0	23
932.0	23
222.0	23
362.0	23
1485.0	23
315.0	23
1656.0	23
904.0	23
1331.0	23
961.0	23
495.0	23
528.0	23
1086.0	23
1560.0	23
218.0	23
1618.0	23
773.0	23
115.0	23
256.0	23
1104.0	23
1089.0	23
393.0	23
1585.0	23
340.0	23
1247.0	23
552.0	23
1405.0	23
1180.0	23
999.0	23
1351.0	23
1161.0	23
290.0	23
1366.0	23
292.0	23
1586.0	23
1430.0	23
278.0	23
432.0	23
820.0	23
196.0	23
768.0	23
766.0	23
1232.0	23
619.0	23
1375.0	23
499.0	23
930.0	23
1167.0	23
1582.0	23
793.0	23
1271.0	23
1438.0	23
412.0	23
873.0	23
276.0	23
1531.0	23
1379.0	23
1544.0	23
1468.0	23
756.0	23
929.0	23
634.0	23
488.0	23
1083.0	23
1746.0	23
1128.0	23
338.0	23
774.0	23
723.0	23
1053.0	23
1424.0	23
416.0	23
477.0	23
470.0	23
389.0	23
1257.0	22
1439.0	22
1553.0	22
183.0	22
709.0	22
1353.0	22
1302.0	22
1448.0	22
772.0	22
1095.0	22
1385.0	22
593.0	22
1202.0	22
1355.0	22
539.0	22
1449.0	22
1694.0	22
64.0	22
303.0	22
869.0	22
1046.0	22
1612.0	22
208.0	22
246.0	22
1356.0	22
1500.0	22
1317.0	22
156.0	22
666.0	22
1165.0	22
1010.0	22
197.0	22
1166.0	22
743.0	22
1101.0	22
1131.0	22
1460.0	22
672.0	22
807.0	22
1478.0	22
1521.0	22
1573.0	22
1570.0	22
267.0	22
1175.0	22
1475.0	22
1282.0	22
1250.0	22
112.0	22
737.0	22
407.0	22
1226.0	22
563.0	22
1240.0	22
920.0	22
770.0	22
397.0	22
729.0	22
1036.0	22
439.0	22
1417.0	22
948.0	22
498.0	22
377.0	22
718.0	22
1743.0	22
1364.0	22
797.0	22
700.0	22
1279.0	22
1342.0	22
266.0	22
1031.0	22
1090.0	22
978.0	22
1459.0	22
1179.0	22
507.0	22
1097.0	22
1107.0	22
575.0	22
164.0	22
1106.0	22
664.0	22
517.0	22
1102.0	22
1394.0	22
322.0	22
1149.0	22
560.0	22
1221.0	21
1530.0	21
967.0	21
435.0	21
1327.0	21
486.0	21
1458.0	21
308.0	21
264.0	21
994.0	21
658.0	21
1532.0	21
139.0	21
463.0	21
1454.0	21
1614.0	21
1477.0	21
273.0	21
150.0	21
1571.0	21
169.0	21
1512.0	21
936.0	21
1188.0	21
923.0	21
901.0	21
1003.0	21
667.0	21
329.0	21
926.0	21
1404.0	21
791.0	21
1543.0	21
708.0	21
378.0	21
866.0	21
178.0	21
428.0	21
1134.0	21
1125.0	21
892.0	21
897.0	21
1091.0	21
1606.0	21
1480.0	21
1411.0	21
976.0	21
1550.0	21
884.0	21
236.0	21
697.0	21
893.0	21
1895.0	21
566.0	21
868.0	21
1562.0	21
143.0	21
1322.0	21
1069.0	21
1704.0	21
908.0	21
1144.0	21
1160.0	21
199.0	21
748.0	21
413.0	21
219.0	21
1440.0	21
1359.0	21
233.0	21
1409.0	21
1027.0	21
523.0	21
1263.0	21
360.0	21
879.0	21
623.0	21
674.0	21
452.0	21
715.0	21
1140.0	21
422.0	20
792.0	20
513.0	20
966.0	20
1303.0	20
1173.0	20
602.0	20
380.0	20
496.0	20
359.0	20
703.0	20
787.0	20
877.0	20
613.0	20
1589.0	20
971.0	20
221.0	20
234.0	20
487.0	20
289.0	20
1453.0	20
373.0	20
1386.0	20
1554.0	20
650.0	20
1645.0	20
1278.0	20
847.0	20
796.0	20
250.0	20
846.0	20
1381.0	20
354.0	20
1580.0	20
1427.0	20
1264.0	20
489.0	20
809.0	20
542.0	20
1540.0	20
1497.0	20
1312.0	20
458.0	20
1361.0	20
962.0	20
712.0	20
1599.0	20
1461.0	20
614.0	20
694.0	20
379.0	20
532.0	20
1269.0	20
969.0	20
816.0	20
291.0	20
1228.0	20
1422.0	20
1072.0	20
1009.0	20
369.0	20
616.0	20
74.0	20
689.0	20
1105.0	20
1596.0	20
1022.0	20
750.0	20
590.0	20
410.0	20
518.0	20
571.0	20
982.0	20
1523.0	20
683.0	20
503.0	20
1492.0	20
644.0	20
572.0	20
1890.0	20
1839.0	20
438.0	20
912.0	20
669.0	20
1629.0	20
620.0	20
231.0	20
777.0	20
1332.0	20
553.0	20
1311.0	20
1626.0	19
1822.0	19
445.0	19
990.0	19
574.0	19
1632.0	19
854.0	19
548.0	19
1688.0	19
1597.0	19
624.0	19
637.0	19
330.0	19
1141.0	19
583.0	19
272.0	19
433.0	19
181.0	19
1084.0	19
456.0	19
462.0	19
1057.0	19
294.0	19
1396.0	19
1190.0	19
1476.0	19
1029.0	19
133.0	19
1334.0	19
941.0	19
392.0	19
1672.0	19
1661.0	19
1429.0	19
547.0	19
481.0	19
739.0	19
1520.0	19
927.0	19
1433.0	19
916.0	19
725.0	19
1019.0	19
934.0	19
1683.0	19
1644.0	19
525.0	19
626.0	19
670.0	19
1373.0	19
399.0	19
551.0	19
1709.0	19
596.0	19
1392.0	19
1410.0	19
179.0	19
1590.0	19
533.0	19
954.0	19
1401.0	19
448.0	19
1728.0	19
1817.0	19
318.0	19
132.0	19
188.0	19
1026.0	19
1051.0	19
1335.0	19
1043.0	19
942.0	19
599.0	19
1799.0	19
1732.0	19
309.0	19
1292.0	19
1024.0	19
453.0	19
153.0	19
247.0	18
790.0	18
849.0	18
693.0	18
1509.0	18
891.0	18
1414.0	18
1875.0	18
996.0	18
612.0	18
903.0	18
950.0	18
964.0	18
1820.0	18
265.0	18
632.0	18
812.0	18
1384.0	18
1152.0	18
1467.0	18
651.0	18
629.0	18
1566.0	18
1518.0	18
1435.0	18
1267.0	18
1867.0	18
1280.0	18
1624.0	18
1533.0	18
1265.0	18
103.0	18
813.0	18
988.0	18
1388.0	18
543.0	18
1621.0	18
1455.0	18
1074.0	18
388.0	18
1684.0	18
480.0	18
490.0	18
1536.0	18
799.0	18
1470.0	18
1605.0	18
1647.0	18
514.0	18
424.0	18
526.0	18
1288.0	18
1494.0	18
1752.0	18
1442.0	18
1112.0	18
641.0	18
357.0	18
1736.0	18
1625.0	18
1756.0	18
311.0	18
1297.0	18
1015.0	18
778.0	18
1305.0	18
450.0	18
1017.0	18
704.0	18
1281.0	18
827.0	18
520.0	18
468.0	18
342.0	18
979.0	18
1691.0	18
751.0	18
1420.0	17
1702.0	17
810.0	17
371.0	17
983.0	17
1443.0	17
569.0	17
1008.0	17
1207.0	17
1441.0	17
1758.0	17
1070.0	17
1123.0	17
761.0	17
1719.0	17
1262.0	17
679.0	17
980.0	17
601.0	17
665.0	17
1472.0	17
352.0	17
249.0	17
989.0	17
1098.0	17
1345.0	17
145.0	17
1551.0	17
157.0	17
1446.0	17
1276.0	17
1205.0	17
603.0	17
815.0	17
597.0	17
270.0	17
268.0	17
1192.0	17
1457.0	17
633.0	17
508.0	17
1484.0	17
288.0	17
1155.0	17
808.0	17
952.0	17
1556.0	17
657.0	17
972.0	17
1062.0	17
609.0	17
441.0	17
1547.0	17
1660.0	17
1561.0	17
789.0	17
608.0	17
1018.0	17
1066.0	17
2019.0	17
984.0	17
358.0	17
1056.0	17
882.0	17
635.0	17
880.0	17
660.0	17
1699.0	17
642.0	17
716.0	17
505.0	17
405.0	17
516.0	17
828.0	17
1193.0	17
1725.0	17
1215.0	17
1654.0	17
201.0	17
1157.0	17
1154.0	17
1222.0	17
835.0	17
1705.0	17
549.0	17
167.0	17
1462.0	16
519.0	16
1741.0	16
1552.0	16
1608.0	16
899.0	16
1211.0	16
1643.0	16
356.0	16
889.0	16
1377.0	16
1615.0	16
922.0	16
1456.0	16
587.0	16
800.0	16
659.0	16
374.0	16
631.0	16
390.0	16
738.0	16
573.0	16
559.0	16
530.0	16
1085.0	16
788.0	16
1557.0	16
675.0	16
1400.0	16
1838.0	16
702.0	16
1380.0	16
1186.0	16
242.0	16
1014.0	16
1333.0	16
802.0	16
1016.0	16
1408.0	16
1198.0	16
1261.0	16
1040.0	16
1063.0	16
1653.0	16
478.0	16
1542.0	16
1236.0	16
1504.0	16
885.0	16
1260.0	16
1200.0	16
860.0	16
1213.0	16
1740.0	16
326.0	16
512.0	16
271.0	16
998.0	16
863.0	16
733.0	16
1657.0	16
1488.0	16
1926.0	16
1610.0	16
1954.0	16
1238.0	16
561.0	16
668.0	16
1635.0	16
598.0	16
1565.0	16
1622.0	16
554.0	16
939.0	16
905.0	16
141.0	16
382.0	16
1782.0	16
852.0	16
1527.0	16
365.0	15
1145.0	15
1631.0	15
1191.0	15
1754.0	15
239.0	15
914.0	15
595.0	15
1452.0	15
656.0	15
1636.0	15
742.0	15
1268.0	15
1567.0	15
310.0	15
1025.0	15
1666.0	15
1319.0	15
653.0	15
970.0	15
350.0	15
1183.0	15
531.0	15
1723.0	15
1323.0	15
1343.0	15
696.0	15
1415.0	15
584.0	15
497.0	15
805.0	15
279.0	15
1253.0	15
353.0	15
1549.0	15
1146.0	15
1233.0	15
1054.0	15
1873.0	15
1330.0	15
801.0	15
841.0	15
764.0	15
1005.0	15
1032.0	15
384.0	15
262.0	15
907.0	15
1700.0	15
1304.0	15
1421.0	15
1790.0	15
263.0	15
426.0	15
1122.0	15
1569.0	15
1797.0	15
212.0	15
1310.0	15
1576.0	15
1058.0	15
226.0	15
1921.0	15
494.0	15
1598.0	15
663.0	15
1659.0	15
1737.0	15
1703.0	15
1687.0	15
1697.0	15
1841.0	15
1538.0	15
280.0	15
1859.0	15
875.0	15
506.0	15
376.0	15
1641.0	15
1231.0	15
822.0	15
1795.0	15
1412.0	15
1419.0	15
740.0	15
1638.0	15
707.0	14
1924.0	14
902.0	14
749.0	14
1931.0	14
861.0	14
1416.0	14
1807.0	14
993.0	14
395.0	14
2122.0	14
1464.0	14
1498.0	14
1209.0	14
1579.0	14
829.0	14
1738.0	14
1755.0	14
1525.0	14
1575.0	14
804.0	14
227.0	14
919.0	14
1803.0	14
734.0	14
1103.0	14
337.0	14
1603.0	14
1696.0	14
1602.0	14
1341.0	14
610.0	14
1130.0	14
876.0	14
1529.0	14
1815.0	14
578.0	14
1731.0	14
1277.0	14
710.0	14
991.0	14
881.0	14
1785.0	14
698.0	14
1447.0	14
1135.0	14
385.0	14
1159.0	14
1119.0	14
400.0	14
1711.0	14
924.0	14
1347.0	14
1564.0	14
1206.0	14
1604.0	14
662.0	14
346.0	14
570.0	14
1423.0	14
1153.0	14
1882.0	14
1655.0	14
1677.0	14
1071.0	14
857.0	14
1678.0	14
1750.0	14
529.0	14
476.0	14
1594.0	14
146.0	14
504.0	14
1352.0	14
1796.0	14
151.0	14
814.0	13
1037.0	13
302.0	13
454.0	13
859.0	13
1759.0	13
173.0	13
387.0	13
836.0	13
654.0	13
617.0	13
1784.0	13
1203.0	13
1671.0	13
254.0	13
1270.0	13
1686.0	13
1234.0	13
1224.0	13
1115.0	13
1170.0	13
1272.0	13
1775.0	13
1974.0	13
161.0	13
408.0	13
1593.0	13
1821.0	13
1630.0	13
1778.0	13
1293.0	13
1516.0	13
1142.0	13
1712.0	13
344.0	13
1328.0	13
1318.0	13
925.0	13
785.0	13
1652.0	13
1679.0	13
555.0	13
1581.0	13
420.0	13
615.0	13
1789.0	13
244.0	13
1840.0	13
1682.0	13
1793.0	13
1148.0	13
1169.0	13
604.0	13
232.0	13
1537.0	13
933.0	13
535.0	13
1301.0	13
417.0	13
398.0	13
1861.0	13
1792.0	13
286.0	13
1829.0	13
1760.0	13
502.0	13
1617.0	12
1745.0	12
661.0	12
864.0	12
647.0	12
649.0	12
760.0	12
1887.0	12
959.0	12
1717.0	12
403.0	12
1502.0	12
937.0	12
1748.0	12
1846.0	12
1506.0	12
1898.0	12
1810.0	12
449.0	12
1337.0	12
646.0	12
1201.0	12
1514.0	12
606.0	12
1854.0	12
1715.0	12
1690.0	12
1979.0	12
1885.0	12
915.0	12
1695.0	12
1068.0	12
491.0	12
1883.0	12
1607.0	12
968.0	12
588.0	12
1558.0	12
1252.0	12
643.0	12
1824.0	12
295.0	12
253.0	12
821.0	12
783.0	12
1769.0	12
735.0	12
1255.0	12
457.0	12
366.0	12
1000.0	12
1196.0	12
1397.0	12
1526.0	12
1395.0	12
1229.0	12
1256.0	12
1584.0	12
1642.0	12
842.0	12
605.0	12
1546.0	12
677.0	11
1587.0	11
1961.0	11
500.0	11
1831.0	11
343.0	11
1689.0	11
1708.0	11
717.0	11
1779.0	11
1802.0	11
621.0	11
1832.0	11
1809.0	11
1801.0	11
2032.0	11
1701.0	11
1757.0	11
1490.0	11
1100.0	11
474.0	11
1633.0	11
2062.0	11
1674.0	11
1762.0	11
361.0	11
1800.0	11
1073.0	11
951.0	11
1730.0	11
898.0	11
825.0	11
1888.0	11
1984.0	11
1495.0	11
1650.0	11
1776.0	11
1407.0	11
1539.0	11
1777.0	11
1402.0	11
2180.0	11
1987.0	11
1639.0	11
1223.0	11
492.0	11
1908.0	11
1649.0	11
974.0	10
1878.0	10
589.0	10
1903.0	10
2238.0	10
1246.0	10
1749.0	10
1884.0	10
1886.0	10
1721.0	10
511.0	10
1601.0	10
1595.0	10
1616.0	10
795.0	10
1922.0	10
1508.0	10
1662.0	10
1640.0	10
483.0	10
427.0	10
834.0	10
1909.0	10
1667.0	10
1735.0	10
1847.0	10
1308.0	10
1868.0	10
686.0	10
345.0	10
720.0	10
960.0	10
1945.0	10
1906.0	10
1663.0	10
1218.0	10
1862.0	10
1858.0	10
320.0	10
1720.0	10
2116.0	10
1479.0	10
1428.0	10
406.0	10
1787.0	10
2192.0	10
1891.0	10
1959.0	10
1658.0	10
1060.0	10
1981.0	10
1722.0	10
2150.0	9
1451.0	9
1646.0	9
1065.0	9
1919.0	9
1716.0	9
1493.0	9
1309.0	9
2003.0	9
618.0	9
1634.0	9
2994.0	9
1685.0	9
1013.0	9
1975.0	9
1517.0	9
1856.0	9
1905.0	9
2240.0	9
2004.0	9
1437.0	9
1813.0	9
1710.0	9
1739.0	9
404.0	9
1358.0	9
856.0	9
1969.0	9
2128.0	9
1812.0	9
1941.0	9
2038.0	9
442.0	9
1857.0	9
1788.0	9
2040.0	9
1713.0	9
1243.0	9
1780.0	9
368.0	9
1764.0	9
1718.0	9
1966.0	9
1844.0	9
1786.0	9
1665.0	9
1765.0	9
798.0	9
447.0	9
701.0	8
1600.0	8
2039.0	8
170.0	8
1900.0	8
1535.0	8
2008.0	8
1823.0	8
1814.0	8
1791.0	8
1210.0	8
1681.0	8
1899.0	8
1747.0	8
2178.0	8
1727.0	8
1997.0	8
540.0	8
1927.0	8
1555.0	8
762.0	8
1773.0	8
1842.0	8
2011.0	8
781.0	8
1977.0	8
2090.0	8
2132.0	8
2136.0	8
1675.0	8
316.0	8
2185.0	8
1835.0	8
1993.0	8
1816.0	8
1511.0	8
1767.0	8
1450.0	8
1583.0	8
1850.0	8
1771.0	8
1627.0	8
1706.0	8
640.0	8
2005.0	8
1798.0	8
1916.0	8
1877.0	7
1860.0	7
977.0	7
1995.0	7
1826.0	7
2140.0	7
1864.0	7
2162.0	7
2006.0	7
1572.0	7
2064.0	7
2112.0	7
2066.0	7
1637.0	7
2306.0	7
2157.0	7
1724.0	7
2102.0	7
888.0	7
1729.0	7
2013.0	7
2372.0	7
1670.0	7
2018.0	7
1619.0	7
931.0	7
2165.0	7
1912.0	7
1849.0	7
1772.0	7
2212.0	7
1923.0	7
1999.0	7
2772.0	7
301.0	7
1998.0	7
2253.0	7
1344.0	7
1938.0	7
2123.0	7
2017.0	7
2420.0	7
1768.0	7
2134.0	7
1171.0	7
1833.0	7
1818.0	7
2024.0	7
2067.0	7
1805.0	7
1874.0	7
1968.0	7
2072.0	7
193.0	6
2141.0	6
2082.0	6
1956.0	6
1290.0	6
1901.0	6
580.0	6
2519.0	6
2021.0	6
1967.0	6
1692.0	6
1902.0	6
1628.0	6
1489.0	6
509.0	6
1880.0	6
2406.0	6
1698.0	6
1893.0	6
2235.0	6
1949.0	6
2206.0	6
2265.0	6
3193.0	6
7.0	6
293.0	6
1825.0	6
2016.0	6
871.0	6
1837.0	6
1983.0	6
2747.0	6
1783.0	6
2466.0	6
2171.0	6
2078.0	6
2121.0	6
1693.0	6
1669.0	6
564.0	6
1753.0	6
2276.0	6
1881.0	6
1991.0	6
2130.0	6
1936.0	6
947.0	6
1970.0	6
1920.0	6
1869.0	6
1978.0	6
1761.0	6
2045.0	6
1843.0	6
2354.0	5
2374.0	5
565.0	5
2266.0	5
2725.0	5
324.0	5
1996.0	5
2353.0	5
2065.0	5
3292.0	5
1834.0	5
2152.0	5
2089.0	5
3026.0	5
2169.0	5
1001.0	5
1151.0	5
2070.0	5
3086.0	5
1872.0	5
2209.0	5
1910.0	5
2054.0	5
2598.0	5
1930.0	5
3268.0	5
2489.0	5
2028.0	5
2198.0	5
2251.0	5
2572.0	5
2186.0	5
1913.0	5
2327.0	5
1851.0	5
2139.0	5
1973.0	5
3616.0	5
2996.0	5
2958.0	5
1962.0	5
2075.0	5
1950.0	5
2659.0	5
1976.0	5
2023.0	5
2449.0	5
2376.0	5
2708.0	5
2998.0	5
2485.0	5
1946.0	5
2281.0	5
1889.0	5
2034.0	5
2048.0	5
2093.0	5
1734.0	5
2377.0	5
2079.0	5
1774.0	5
1781.0	5
2043.0	5
4235.0	5
2249.0	5
2786.0	5
1648.0	5
2528.0	5
2108.0	5
2194.0	5
2986.0	5
1892.0	5
2148.0	5
1960.0	5
1957.0	5
1770.0	5
1836.0	5
1989.0	5
2571.0	5
1915.0	5
2029.0	5
2073.0	5
2534.0	5
2053.0	5
2168.0	5
2042.0	4
2025.0	4
2027.0	4
1971.0	4
2256.0	4
2068.0	4
2439.0	4
2210.0	4
2562.0	4
2258.0	4
1982.0	4
2955.0	4
2022.0	4
2286.0	4
2245.0	4
2394.0	4
2882.0	4
2084.0	4
2279.0	4
2174.0	4
1751.0	4
1794.0	4
1904.0	4
1865.0	4
3069.0	4
2405.0	4
2247.0	4
1876.0	4
2746.0	4
1986.0	4
2508.0	4
2320.0	4
1766.0	4
2568.0	4
2007.0	4
2244.0	4
2530.0	4
2041.0	4
1651.0	4
2328.0	4
1940.0	4
1897.0	4
2457.0	4
3826.0	4
2270.0	4
2714.0	4
1819.0	4
2458.0	4
2324.0	4
2252.0	4
1828.0	4
2033.0	4
2081.0	4
2459.0	4
2154.0	4
1972.0	4
2105.0	4
2260.0	4
1853.0	4
1944.0	4
719.0	4
2381.0	4
1830.0	4
1707.0	4
1870.0	4
1808.0	4
2492.0	4
2086.0	4
1855.0	4
2557.0	4
2114.0	4
3719.0	4
1918.0	4
2387.0	4
2216.0	4
3059.0	4
2933.0	4
2145.0	4
3310.0	4
2115.0	4
1896.0	4
2225.0	4
1934.0	4
2773.0	3
3455.0	3
4159.0	3
5551.0	3
5251.0	3
2118.0	3
2091.0	3
2532.0	3
2338.0	3
3000.0	3
2295.0	3
2793.0	3
2242.0	3
2888.0	3
1958.0	3
2106.0	3
3466.0	3
2441.0	3
2751.0	3
3647.0	3
3415.0	3
2355.0	3
2422.0	3
2673.0	3
2237.0	3
4497.0	3
527.0	3
3406.0	3
3935.0	3
1994.0	3
2979.0	3
3099.0	3
2633.0	3
2392.0	3
5042.0	3
2997.0	3
3941.0	3
3760.0	3
4507.0	3
4012.0	3
4623.0	3
1988.0	3
3257.0	3
1963.0	3
2294.0	3
4090.0	3
2450.0	3
2617.0	3
3552.0	3
2329.0	3
4753.0	3
2602.0	3
3514.0	3
2147.0	3
3085.0	3
2875.0	3
2822.0	3
3144.0	3
2550.0	3
2501.0	3
2069.0	3
2950.0	3
2554.0	3
3862.0	3
2288.0	3
7236.0	3
2663.0	3
2505.0	3
3493.0	3
2117.0	3
2359.0	3
2290.0	3
2512.0	3
4115.0	3
3841.0	3
3513.0	3
3604.0	3
2333.0	3
2263.0	3
2616.0	3
3186.0	3
2202.0	3
2590.0	3
1964.0	3
1907.0	3
2310.0	3
2677.0	3
2928.0	3
4017.0	3
2077.0	3
2779.0	3
3278.0	3
3238.0	3
3366.0	3
2001.0	3
2131.0	3
2895.0	3
5844.0	3
3017.0	3
4257.0	3
2124.0	3
3714.0	3
2342.0	3
1726.0	3
3299.0	3
2046.0	3
3383.0	3
1992.0	3
3946.0	3
2009.0	3
3770.0	3
2098.0	3
4117.0	3
3031.0	3
3873.0	3
2275.0	3
4307.0	3
1929.0	3
2366.0	3
2564.0	3
2261.0	3
2674.0	3
2559.0	3
2113.0	3
2230.0	3
2596.0	3
2650.0	3
3228.0	3
2050.0	3
2063.0	3
2095.0	3
2949.0	3
3233.0	3
3699.0	3
3792.0	3
1917.0	3
2153.0	3
1804.0	3
3281.0	3
3344.0	3
2061.0	3
2431.0	3
2193.0	3
2272.0	3
5415.0	3
2262.0	3
6715.0	3
1742.0	3
2495.0	3
2221.0	3
2104.0	3
2101.0	3
3371.0	3
2055.0	3
4000.0	3
1852.0	3
4160.0	3
2037.0	3
2301.0	2
3412.0	2
3291.0	2
3285.0	2
2303.0	2
2972.0	2
1951.0	2
2358.0	2
2410.0	2
2189.0	2
2718.0	2
2820.0	2
2739.0	2
3704.0	2
2691.0	2
2259.0	2
4399.0	2
3050.0	2
3441.0	2
3361.0	2
3660.0	2
1933.0	2
2818.0	2
2257.0	2
3007.0	2
2460.0	2
4979.0	2
1871.0	2
1939.0	2
3696.0	2
2097.0	2
2100.0	2
2146.0	2
2002.0	2
2658.0	2
2135.0	2
2232.0	2
3322.0	2
2385.0	2
3916.0	2
3373.0	2
1952.0	2
3179.0	2
4632.0	2
2520.0	2
4333.0	2
2745.0	2
3114.0	2
2349.0	2
2036.0	2
2398.0	2
2187.0	2
3357.0	2
3810.0	2
3118.0	2
3198.0	2
3527.0	2
3016.0	2
2462.0	2
2723.0	2
2619.0	2
2947.0	2
2304.0	2
3529.0	2
3737.0	2
1866.0	2
2849.0	2
3354.0	2
2558.0	2
2865.0	2
4200.0	2
3037.0	2
3859.0	2
2442.0	2
3063.0	2
4675.0	2
3516.0	2
2182.0	2
2273.0	2
4043.0	2
2909.0	2
2649.0	2
4150.0	2
4662.0	2
2852.0	2
3039.0	2
4355.0	2
3036.0	2
2693.0	2
2305.0	2
2277.0	2
3422.0	2
1894.0	2
2446.0	2
2526.0	2
2000.0	2
2269.0	2
3043.0	2
4080.0	2
3352.0	2
2248.0	2
2900.0	2
4825.0	2
2170.0	2
2740.0	2
4528.0	2
3478.0	2
2440.0	2
2384.0	2
2436.0	2
2433.0	2
3004.0	2
2085.0	2
2343.0	2
2388.0	2
1848.0	2
2488.0	2
2241.0	2
2076.0	2
4379.0	2
2389.0	2
5429.0	2
3693.0	2
2951.0	2
2788.0	2
2368.0	2
2518.0	2
5354.0	2
2129.0	2
3052.0	2
3263.0	2
3724.0	2
2667.0	2
2916.0	2
2179.0	2
5983.0	2
2586.0	2
2990.0	2
2309.0	2
2393.0	2
2200.0	2
2771.0	2
2299.0	2
2447.0	2
2477.0	2
2499.0	2
2476.0	2
2759.0	2
2432.0	2
4375.0	2
3289.0	2
2483.0	2
4413.0	2
3125.0	2
2137.0	2
2176.0	2
2506.0	2
3576.0	2
4802.0	2
2661.0	2
2183.0	2
1827.0	2
3721.0	2
3793.0	2
3549.0	2
2625.0	2
3624.0	2
2468.0	2
2653.0	2
3421.0	2
2689.0	2
2461.0	2
3963.0	2
3501.0	2
3550.0	2
3062.0	2
2217.0	2
3795.0	2
2826.0	2
2543.0	2
3196.0	2
2313.0	2
2149.0	2
2851.0	2
5189.0	2
2761.0	2
2914.0	2
3293.0	2
4057.0	2
2847.0	2
2197.0	2
2175.0	2
2465.0	2
1990.0	2
2267.0	2
2411.0	2
3234.0	2
2930.0	2
2425.0	2
2274.0	2
2539.0	2
2010.0	2
2593.0	2
1714.0	2
3071.0	2
2167.0	2
3348.0	2
2493.0	2
2757.0	2
3456.0	2
3551.0	2
3061.0	2
2110.0	2
3722.0	2
1948.0	2
3806.0	2
2133.0	2
2945.0	2
2704.0	2
2591.0	2
3154.0	2
2184.0	2
2364.0	2
2421.0	2
5019.0	2
2161.0	2
2563.0	2
3235.0	2
3878.0	2
3710.0	2
3670.0	2
3139.0	2
2923.0	2
3612.0	2
3554.0	2
2811.0	2
2656.0	2
2125.0	2
2800.0	2
1811.0	2
1932.0	2
3171.0	2
2498.0	2
3892.0	2
3089.0	2
2768.0	2
2676.0	2
3145.0	2
3382.0	2
2635.0	2
2243.0	2
5349.0	2
2946.0	2
2012.0	2
2307.0	2
3269.0	2
2401.0	2
1588.0	2
2430.0	2
2190.0	2
2711.0	2
2540.0	2
2035.0	2
2214.0	2
5581.0	2
3858.0	2
2156.0	2
2074.0	2
2819.0	2
2409.0	2
2707.0	2
2490.0	2
4557.0	2
2552.0	2
2504.0	2
2666.0	2
2109.0	2
3678.0	2
2726.0	2
2862.0	2
3753.0	2
2672.0	2
2423.0	2
2935.0	2
2203.0	2
1863.0	2
3066.0	2
4431.0	2
2030.0	2
4602.0	2
3003.0	2
3029.0	2
2823.0	2
2060.0	2
3083.0	2
1592.0	2
3008.0	2
2878.0	2
3430.0	2
2083.0	2
2321.0	2
2803.0	2
3483.0	2
3064.0	2
3509.0	2
2781.0	2
2455.0	2
2335.0	2
2160.0	2
3282.0	2
2864.0	2
2541.0	2
2785.0	2
2254.0	2
3232.0	2
3319.0	2
2424.0	2
3845.0	2
3222.0	2
3778.0	2
3610.0	2
2710.0	2
3030.0	2
3288.0	2
2735.0	2
2655.0	2
2395.0	2
2769.0	2
3258.0	2
2382.0	2
6821.0	2
2486.0	2
3993.0	2
3277.0	2
5807.0	2
2896.0	2
2356.0	2
2901.0	2
2587.0	2
2059.0	2
3053.0	2
3628.0	2
3922.0	2
2743.0	2
2937.0	2
2887.0	2
2834.0	2
4820.0	2
2954.0	2
3168.0	2
2491.0	2
2592.0	2
3548.0	2
2968.0	2
2469.0	2
2177.0	2
4172.0	2
2555.0	2
1528.0	2
2052.0	2
2959.0	2
3111.0	2
3569.0	2
2380.0	2
3346.0	2
2201.0	2
2473.0	2
5187.0	2
2166.0	2
2964.0	2
2960.0	2
5154.0	2
3028.0	2
5039.0	2
2929.0	2
2300.0	2
3562.0	2
1935.0	2
2223.0	2
3563.0	2
2360.0	2
2806.0	2
5502.0	2
2797.0	2
2695.0	2
2924.0	2
3601.0	2
2336.0	2
2155.0	2
3432.0	2
4049.0	2
2285.0	2
2701.0	2
2567.0	2
2226.0	2
2627.0	2
3098.0	2
2814.0	2
3768.0	2
4937.0	2
3035.0	2
2863.0	2
1937.0	2
3241.0	2
2163.0	2
4056.0	2
2289.0	1
4374.0	1
3294.0	1
2837.0	1
