Value	Count
5.0	210
4.0	194
19.0	185
9.0	182
14.0	181
8.0	175
12.0	174
7.0	172
40.0	151
11.0	149
6.0	148
22.0	146
15.0	144
31.0	138
13.0	137
17.0	134
29.0	133
23.0	132
30.0	125
16.0	124
27.0	123
24.0	119
64.0	117
33.0	117
10.0	115
20.0	114
26.0	113
34.0	113
189.0	110
60.0	110
36.0	108
52.0	108
135.0	107
21.0	107
45.0	107
84.0	106
51.0	105
38.0	105
208.0	104
25.0	104
207.0	100
35.0	100
78.0	100
80.0	99
72.0	99
50.0	98
152.0	98
88.0	98
41.0	96
46.0	96
55.0	95
93.0	94
67.0	93
49.0	93
87.0	92
79.0	92
57.0	92
133.0	92
197.0	92
122.0	91
59.0	91
62.0	91
121.0	91
28.0	91
81.0	90
77.0	90
63.0	90
118.0	90
66.0	90
70.0	89
137.0	88
201.0	88
227.0	88
161.0	88
114.0	88
320.0	87
236.0	87
264.0	87
276.0	87
146.0	87
42.0	86
184.0	86
186.0	86
110.0	86
254.0	85
39.0	85
202.0	85
83.0	85
181.0	85
174.0	84
43.0	84
164.0	84
248.0	84
298.0	84
136.0	84
48.0	84
279.0	83
96.0	83
203.0	83
3.0	83
144.0	83
167.0	82
319.0	82
86.0	82
243.0	82
268.0	82
2.0	82
111.0	82
245.0	82
199.0	82
89.0	81
44.0	81
162.0	81
306.0	81
205.0	80
193.0	80
211.0	80
262.0	80
94.0	80
200.0	80
209.0	80
85.0	79
18.0	79
73.0	79
171.0	79
293.0	79
170.0	79
61.0	78
291.0	78
140.0	78
282.0	78
176.0	78
101.0	78
231.0	77
305.0	77
53.0	77
366.0	77
360.0	77
113.0	76
120.0	76
251.0	76
91.0	76
226.0	76
258.0	75
220.0	75
32.0	75
278.0	75
153.0	75
177.0	75
119.0	75
216.0	75
54.0	75
351.0	75
194.0	75
286.0	74
117.0	74
58.0	74
37.0	74
180.0	74
105.0	74
259.0	74
215.0	74
221.0	74
56.0	74
224.0	74
76.0	74
280.0	74
125.0	74
362.0	74
349.0	74
214.0	73
163.0	73
126.0	73
155.0	73
317.0	73
104.0	73
90.0	73
106.0	73
212.0	72
284.0	72
169.0	72
398.0	72
246.0	72
115.0	72
271.0	72
242.0	72
69.0	72
187.0	72
138.0	72
219.0	72
139.0	72
217.0	72
253.0	71
234.0	71
132.0	71
361.0	71
112.0	71
128.0	71
206.0	71
252.0	71
277.0	70
68.0	70
74.0	70
304.0	70
386.0	70
223.0	70
157.0	70
109.0	69
159.0	69
150.0	69
75.0	69
376.0	69
168.0	69
292.0	69
47.0	68
108.0	68
238.0	68
379.0	68
272.0	68
107.0	68
145.0	68
230.0	68
312.0	67
392.0	67
233.0	67
222.0	67
310.0	67
459.0	67
290.0	67
103.0	67
131.0	67
315.0	66
154.0	66
283.0	66
151.0	66
285.0	66
142.0	66
329.0	66
391.0	66
65.0	65
368.0	65
179.0	65
71.0	65
99.0	65
456.0	65
172.0	65
384.0	65
296.0	65
489.0	64
339.0	64
241.0	64
229.0	64
356.0	64
191.0	64
297.0	64
141.0	64
340.0	64
175.0	63
330.0	63
185.0	63
129.0	63
82.0	63
307.0	63
295.0	63
370.0	63
143.0	63
347.0	63
98.0	62
390.0	62
381.0	62
323.0	62
158.0	62
196.0	62
95.0	62
309.0	62
342.0	61
92.0	61
130.0	61
314.0	61
178.0	61
451.0	61
355.0	61
400.0	61
470.0	60
210.0	60
412.0	60
123.0	60
147.0	60
166.0	60
275.0	60
257.0	60
486.0	60
350.0	60
239.0	59
417.0	59
148.0	59
249.0	59
100.0	59
303.0	59
403.0	59
165.0	59
240.0	59
225.0	59
97.0	59
415.0	59
444.0	58
364.0	58
482.0	58
345.0	58
255.0	58
265.0	58
313.0	58
373.0	58
299.0	58
149.0	58
182.0	57
434.0	57
405.0	57
507.0	57
449.0	57
204.0	57
256.0	57
327.0	57
102.0	57
446.0	57
321.0	57
382.0	57
331.0	57
281.0	57
519.0	57
213.0	57
261.0	56
160.0	56
260.0	56
371.0	56
173.0	56
266.0	55
341.0	55
421.0	55
359.0	55
287.0	55
289.0	55
383.0	54
389.0	54
352.0	54
422.0	54
273.0	54
127.0	54
188.0	54
420.0	54
399.0	54
124.0	54
505.0	54
332.0	54
372.0	54
357.0	54
344.0	53
269.0	53
409.0	53
267.0	53
433.0	53
270.0	53
388.0	53
228.0	53
496.0	52
195.0	52
218.0	52
441.0	52
325.0	52
485.0	52
378.0	52
445.0	52
308.0	51
478.0	51
156.0	51
487.0	51
190.0	51
502.0	51
524.0	51
439.0	51
480.0	51
316.0	51
413.0	51
250.0	51
116.0	51
457.0	51
232.0	50
134.0	50
436.0	50
380.0	50
447.0	50
365.0	50
311.0	50
423.0	50
235.0	50
589.0	50
198.0	50
353.0	50
515.0	50
237.0	50
401.0	50
510.0	49
428.0	49
410.0	49
244.0	49
418.0	49
488.0	49
374.0	49
337.0	49
543.0	49
460.0	49
437.0	49
336.0	49
396.0	49
407.0	48
335.0	48
535.0	48
404.0	48
458.0	48
465.0	48
367.0	48
358.0	48
633.0	48
183.0	48
294.0	48
326.0	47
438.0	47
402.0	47
464.0	47
406.0	47
537.0	47
474.0	47
442.0	47
577.0	46
263.0	46
393.0	46
527.0	46
531.0	46
492.0	46
503.0	46
453.0	46
322.0	46
416.0	46
461.0	45
363.0	45
397.0	45
411.0	45
377.0	45
301.0	45
395.0	45
419.0	44
599.0	44
300.0	44
328.0	44
495.0	44
440.0	44
469.0	44
385.0	44
192.0	44
288.0	44
343.0	44
493.0	43
348.0	43
466.0	43
536.0	43
526.0	43
429.0	43
354.0	43
590.0	43
497.0	42
346.0	42
533.0	42
506.0	42
333.0	42
540.0	42
318.0	42
471.0	42
334.0	42
576.0	42
491.0	42
302.0	41
274.0	41
394.0	41
584.0	41
572.0	41
551.0	40
561.0	40
554.0	40
455.0	40
425.0	40
476.0	40
479.0	40
414.0	39
548.0	39
529.0	39
587.0	39
534.0	39
450.0	39
611.0	39
490.0	38
424.0	38
477.0	38
324.0	38
375.0	38
472.0	38
463.0	37
560.0	37
426.0	37
475.0	37
541.0	37
544.0	37
581.0	37
538.0	36
513.0	36
550.0	36
498.0	36
454.0	36
564.0	36
247.0	36
514.0	36
628.0	36
608.0	36
610.0	36
575.0	36
574.0	35
618.0	35
565.0	35
627.0	35
570.0	35
432.0	35
500.0	35
430.0	35
462.0	34
443.0	34
431.0	34
408.0	34
596.0	33
609.0	33
546.0	33
338.0	33
448.0	33
499.0	33
598.0	33
468.0	33
525.0	33
369.0	33
518.0	33
547.0	33
494.0	32
553.0	32
523.0	32
467.0	32
528.0	32
516.0	32
594.0	31
521.0	31
603.0	31
591.0	31
658.0	31
501.0	31
435.0	31
582.0	31
607.0	31
673.0	31
511.0	31
509.0	31
654.0	30
684.0	30
568.0	30
481.0	30
549.0	30
632.0	30
504.0	30
532.0	30
592.0	30
566.0	29
539.0	29
484.0	29
643.0	29
573.0	28
473.0	28
640.0	28
452.0	28
600.0	28
483.0	28
563.0	28
530.0	28
387.0	28
579.0	28
522.0	28
653.0	28
567.0	27
624.0	27
517.0	27
597.0	27
746.0	27
605.0	27
768.0	27
620.0	27
427.0	27
696.0	27
613.0	27
682.0	27
635.0	26
660.0	26
663.0	26
732.0	26
675.0	26
512.0	26
664.0	26
739.0	26
636.0	25
637.0	25
580.0	25
601.0	25
593.0	25
677.0	24
649.0	24
569.0	24
719.0	24
545.0	24
645.0	24
686.0	23
586.0	23
617.0	23
631.0	23
702.0	23
655.0	23
644.0	23
648.0	22
642.0	22
629.0	22
659.0	22
685.0	22
614.0	22
726.0	22
562.0	22
652.0	22
781.0	22
558.0	22
709.0	22
508.0	22
634.0	22
604.0	22
662.0	22
698.0	22
700.0	22
657.0	22
647.0	22
650.0	21
595.0	21
656.0	21
602.0	21
759.0	21
622.0	21
669.0	21
858.0	20
796.0	20
714.0	20
542.0	20
619.0	20
583.0	20
701.0	20
625.0	20
737.0	19
690.0	19
680.0	19
813.0	19
639.0	19
557.0	19
704.0	19
706.0	19
676.0	19
733.0	19
630.0	19
753.0	19
742.0	19
699.0	19
757.0	19
626.0	19
770.0	18
646.0	18
612.0	18
752.0	18
783.0	18
571.0	18
715.0	18
728.0	18
687.0	18
694.0	18
778.0	18
668.0	18
771.0	17
744.0	17
641.0	17
776.0	17
667.0	17
621.0	17
760.0	17
578.0	17
585.0	17
638.0	17
708.0	17
837.0	17
795.0	17
802.0	17
695.0	16
747.0	16
559.0	16
689.0	16
756.0	16
788.0	16
703.0	16
520.0	15
720.0	15
880.0	15
834.0	15
745.0	15
817.0	15
705.0	15
784.0	15
740.0	15
774.0	15
734.0	15
623.0	15
713.0	14
992.0	14
688.0	14
721.0	14
830.0	14
775.0	14
869.0	14
791.0	14
710.0	14
711.0	14
762.0	14
724.0	14
731.0	14
716.0	14
748.0	14
691.0	14
765.0	14
555.0	14
730.0	14
707.0	14
718.0	14
827.0	14
860.0	14
844.0	13
789.0	13
749.0	13
786.0	13
666.0	13
914.0	13
681.0	13
773.0	13
683.0	13
803.0	13
754.0	13
835.0	13
767.0	13
758.0	13
798.0	13
616.0	13
780.0	13
678.0	13
671.0	13
794.0	13
588.0	12
735.0	12
729.0	12
963.0	12
808.0	12
782.0	12
615.0	12
552.0	12
556.0	12
661.0	12
811.0	12
727.0	12
763.0	12
809.0	12
651.0	12
761.0	12
766.0	12
769.0	12
853.0	11
889.0	11
750.0	11
879.0	11
969.0	11
800.0	11
785.0	11
787.0	11
862.0	11
839.0	11
812.0	11
764.0	11
816.0	11
606.0	11
723.0	11
857.0	11
882.0	10
955.0	10
868.0	10
823.0	10
935.0	10
851.0	10
697.0	10
670.0	10
924.0	10
980.0	10
736.0	10
1003.0	9
717.0	9
1059.0	9
1037.0	9
888.0	9
674.0	9
693.0	9
983.0	9
741.0	9
679.0	9
725.0	9
919.0	9
1012.0	9
848.0	9
672.0	9
973.0	9
1097.0	9
722.0	9
829.0	9
883.0	9
909.0	8
843.0	8
863.0	8
819.0	8
825.0	8
1163.0	8
842.0	8
712.0	8
990.0	8
1099.0	8
804.0	8
899.0	8
806.0	8
1093.0	8
692.0	8
991.0	8
801.0	8
915.0	8
987.0	8
994.0	8
893.0	8
841.0	8
1392.0	8
799.0	8
902.0	8
805.0	8
873.0	7
1157.0	7
855.0	7
891.0	7
1049.0	7
964.0	7
884.0	7
997.0	7
912.0	7
849.0	7
939.0	7
875.0	7
807.0	7
838.0	7
928.0	7
751.0	7
772.0	7
1183.0	7
929.0	7
867.0	7
777.0	7
792.0	7
866.0	7
665.0	7
822.0	7
1002.0	7
944.0	7
832.0	7
1022.0	7
865.0	7
824.0	7
1063.0	7
1030.0	7
818.0	6
975.0	6
847.0	6
952.0	6
940.0	6
1010.0	6
871.0	6
901.0	6
1710.0	6
1025.0	6
1091.0	6
950.0	6
1057.0	6
779.0	6
904.0	6
1243.0	6
1018.0	6
846.0	6
1068.0	6
852.0	6
1116.0	6
793.0	6
908.0	6
1100.0	6
821.0	6
1319.0	6
1165.0	6
951.0	5
885.0	5
1175.0	5
1483.0	5
738.0	5
934.0	5
1138.0	5
1035.0	5
1075.0	5
897.0	5
1069.0	5
974.0	5
1495.0	5
1443.0	5
1525.0	5
966.0	5
840.0	5
872.0	5
814.0	5
957.0	5
1088.0	5
956.0	5
1218.0	5
930.0	5
1109.0	5
890.0	5
1086.0	5
903.0	5
755.0	5
1126.0	5
926.0	5
1347.0	5
938.0	5
1008.0	5
948.0	5
797.0	5
1473.0	5
923.0	5
1045.0	5
977.0	5
960.0	5
1240.0	5
886.0	5
850.0	5
1321.0	4
1186.0	4
1115.0	4
1846.0	4
984.0	4
1864.0	4
820.0	4
854.0	4
1064.0	4
1151.0	4
1080.0	4
828.0	4
1179.0	4
1297.0	4
1219.0	4
790.0	4
1220.0	4
1076.0	4
1061.0	4
1302.0	4
1006.0	4
927.0	4
1039.0	4
1155.0	4
1108.0	4
743.0	4
1009.0	4
870.0	4
1355.0	4
1146.0	4
900.0	4
1055.0	4
1084.0	4
1528.0	4
1102.0	4
953.0	4
1081.0	4
877.0	4
1047.0	4
1303.0	4
831.0	4
1316.0	4
961.0	4
1074.0	4
1119.0	4
833.0	4
1056.0	4
1304.0	4
894.0	4
936.0	4
881.0	4
920.0	4
887.0	4
970.0	4
1544.0	3
1159.0	3
1248.0	3
1172.0	3
1004.0	3
845.0	3
1005.0	3
1687.0	3
1460.0	3
918.0	3
1123.0	3
1449.0	3
1346.0	3
999.0	3
1737.0	3
1332.0	3
2585.0	3
1141.0	3
1688.0	3
1023.0	3
1070.0	3
993.0	3
1315.0	3
1326.0	3
1246.0	3
1040.0	3
1552.0	3
949.0	3
1547.0	3
1341.0	3
1244.0	3
1605.0	3
864.0	3
2160.0	3
1482.0	3
1168.0	3
947.0	3
917.0	3
1048.0	3
1519.0	3
1635.0	3
954.0	3
2208.0	3
1345.0	3
1421.0	3
1177.0	3
1284.0	3
1691.0	3
2134.0	3
1867.0	3
1014.0	3
836.0	3
1580.0	3
1078.0	3
1717.0	3
959.0	3
1683.0	3
1130.0	3
861.0	3
2320.0	3
1182.0	3
1614.0	3
2290.0	3
1692.0	3
896.0	3
996.0	3
1324.0	3
1001.0	3
2021.0	3
1432.0	3
1258.0	3
1184.0	3
1196.0	3
1660.0	3
1578.0	3
1629.0	3
1327.0	2
988.0	2
1338.0	2
971.0	2
856.0	2
1124.0	2
1431.0	2
1545.0	2
826.0	2
1021.0	2
1699.0	2
1145.0	2
878.0	2
1152.0	2
1296.0	2
2079.0	2
1260.0	2
1073.0	2
916.0	2
1150.0	2
982.0	2
1680.0	2
874.0	2
1036.0	2
1879.0	2
1209.0	2
1447.0	2
1043.0	2
1496.0	2
1136.0	2
2089.0	2
922.0	2
925.0	2
1033.0	2
1881.0	2
898.0	2
1098.0	2
2960.0	2
1227.0	2
965.0	2
1026.0	2
1378.0	2
1497.0	2
2377.0	2
1384.0	2
1735.0	2
2078.0	2
1330.0	2
810.0	2
1577.0	2
1095.0	2
1465.0	2
911.0	2
1077.0	2
1132.0	2
1050.0	2
1042.0	2
942.0	2
1131.0	2
931.0	2
1174.0	2
1251.0	2
1459.0	2
1381.0	2
1153.0	2
945.0	2
1259.0	2
1208.0	2
946.0	2
1503.0	2
1488.0	2
1441.0	2
1356.0	2
978.0	2
1067.0	2
1287.0	2
1873.0	2
1194.0	2
1020.0	2
1983.0	2
1089.0	2
968.0	2
2128.0	2
907.0	2
1696.0	2
1890.0	2
1264.0	2
1028.0	2
1087.0	2
958.0	2
815.0	2
1337.0	2
1072.0	2
1485.0	2
859.0	2
1085.0	2
1790.0	2
1143.0	2
1032.0	2
1558.0	2
1235.0	2
1573.0	2
995.0	2
1486.0	2
895.0	2
998.0	2
1541.0	2
1555.0	2
1623.0	2
933.0	2
1467.0	2
1738.0	2
1305.0	2
1907.0	2
1576.0	2
1134.0	2
1079.0	2
913.0	2
1569.0	2
1718.0	2
1142.0	2
1693.0	2
1747.0	2
1210.0	2
2135.0	2
1120.0	2
1947.0	2
1011.0	2
1885.0	2
1350.0	2
1065.0	2
1051.0	2
1422.0	2
1455.0	2
962.0	2
1214.0	2
905.0	2
1211.0	2
1270.0	2
1029.0	2
1340.0	2
1105.0	2
1224.0	2
1217.0	2
1667.0	2
1596.0	2
1279.0	2
1249.0	2
1272.0	2
1007.0	2
1212.0	2
967.0	2
1190.0	2
1232.0	2
1424.0	2
1585.0	2
1713.0	2
1311.0	2
1900.0	2
986.0	2
906.0	2
1083.0	2
1053.0	2
876.0	2
1024.0	2
1031.0	2
1411.0	2
1375.0	2
1293.0	2
1128.0	2
1041.0	2
1515.0	2
941.0	2
1325.0	2
1498.0	2
1442.0	2
1038.0	2
1363.0	2
1118.0	2
1173.0	1
1457.0	1
