Value	Count
4.0	254
12.0	209
7.0	201
5.0	200
8.0	197
6.0	192
13.0	173
9.0	172
15.0	164
19.0	157
11.0	148
14.0	144
10.0	143
24.0	140
31.0	136
20.0	132
17.0	132
26.0	126
36.0	124
21.0	121
23.0	121
16.0	115
29.0	114
25.0	113
302.0	112
33.0	111
56.0	110
28.0	109
18.0	108
42.0	107
289.0	107
22.0	107
73.0	106
48.0	103
369.0	101
43.0	99
446.0	99
275.0	99
34.0	99
40.0	97
41.0	97
55.0	97
371.0	95
346.0	95
62.0	94
87.0	94
299.0	94
362.0	93
27.0	93
131.0	92
229.0	92
32.0	92
71.0	92
389.0	90
237.0	90
60.0	90
128.0	90
310.0	90
315.0	89
151.0	89
84.0	89
54.0	88
171.0	87
431.0	87
364.0	87
475.0	86
263.0	86
37.0	86
372.0	86
356.0	86
69.0	86
375.0	85
483.0	85
340.0	85
63.0	85
49.0	85
473.0	84
38.0	84
413.0	84
293.0	84
52.0	84
421.0	83
463.0	83
467.0	83
98.0	83
53.0	83
487.0	83
113.0	83
188.0	83
300.0	83
162.0	83
57.0	82
236.0	82
94.0	82
214.0	81
397.0	81
67.0	81
92.0	81
316.0	81
104.0	81
403.0	81
385.0	81
153.0	80
307.0	80
334.0	80
276.0	80
225.0	79
89.0	79
380.0	79
425.0	79
76.0	79
370.0	79
365.0	78
314.0	78
124.0	78
59.0	78
149.0	78
341.0	78
357.0	78
441.0	78
408.0	77
109.0	77
51.0	77
146.0	77
414.0	77
331.0	77
86.0	77
257.0	77
50.0	77
450.0	76
221.0	76
35.0	76
353.0	76
499.0	75
395.0	75
88.0	75
345.0	75
47.0	75
427.0	75
517.0	75
336.0	75
271.0	75
350.0	74
444.0	74
155.0	74
452.0	74
306.0	74
388.0	74
68.0	74
242.0	74
126.0	74
272.0	74
435.0	73
3.0	73
412.0	73
436.0	73
278.0	73
384.0	73
297.0	73
355.0	73
313.0	73
261.0	73
322.0	73
156.0	73
110.0	73
177.0	73
390.0	73
108.0	73
115.0	73
285.0	73
552.0	72
82.0	72
77.0	72
186.0	72
359.0	72
437.0	72
100.0	72
279.0	72
97.0	72
259.0	72
430.0	72
447.0	72
327.0	72
282.0	72
199.0	71
239.0	71
91.0	71
337.0	71
328.0	71
121.0	71
116.0	71
504.0	71
235.0	71
75.0	71
339.0	71
304.0	70
477.0	70
111.0	70
418.0	70
114.0	70
95.0	70
226.0	70
398.0	70
268.0	70
457.0	70
287.0	70
152.0	69
127.0	69
491.0	69
464.0	69
163.0	69
207.0	69
320.0	69
203.0	69
44.0	69
325.0	69
96.0	69
243.0	68
90.0	68
117.0	68
262.0	68
273.0	68
266.0	68
103.0	68
417.0	68
189.0	68
175.0	68
281.0	68
72.0	68
107.0	68
366.0	68
443.0	68
303.0	68
472.0	68
429.0	67
244.0	67
376.0	67
139.0	67
187.0	67
283.0	67
363.0	67
387.0	67
231.0	67
368.0	67
150.0	67
284.0	67
102.0	67
144.0	67
454.0	66
200.0	66
209.0	66
428.0	66
247.0	66
290.0	66
323.0	66
305.0	66
169.0	66
424.0	66
505.0	66
274.0	66
330.0	66
329.0	66
230.0	65
448.0	65
394.0	65
99.0	65
64.0	65
422.0	65
377.0	65
386.0	65
344.0	65
351.0	65
227.0	65
93.0	65
164.0	64
201.0	64
158.0	64
66.0	64
342.0	64
157.0	64
251.0	64
292.0	64
250.0	64
165.0	64
119.0	64
133.0	64
210.0	64
143.0	64
401.0	63
286.0	63
30.0	63
160.0	63
298.0	63
182.0	63
466.0	63
343.0	63
222.0	63
511.0	63
309.0	63
140.0	62
522.0	62
83.0	62
45.0	62
361.0	62
255.0	62
136.0	62
392.0	62
252.0	62
481.0	62
191.0	62
548.0	62
419.0	62
254.0	62
81.0	62
311.0	62
527.0	62
46.0	62
400.0	62
211.0	61
295.0	61
489.0	61
358.0	61
79.0	61
407.0	61
202.0	61
474.0	61
402.0	61
470.0	61
179.0	61
508.0	61
277.0	61
381.0	61
360.0	61
502.0	61
197.0	61
245.0	61
404.0	61
233.0	61
181.0	60
240.0	60
367.0	60
147.0	60
523.0	60
492.0	60
166.0	60
132.0	60
539.0	60
265.0	60
184.0	60
324.0	60
148.0	60
125.0	59
326.0	59
80.0	59
135.0	59
416.0	59
615.0	59
440.0	59
260.0	59
493.0	59
220.0	59
393.0	59
462.0	59
490.0	59
555.0	58
465.0	58
258.0	58
105.0	58
347.0	58
480.0	58
455.0	58
129.0	58
547.0	58
445.0	58
78.0	58
122.0	58
379.0	58
488.0	58
192.0	58
374.0	58
373.0	58
65.0	58
112.0	58
296.0	58
460.0	58
248.0	58
485.0	57
194.0	57
228.0	57
399.0	57
170.0	57
118.0	57
524.0	57
411.0	57
70.0	56
383.0	56
529.0	56
204.0	56
217.0	56
438.0	56
213.0	56
468.0	56
476.0	56
2.0	56
301.0	56
241.0	56
471.0	56
478.0	56
558.0	55
338.0	55
482.0	55
332.0	55
514.0	55
61.0	55
453.0	55
509.0	55
85.0	54
423.0	54
406.0	54
142.0	54
154.0	54
335.0	54
253.0	54
183.0	54
196.0	54
354.0	53
138.0	53
291.0	53
101.0	53
176.0	53
409.0	53
586.0	53
434.0	53
513.0	53
520.0	53
312.0	53
540.0	53
567.0	53
172.0	53
391.0	52
592.0	52
510.0	52
469.0	52
168.0	52
512.0	52
573.0	52
294.0	52
74.0	52
442.0	52
212.0	52
420.0	52
432.0	52
173.0	51
58.0	51
415.0	51
528.0	51
500.0	51
190.0	51
145.0	51
537.0	51
497.0	51
270.0	51
333.0	51
451.0	50
238.0	50
533.0	50
495.0	50
106.0	50
534.0	50
396.0	50
224.0	50
130.0	50
280.0	50
521.0	50
561.0	50
405.0	50
141.0	50
554.0	50
216.0	49
198.0	49
219.0	49
218.0	49
318.0	49
349.0	49
348.0	49
288.0	49
267.0	49
223.0	49
378.0	49
456.0	49
174.0	49
494.0	48
569.0	48
178.0	48
256.0	48
123.0	48
249.0	48
515.0	48
352.0	48
577.0	47
120.0	47
503.0	47
433.0	47
137.0	47
486.0	47
269.0	47
459.0	47
205.0	46
246.0	46
498.0	46
518.0	46
426.0	46
410.0	46
449.0	45
206.0	45
516.0	45
439.0	45
542.0	45
545.0	45
564.0	45
461.0	45
588.0	45
382.0	45
180.0	45
161.0	45
232.0	45
317.0	44
543.0	44
538.0	44
264.0	44
530.0	44
321.0	44
501.0	43
458.0	43
195.0	43
496.0	43
557.0	43
584.0	42
159.0	42
208.0	42
570.0	42
566.0	42
565.0	42
507.0	42
579.0	42
549.0	41
519.0	41
575.0	41
234.0	41
535.0	40
308.0	40
597.0	40
506.0	40
563.0	40
193.0	40
39.0	40
553.0	40
578.0	39
484.0	39
609.0	39
215.0	39
576.0	38
134.0	38
596.0	38
531.0	38
319.0	38
185.0	37
580.0	37
525.0	37
590.0	37
536.0	37
560.0	37
621.0	36
532.0	36
546.0	36
574.0	36
167.0	35
479.0	35
613.0	35
600.0	35
601.0	35
572.0	34
544.0	34
620.0	34
526.0	34
571.0	34
619.0	34
602.0	34
630.0	33
541.0	33
550.0	33
605.0	32
623.0	32
556.0	31
617.0	31
585.0	31
582.0	30
634.0	30
664.0	30
583.0	30
616.0	30
666.0	30
589.0	29
673.0	29
663.0	29
607.0	28
593.0	28
618.0	28
626.0	28
568.0	28
591.0	28
611.0	28
612.0	27
562.0	27
629.0	26
606.0	26
622.0	26
581.0	26
657.0	26
627.0	26
675.0	26
587.0	26
604.0	26
595.0	25
644.0	25
641.0	24
747.0	24
650.0	24
559.0	24
631.0	24
551.0	24
608.0	24
670.0	24
646.0	24
642.0	24
599.0	23
594.0	23
701.0	23
652.0	23
661.0	22
655.0	22
614.0	22
682.0	22
679.0	22
638.0	21
633.0	21
697.0	21
648.0	21
708.0	21
688.0	21
624.0	20
636.0	20
643.0	20
687.0	20
662.0	19
721.0	19
610.0	18
635.0	18
674.0	18
637.0	18
649.0	17
714.0	17
667.0	17
746.0	16
676.0	16
720.0	16
685.0	16
640.0	15
598.0	15
603.0	15
654.0	15
625.0	15
691.0	15
639.0	15
770.0	15
660.0	15
690.0	14
702.0	14
792.0	14
699.0	14
787.0	14
719.0	14
695.0	14
656.0	14
628.0	14
671.0	14
692.0	14
703.0	13
686.0	13
705.0	13
712.0	13
741.0	13
894.0	13
669.0	13
752.0	13
680.0	13
717.0	12
684.0	12
742.0	12
683.0	12
672.0	12
780.0	11
749.0	11
715.0	11
632.0	11
740.0	11
754.0	11
678.0	11
753.0	11
745.0	11
658.0	11
736.0	10
730.0	10
704.0	10
735.0	10
774.0	10
783.0	10
645.0	10
1025.0	10
808.0	10
734.0	10
711.0	10
653.0	10
762.0	9
743.0	9
794.0	9
1019.0	9
665.0	9
778.0	9
773.0	9
723.0	9
772.0	8
647.0	8
757.0	8
812.0	8
694.0	8
895.0	8
822.0	8
693.0	8
748.0	8
710.0	8
809.0	8
681.0	8
795.0	7
864.0	7
765.0	7
796.0	7
923.0	7
779.0	7
713.0	7
786.0	7
805.0	7
837.0	7
1035.0	7
759.0	7
838.0	7
880.0	7
854.0	7
726.0	7
789.0	7
750.0	7
813.0	7
709.0	7
766.0	7
899.0	7
798.0	7
929.0	7
945.0	7
755.0	7
737.0	7
732.0	7
731.0	7
763.0	7
806.0	7
677.0	7
814.0	7
696.0	7
799.0	6
1142.0	6
698.0	6
700.0	6
728.0	6
1158.0	6
790.0	6
727.0	6
829.0	6
756.0	6
804.0	6
791.0	6
830.0	6
834.0	6
707.0	6
758.0	6
815.0	6
729.0	6
846.0	6
659.0	6
818.0	6
802.0	6
847.0	6
744.0	6
1050.0	6
819.0	6
901.0	5
771.0	5
1011.0	5
845.0	5
1287.0	5
1290.0	5
973.0	5
733.0	5
1204.0	5
1301.0	5
887.0	5
876.0	5
870.0	5
969.0	5
718.0	5
1074.0	5
1271.0	5
1007.0	5
1067.0	5
856.0	5
835.0	5
761.0	5
1098.0	5
925.0	5
915.0	5
930.0	5
1119.0	5
971.0	5
825.0	5
865.0	5
908.0	5
963.0	5
998.0	5
883.0	5
872.0	5
797.0	5
1199.0	5
917.0	5
1045.0	5
751.0	5
953.0	5
942.0	4
1134.0	4
860.0	4
1101.0	4
651.0	4
1180.0	4
877.0	4
1252.0	4
1124.0	4
782.0	4
839.0	4
910.0	4
1276.0	4
897.0	4
764.0	4
843.0	4
920.0	4
878.0	4
1015.0	4
1110.0	4
1179.0	4
1068.0	4
863.0	4
851.0	4
919.0	4
957.0	4
909.0	4
776.0	4
1216.0	4
668.0	4
1079.0	4
884.0	4
725.0	4
900.0	4
768.0	4
775.0	4
881.0	4
903.0	4
888.0	4
769.0	4
1632.0	4
912.0	4
892.0	4
1189.0	4
946.0	4
828.0	4
1047.0	4
816.0	4
1163.0	4
1057.0	4
824.0	4
739.0	4
1075.0	4
1036.0	4
921.0	4
724.0	3
853.0	3
1474.0	3
767.0	3
988.0	3
1411.0	3
1221.0	3
937.0	3
960.0	3
1344.0	3
1313.0	3
1456.0	3
1259.0	3
777.0	3
1143.0	3
1059.0	3
1081.0	3
832.0	3
911.0	3
1090.0	3
1144.0	3
1368.0	3
1154.0	3
1190.0	3
1395.0	3
1367.0	3
1076.0	3
801.0	3
1093.0	3
1192.0	3
1085.0	3
989.0	3
1089.0	3
857.0	3
2093.0	3
1213.0	3
1266.0	3
1178.0	3
1311.0	3
1892.0	3
1602.0	3
874.0	3
1012.0	3
955.0	3
807.0	3
862.0	3
933.0	3
2463.0	3
1294.0	3
788.0	3
885.0	3
1389.0	3
1649.0	3
1303.0	3
990.0	3
840.0	3
1318.0	3
1030.0	3
1187.0	2
1039.0	2
1056.0	2
992.0	2
995.0	2
1092.0	2
1203.0	2
1220.0	2
965.0	2
689.0	2
904.0	2
962.0	2
1161.0	2
867.0	2
1339.0	2
1069.0	2
1690.0	2
1024.0	2
1366.0	2
817.0	2
1028.0	2
1610.0	2
875.0	2
999.0	2
1296.0	2
855.0	2
977.0	2
1622.0	2
882.0	2
1575.0	2
1034.0	2
1065.0	2
1451.0	2
886.0	2
1265.0	2
800.0	2
810.0	2
1058.0	2
1742.0	2
841.0	2
1032.0	2
1416.0	2
959.0	2
1267.0	2
844.0	2
858.0	2
1226.0	2
951.0	2
1159.0	2
784.0	2
922.0	2
952.0	2
803.0	2
967.0	2
1113.0	2
1116.0	2
1104.0	2
1227.0	2
938.0	2
1196.0	2
1347.0	2
924.0	2
1021.0	2
1880.0	2
958.0	2
1219.0	2
1005.0	2
893.0	2
1444.0	2
1246.0	2
1156.0	2
1063.0	2
1736.0	2
976.0	2
706.0	2
1251.0	2
1146.0	2
1132.0	2
1289.0	2
1086.0	2
940.0	2
1130.0	2
1279.0	2
1439.0	2
1038.0	2
1017.0	2
1165.0	2
926.0	2
1351.0	2
1567.0	2
1256.0	2
934.0	2
1053.0	2
1669.0	2
1064.0	2
1044.0	2
932.0	2
842.0	2
891.0	2
1713.0	2
1615.0	2
980.0	2
1164.0	2
1254.0	2
1611.0	2
879.0	2
1763.0	2
1033.0	2
1592.0	2
1305.0	2
1112.0	2
823.0	2
850.0	2
1432.0	2
1631.0	2
1070.0	2
905.0	2
1214.0	2
1275.0	2
785.0	2
1027.0	2
1105.0	2
1488.0	2
871.0	2
961.0	2
896.0	2
1062.0	2
1140.0	2
950.0	2
1046.0	2
1052.0	2
1108.0	2
1078.0	2
944.0	2
1261.0	2
918.0	2
913.0	2
981.0	2
1701.0	2
722.0	2
866.0	2
1087.0	2
848.0	2
1529.0	2
1128.0	2
1010.0	2
1121.0	2
716.0	2
996.0	2
984.0	2
1268.0	2
1072.0	2
1000.0	2
1797.0	2
1040.0	2
1579.0	2
781.0	2
1106.0	1
1597.0	1
927.0	1
