#	frame	event	cm_x	cm_y	size	size_r	size_g	size_b	sum	sum_r	sum_g	sum_b
1	1409	566.3579368608271	448.204535349044	16.0	15.0	13.0	14.0	4498.0	1688.0	1288.0	1522.0	
2	1409	566.3579368608271	448.204535349044	16.0	15.0	13.0	14.0	4498.0	1688.0	1288.0	1522.0	
3	81	308.62694877505567	22.72316258351893	26.0	26.0	21.0	20.0	4490.0	1890.0	1202.0	1398.0	
3	100	144.88995958967982	24.850015542430835	21.0	21.0	20.0	20.0	6434.0	2303.0	2038.0	2093.0	
3	496	526.1692332896462	102.16775884665792	23.0	23.0	21.0	22.0	6104.0	2375.0	1915.0	1814.0	
3	712	456.77494882292734	154.91530194472875	34.0	33.0	29.0	30.0	7816.0	2916.0	2346.0	2554.0	
3	1106	122.84509018036071	243.82084168336672	19.0	18.0	17.0	8.0	4990.0	2109.0	1957.0	923.0	
3	1287	454.73510607381576	282.54141238012204	25.0	23.0	19.0	22.0	6882.0	2358.0	1924.0	2600.0	
3	1475	560.6090581342947	323.1742526663662	41.0	34.0	36.0	39.0	13314.0	3755.0	3976.0	5583.0	
3	1536	214.1821966977746	338.73438621679827	37.0	31.0	34.0	30.0	6965.0	2058.0	2100.0	2807.0	
3	1746	243.1532771017699	382.1714601769912	46.0	43.0	40.0	41.0	14464.0	5125.0	4274.0	5064.0	
3	1935	72.90257352941177	421.5501336898396	15.0	13.0	13.0	13.0	5984.0	1995.0	1948.0	2040.0	
3	2150	209.581717824448	465.7633279483037	24.0	22.0	22.0	21.0	7428.0	2546.0	2600.0	2282.0	
4	81	308.62694877505567	22.72316258351893	26.0	26.0	21.0	20.0	4490.0	1890.0	1202.0	1398.0	
4	100	144.88995958967982	24.850015542430835	21.0	21.0	20.0	20.0	6434.0	2303.0	2038.0	2093.0	
4	496	526.1692332896462	102.16775884665792	23.0	23.0	21.0	22.0	6104.0	2375.0	1915.0	1814.0	
4	712	456.77494882292734	154.91530194472875	34.0	33.0	29.0	30.0	7816.0	2916.0	2346.0	2554.0	
4	1106	122.84509018036071	243.82084168336672	19.0	18.0	17.0	8.0	4990.0	2109.0	1957.0	923.0	
4	1287	454.73510607381576	282.54141238012204	25.0	23.0	19.0	22.0	6882.0	2358.0	1924.0	2600.0	
4	1475	560.6090581342947	323.1742526663662	41.0	34.0	36.0	39.0	13314.0	3755.0	3976.0	5583.0	
4	1536	214.1821966977746	338.73438621679827	37.0	31.0	34.0	30.0	6965.0	2058.0	2100.0	2807.0	
4	1746	243.1532771017699	382.1714601769912	46.0	43.0	40.0	41.0	14464.0	5125.0	4274.0	5064.0	
4	1935	72.90257352941177	421.5501336898396	15.0	13.0	13.0	13.0	5984.0	1995.0	1948.0	2040.0	
4	2150	209.581717824448	465.7633279483037	24.0	22.0	22.0	21.0	7428.0	2546.0	2600.0	2282.0	
5	54	424.2925320886815	12.132322053675612	27.0	26.0	19.0	25.0	8570.0	2971.0	2270.0	3328.0	
5	309	143.46224340175954	72.85575513196481	23.0	21.0	21.0	20.0	5456.0	2010.0	1917.0	1529.0	
5	611	228.294088425236	138.18032786885246	23.0	23.0	17.0	18.0	4026.0	1854.0	1153.0	1019.0	
5	1270	116.4089809654012	279.8573982542854	40.0	38.0	32.0	34.0	9509.0	3344.0	2924.0	3241.0	
5	1732	254.06291495415743	368.71846348403415	20.0	18.0	17.0	19.0	6326.0	2000.0	1795.0	2531.0	
5	2172	611.6248958815363	471.4256362795002	44.0	40.0	38.0	36.0	10805.0	3690.0	3450.0	3665.0	
6	54	424.2925320886815	12.132322053675612	27.0	26.0	19.0	25.0	8570.0	2971.0	2270.0	3328.0	
6	309	143.46224340175954	72.85575513196481	23.0	21.0	21.0	20.0	5456.0	2010.0	1917.0	1529.0	
6	611	228.294088425236	138.18032786885246	23.0	23.0	17.0	18.0	4026.0	1854.0	1153.0	1019.0	
6	1270	116.4089809654012	279.8573982542854	40.0	38.0	32.0	34.0	9509.0	3344.0	2924.0	3241.0	
6	1732	254.06291495415743	368.71846348403415	20.0	18.0	17.0	19.0	6326.0	2000.0	1795.0	2531.0	
6	2172	611.6248958815363	471.4256362795002	44.0	40.0	38.0	36.0	10805.0	3690.0	3450.0	3665.0	
7	436	460.34672095070425	96.04445422535213	30.0	29.0	24.0	29.0	9088.0	3597.0	2353.0	3138.0	
7	947	68.92224950309833	204.42406173272536	35.0	31.0	26.0	30.0	8553.0	2959.0	2514.0	3079.0	
7	1904	565.3451738183196	412.1783650658331	29.0	27.0	27.0	29.0	10557.0	3462.0	3335.0	3760.0	
8	436	460.34672095070425	96.04445422535213	30.0	29.0	24.0	29.0	9088.0	3597.0	2353.0	3138.0	
8	947	68.92224950309833	204.42406173272536	35.0	31.0	26.0	30.0	8553.0	2959.0	2514.0	3079.0	
8	1904	565.3451738183196	412.1783650658331	29.0	27.0	27.0	29.0	10557.0	3462.0	3335.0	3760.0	
9	69	622.3544505653813	15.384894172223833	24.0	22.0	20.0	17.0	6898.0	2450.0	2267.0	2181.0	
9	203	515.466278628369	51.4340124003543	33.0	29.0	24.0	27.0	7903.0	2701.0	2382.0	2820.0	
9	220	615.8421478683216	53.16675661090124	17.0	17.0	15.0	8.0	3706.0	1806.0	1406.0	494.0	
9	489	381.9650307366724	110.3106923309483	52.0	47.0	40.0	46.0	9923.0	3135.0	2761.0	4026.0	
9	610	373.36423357664233	135.6021897810219	36.0	33.0	29.0	29.0	6850.0	2564.0	2122.0	2163.0	
9	785	114.65545454545456	169.26863636363638	17.0	17.0	12.0	9.0	4400.0	2070.0	1366.0	964.0	
9	814	323.3162133142448	177.3613099498926	22.0	21.0	18.0	17.0	5588.0	2210.0	1673.0	1705.0	
9	1248	187.4783935742972	264.98248995983937	29.0	28.0	24.0	23.0	6225.0	2235.0	1707.0	2281.0	
9	1259	29.128085766680773	268.5926082663281	32.0	30.0	28.0	25.0	7089.0	2532.0	2090.0	2467.0	
9	1982	277.15959031657354	435.16685288640593	27.0	27.0	25.0	22.0	5370.0	1869.0	1801.0	1700.0	
10	69	622.3544505653813	15.384894172223833	24.0	22.0	20.0	17.0	6898.0	2450.0	2267.0	2181.0	
10	203	515.466278628369	51.4340124003543	33.0	29.0	24.0	27.0	7903.0	2701.0	2382.0	2820.0	
10	220	615.8421478683216	53.16675661090124	17.0	17.0	15.0	8.0	3706.0	1806.0	1406.0	494.0	
10	489	381.9650307366724	110.3106923309483	52.0	47.0	40.0	46.0	9923.0	3135.0	2761.0	4026.0	
10	610	373.36423357664233	135.6021897810219	36.0	33.0	29.0	29.0	6850.0	2564.0	2122.0	2163.0	
10	785	114.65545454545456	169.26863636363638	17.0	17.0	12.0	9.0	4400.0	2070.0	1366.0	964.0	
10	814	323.3162133142448	177.3613099498926	22.0	21.0	18.0	17.0	5588.0	2210.0	1673.0	1705.0	
10	1248	187.4783935742972	264.98248995983937	29.0	28.0	24.0	23.0	6225.0	2235.0	1707.0	2281.0	
10	1259	29.128085766680773	268.5926082663281	32.0	30.0	28.0	25.0	7089.0	2532.0	2090.0	2467.0	
10	1982	277.15959031657354	435.16685288640593	27.0	27.0	25.0	22.0	5370.0	1869.0	1801.0	1700.0	
11	69	622.3544505653813	15.384894172223833	24.0	22.0	20.0	17.0	6898.0	2450.0	2267.0	2181.0	
11	203	515.466278628369	51.4340124003543	33.0	29.0	24.0	27.0	7903.0	2701.0	2382.0	2820.0	
11	220	615.8421478683216	53.16675661090124	17.0	17.0	15.0	8.0	3706.0	1806.0	1406.0	494.0	
11	489	381.9650307366724	110.3106923309483	52.0	47.0	40.0	46.0	9923.0	3135.0	2761.0	4026.0	
11	610	373.36423357664233	135.6021897810219	36.0	33.0	29.0	29.0	6850.0	2564.0	2122.0	2163.0	
11	785	114.65545454545456	169.26863636363638	17.0	17.0	12.0	9.0	4400.0	2070.0	1366.0	964.0	
11	814	323.3162133142448	177.3613099498926	22.0	21.0	18.0	17.0	5588.0	2210.0	1673.0	1705.0	
11	1248	187.4783935742972	264.98248995983937	29.0	28.0	24.0	23.0	6225.0	2235.0	1707.0	2281.0	
11	1259	29.128085766680773	268.5926082663281	32.0	30.0	28.0	25.0	7089.0	2532.0	2090.0	2467.0	
11	1982	277.15959031657354	435.16685288640593	27.0	27.0	25.0	22.0	5370.0	1869.0	1801.0	1700.0	
12	210	275.3185697808535	47.63091118800461	23.0	21.0	16.0	16.0	4335.0	1806.0	1157.0	1371.0	
12	748	296.7098620487232	161.84429116524802	34.0	32.0	28.0	26.0	6814.0	2675.0	2254.0	1885.0	
12	789	243.8889507892293	171.4794800371402	18.0	18.0	18.0	13.0	5385.0	2196.0	1898.0	1291.0	
12	828	283.1209948792977	180.12699341623994	22.0	16.0	17.0	20.0	6835.0	1959.0	2286.0	2590.0	
12	1977	486.04670927864015	434.84371707522655	53.0	43.0	45.0	49.0	14237.0	5227.0	3724.0	5285.0	
13	210	275.3185697808535	47.63091118800461	23.0	21.0	16.0	16.0	4335.0	1806.0	1157.0	1371.0	
13	748	296.7098620487232	161.84429116524802	34.0	32.0	28.0	26.0	6814.0	2675.0	2254.0	1885.0	
13	789	243.8889507892293	171.4794800371402	18.0	18.0	18.0	13.0	5385.0	2196.0	1898.0	1291.0	
13	828	283.1209948792977	180.12699341623994	22.0	16.0	17.0	20.0	6835.0	1959.0	2286.0	2590.0	
13	1977	486.04670927864015	434.84371707522655	53.0	43.0	45.0	49.0	14237.0	5227.0	3724.0	5285.0	
14	125	81.48863636363636	29.980044345898005	17.0	17.0	11.0	8.0	3608.0	1806.0	1079.0	723.0	
14	442	361.8479541734861	101.59394435351882	23.0	23.0	19.0	22.0	6110.0	2307.0	1799.0	2004.0	
14	613	62.94996853366897	132.7750157331655	22.0	19.0	15.0	20.0	6356.0	2409.0	1483.0	2464.0	
14	1035	29.39986498649865	228.82189468946893	49.0	48.0	38.0	35.0	8888.0	3831.0	2645.0	2411.0	
14	1474	168.6322194719472	324.9610148514852	35.0	29.0	26.0	32.0	9696.0	3088.0	2808.0	3800.0	
14	1741	585.3723943661972	381.65154929577466	21.0	20.0	13.0	13.0	3550.0	1659.0	1014.0	877.0	
15	125	81.48863636363636	29.980044345898005	17.0	17.0	11.0	8.0	3608.0	1806.0	1079.0	723.0	
15	442	361.8479541734861	101.59394435351882	23.0	23.0	19.0	22.0	6110.0	2307.0	1799.0	2004.0	
15	613	62.94996853366897	132.7750157331655	22.0	19.0	15.0	20.0	6356.0	2409.0	1483.0	2464.0	
15	1035	29.39986498649865	228.82189468946893	49.0	48.0	38.0	35.0	8888.0	3831.0	2645.0	2411.0	
15	1474	168.6322194719472	324.9610148514852	35.0	29.0	26.0	32.0	9696.0	3088.0	2808.0	3800.0	
15	1741	585.3723943661972	381.65154929577466	21.0	20.0	13.0	13.0	3550.0	1659.0	1014.0	877.0	
16	242	59.46057072721694	52.996164467628105	23.0	19.0	23.0	18.0	6518.0	2490.0	2132.0	1896.0	
16	368	224.06031609504356	80.32007311041824	40.0	37.0	33.0	31.0	9301.0	3558.0	3088.0	2655.0	
16	485	479.3371837819106	104.65345962804666	36.0	33.0	31.0	26.0	8657.0	3154.0	3102.0	2401.0	
16	679	295.7310116608887	147.9855026788528	30.0	29.0	27.0	28.0	6346.0	1890.0	2028.0	2428.0	
16	841	396.9973718791064	179.97601839684626	25.0	24.0	20.0	19.0	6088.0	2043.0	2141.0	1904.0	
16	925	317.9173967459324	195.61905506883605	28.0	26.0	20.0	19.0	6392.0	2496.0	1732.0	2164.0	
16	936	248.61411876937757	199.1616980682089	22.0	21.0	18.0	13.0	4193.0	1659.0	1534.0	1000.0	
16	1966	304.40286891500074	408.2438577750648	28.0	23.0	22.0	22.0	6553.0	2375.0	2123.0	2055.0	
16	2128	506.3621366849961	441.61576983503534	36.0	33.0	32.0	30.0	10184.0	3432.0	3016.0	3736.0	
17	242	59.46057072721694	52.996164467628105	23.0	19.0	23.0	18.0	6518.0	2490.0	2132.0	1896.0	
17	368	224.06031609504356	80.32007311041824	40.0	37.0	33.0	31.0	9301.0	3558.0	3088.0	2655.0	
17	485	479.3371837819106	104.65345962804666	36.0	33.0	31.0	26.0	8657.0	3154.0	3102.0	2401.0	
17	679	295.7310116608887	147.9855026788528	30.0	29.0	27.0	28.0	6346.0	1890.0	2028.0	2428.0	
17	841	396.9973718791064	179.97601839684626	25.0	24.0	20.0	19.0	6088.0	2043.0	2141.0	1904.0	
17	925	317.9173967459324	195.61905506883605	28.0	26.0	20.0	19.0	6392.0	2496.0	1732.0	2164.0	
17	936	248.61411876937757	199.1616980682089	22.0	21.0	18.0	13.0	4193.0	1659.0	1534.0	1000.0	
17	1966	304.40286891500074	408.2438577750648	28.0	23.0	22.0	22.0	6553.0	2375.0	2123.0	2055.0	
17	2128	506.3621366849961	441.61576983503534	36.0	33.0	32.0	30.0	10184.0	3432.0	3016.0	3736.0	
18	242	59.46057072721694	52.996164467628105	23.0	19.0	23.0	18.0	6518.0	2490.0	2132.0	1896.0	
18	368	224.06031609504356	80.32007311041824	40.0	37.0	33.0	31.0	9301.0	3558.0	3088.0	2655.0	
18	485	479.3371837819106	104.65345962804666	36.0	33.0	31.0	26.0	8657.0	3154.0	3102.0	2401.0	
18	679	295.7310116608887	147.9855026788528	30.0	29.0	27.0	28.0	6346.0	1890.0	2028.0	2428.0	
18	841	396.9973718791064	179.97601839684626	25.0	24.0	20.0	19.0	6088.0	2043.0	2141.0	1904.0	
18	925	317.9173967459324	195.61905506883605	28.0	26.0	20.0	19.0	6392.0	2496.0	1732.0	2164.0	
18	936	248.61411876937757	199.1616980682089	22.0	21.0	18.0	13.0	4193.0	1659.0	1534.0	1000.0	
18	1966	304.40286891500074	408.2438577750648	28.0	23.0	22.0	22.0	6553.0	2375.0	2123.0	2055.0	
18	2128	506.3621366849961	441.61576983503534	36.0	33.0	32.0	30.0	10184.0	3432.0	3016.0	3736.0	
19	58	338.9306095979248	14.200172935581495	18.0	18.0	14.0	14.0	4626.0	2248.0	1479.0	898.0	
19	158	388.4536493288591	37.20889261744966	24.0	22.0	20.0	19.0	4768.0	1688.0	1273.0	1807.0	
19	1354	541.1414831335378	296.70783384443826	26.0	24.0	21.0	24.0	7174.0	2409.0	1936.0	2829.0	
19	1379	374.1762957458666	302.96786178710755	19.0	19.0	15.0	16.0	5383.0	2069.0	1514.0	1800.0	
19	1451	13.383505427588032	318.63741064336773	29.0	27.0	26.0	25.0	7554.0	2902.0	2175.0	2477.0	
19	2082	353.47117566954154	455.19087607807535	18.0	16.0	16.0	15.0	4406.0	1805.0	1347.0	1254.0	
20	58	338.9306095979248	14.200172935581495	18.0	18.0	14.0	14.0	4626.0	2248.0	1479.0	898.0	
20	158	388.4536493288591	37.20889261744966	24.0	22.0	20.0	19.0	4768.0	1688.0	1273.0	1807.0	
20	1354	541.1414831335378	296.70783384443826	26.0	24.0	21.0	24.0	7174.0	2409.0	1936.0	2829.0	
20	1379	374.1762957458666	302.96786178710755	19.0	19.0	15.0	16.0	5383.0	2069.0	1514.0	1800.0	
20	1451	13.383505427588032	318.63741064336773	29.0	27.0	26.0	25.0	7554.0	2902.0	2175.0	2477.0	
20	2082	353.47117566954154	455.19087607807535	18.0	16.0	16.0	15.0	4406.0	1805.0	1347.0	1254.0	
21	103	160.3086825527253	26.576965215009587	29.0	27.0	25.0	25.0	7302.0	2971.0	2206.0	2124.0	
21	306	484.8451557093426	70.46741637831603	12.0	12.0	8.0	6.0	3468.0	1443.0	1097.0	928.0	
21	777	423.15488741377067	166.4278276714825	31.0	26.0	21.0	23.0	7683.0	2661.0	2071.0	2951.0	
21	803	199.51326545245948	172.93790334145993	26.0	26.0	22.0	25.0	6973.0	2399.0	2023.0	2551.0	
21	814	146.19593382499502	173.78074546541757	26.0	22.0	20.0	23.0	5017.0	1960.0	1648.0	1408.0	
21	884	313.7457264957265	189.06296296296296	27.0	26.0	22.0	24.0	7020.0	2806.0	2098.0	2116.0	
21	890	109.84833749507165	190.74254172690237	34.0	33.0	30.0	26.0	7609.0	2648.0	2567.0	2394.0	
21	972	388.4342677259781	206.102833158447	30.0	27.0	23.0	27.0	6671.0	2748.0	1598.0	2325.0	
21	1113	227.6394245031148	233.86339365173535	23.0	22.0	20.0	19.0	6742.0	2267.0	2026.0	2449.0	
21	1358	96.75174961119752	287.2624416796268	27.0	27.0	25.0	24.0	5144.0	1824.0	1616.0	1704.0	
21	1555	47.08677867056245	330.0428049671293	27.0	27.0	25.0	16.0	6845.0	2973.0	2207.0	1665.0	
21	1633	425.4436728395062	350.8779761904762	33.0	28.0	28.0	26.0	9072.0	2857.0	2984.0	3231.0	
21	1794	110.85050707399525	384.99411543758606	29.0	24.0	26.0	28.0	7987.0	2390.0	2297.0	3299.0	
21	1891	168.68729779153185	405.0844000562667	23.0	20.0	22.0	21.0	7109.0	2496.0	2354.0	2259.0	
22	103	160.3086825527253	26.576965215009587	29.0	27.0	25.0	25.0	7302.0	2971.0	2206.0	2124.0	
22	306	484.8451557093426	70.46741637831603	12.0	12.0	8.0	6.0	3468.0	1443.0	1097.0	928.0	
22	777	423.15488741377067	166.4278276714825	31.0	26.0	21.0	23.0	7683.0	2661.0	2071.0	2951.0	
22	803	199.51326545245948	172.93790334145993	26.0	26.0	22.0	25.0	6973.0	2399.0	2023.0	2551.0	
22	814	146.19593382499502	173.78074546541757	26.0	22.0	20.0	23.0	5017.0	1960.0	1648.0	1408.0	
22	884	313.7457264957265	189.06296296296296	27.0	26.0	22.0	24.0	7020.0	2806.0	2098.0	2116.0	
22	890	109.84833749507165	190.74254172690237	34.0	33.0	30.0	26.0	7609.0	2648.0	2567.0	2394.0	
22	972	388.4342677259781	206.102833158447	30.0	27.0	23.0	27.0	6671.0	2748.0	1598.0	2325.0	
22	1113	227.6394245031148	233.86339365173535	23.0	22.0	20.0	19.0	6742.0	2267.0	2026.0	2449.0	
22	1358	96.75174961119752	287.2624416796268	27.0	27.0	25.0	24.0	5144.0	1824.0	1616.0	1704.0	
22	1555	47.08677867056245	330.0428049671293	27.0	27.0	25.0	16.0	6845.0	2973.0	2207.0	1665.0	
22	1633	425.4436728395062	350.8779761904762	33.0	28.0	28.0	26.0	9072.0	2857.0	2984.0	3231.0	
22	1794	110.85050707399525	384.99411543758606	29.0	24.0	26.0	28.0	7987.0	2390.0	2297.0	3299.0	
22	1891	168.68729779153185	405.0844000562667	23.0	20.0	22.0	21.0	7109.0	2496.0	2354.0	2259.0	
23	402	315.9820865577529	84.18687302952135	25.0	25.0	22.0	18.0	6978.0	2597.0	2368.0	2013.0	
23	434	242.27182838947544	91.16909669850848	23.0	23.0	19.0	19.0	5967.0	2383.0	1771.0	1813.0	
23	677	416.6228671663212	141.96699091054057	25.0	24.0	24.0	20.0	6271.0	2377.0	1933.0	1961.0	
23	694	479.1609762430222	149.06322212125147	29.0	26.0	27.0	24.0	7703.0	2126.0	2701.0	2875.0	
23	1508	23.768388106416275	322.2556729264476	21.0	21.0	21.0	20.0	5112.0	2130.0	1921.0	1061.0	
24	402	315.9820865577529	84.18687302952135	25.0	25.0	22.0	18.0	6978.0	2597.0	2368.0	2013.0	
24	434	242.27182838947544	91.16909669850848	23.0	23.0	19.0	19.0	5967.0	2383.0	1771.0	1813.0	
24	677	416.6228671663212	141.96699091054057	25.0	24.0	24.0	20.0	6271.0	2377.0	1933.0	1961.0	
24	694	479.1609762430222	149.06322212125147	29.0	26.0	27.0	24.0	7703.0	2126.0	2701.0	2875.0	
24	1508	23.768388106416275	322.2556729264476	21.0	21.0	21.0	20.0	5112.0	2130.0	1921.0	1061.0	
25	402	315.9820865577529	84.18687302952135	25.0	25.0	22.0	18.0	6978.0	2597.0	2368.0	2013.0	
25	434	242.27182838947544	91.16909669850848	23.0	23.0	19.0	19.0	5967.0	2383.0	1771.0	1813.0	
25	677	416.6228671663212	141.96699091054057	25.0	24.0	24.0	20.0	6271.0	2377.0	1933.0	1961.0	
25	694	479.1609762430222	149.06322212125147	29.0	26.0	27.0	24.0	7703.0	2126.0	2701.0	2875.0	
25	1508	23.768388106416275	322.2556729264476	21.0	21.0	21.0	20.0	5112.0	2130.0	1921.0	1061.0	
26	238	104.94577523537124	60.47622452627815	33.0	28.0	30.0	29.0	8391.0	2948.0	3006.0	2436.0	
26	930	148.557512383049	204.96301596037424	39.0	35.0	32.0	35.0	9085.0	3027.0	2489.0	3569.0	
26	933	470.8814418473669	203.5896930442129	27.0	27.0	20.0	24.0	7102.0	2519.0	2067.0	2516.0	
26	1053	134.54717940030494	230.57123496527188	17.0	17.0	14.0	16.0	5903.0	2106.0	1693.0	2104.0	
26	1452	245.70048064760945	315.2646091576018	17.0	17.0	13.0	14.0	3953.0	1762.0	1049.0	1142.0	
26	1686	589.3028133843849	368.57765939736976	34.0	34.0	30.0	27.0	6007.0	2606.0	1943.0	1458.0	
27	238	104.94577523537124	60.47622452627815	33.0	28.0	30.0	29.0	8391.0	2948.0	3006.0	2436.0	
27	930	148.557512383049	204.96301596037424	39.0	35.0	32.0	35.0	9085.0	3027.0	2489.0	3569.0	
27	933	470.8814418473669	203.5896930442129	27.0	27.0	20.0	24.0	7102.0	2519.0	2067.0	2516.0	
27	1053	134.54717940030494	230.57123496527188	17.0	17.0	14.0	16.0	5903.0	2106.0	1693.0	2104.0	
27	1452	245.70048064760945	315.2646091576018	17.0	17.0	13.0	14.0	3953.0	1762.0	1049.0	1142.0	
27	1686	589.3028133843849	368.57765939736976	34.0	34.0	30.0	27.0	6007.0	2606.0	1943.0	1458.0	
28	21	521.0517219629115	7.766115806736471	34.0	31.0	31.0	31.0	7927.0	2561.0	2652.0	2714.0	
28	256	568.0081287854638	60.91026458399745	27.0	26.0	24.0	23.0	6274.0	2474.0	1870.0	1929.0	
28	432	497.3241576242147	100.56619074814392	28.0	26.0	27.0	25.0	8755.0	3033.0	2684.0	3038.0	
28	460	602.9100297071722	106.39652001697551	22.0	21.0	20.0	21.0	7069.0	2126.0	2349.0	2594.0	
28	1033	147.66938821160943	222.5216418745107	39.0	37.0	25.0	30.0	8941.0	3747.0	2452.0	2741.0	
28	1685	396.6148624508753	362.8903179707039	30.0	29.0	29.0	26.0	8397.0	2875.0	2859.0	2663.0	
28	1810	473.6436228056548	389.6795090880845	28.0	28.0	20.0	19.0	6437.0	2380.0	1996.0	2061.0	
28	1874	535.1620111731844	398.94579495696814	27.0	25.0	22.0	23.0	6623.0	2594.0	1650.0	2379.0	
28	2000	493.3521997034108	423.9962926347009	25.0	22.0	17.0	16.0	4046.0	1828.0	1212.0	1005.0	
28	2115	191.79558449809403	454.5360546378653	24.0	22.0	21.0	20.0	6296.0	2217.0	1800.0	2279.0	
29	21	521.0517219629115	7.766115806736471	34.0	31.0	31.0	31.0	7927.0	2561.0	2652.0	2714.0	
29	256	568.0081287854638	60.91026458399745	27.0	26.0	24.0	23.0	6274.0	2474.0	1870.0	1929.0	
29	432	497.3241576242147	100.56619074814392	28.0	26.0	27.0	25.0	8755.0	3033.0	2684.0	3038.0	
29	460	602.9100297071722	106.39652001697551	22.0	21.0	20.0	21.0	7069.0	2126.0	2349.0	2594.0	
29	1033	147.66938821160943	222.5216418745107	39.0	37.0	25.0	30.0	8941.0	3747.0	2452.0	2741.0	
29	1685	396.6148624508753	362.8903179707039	30.0	29.0	29.0	26.0	8397.0	2875.0	2859.0	2663.0	
29	1810	473.6436228056548	389.6795090880845	28.0	28.0	20.0	19.0	6437.0	2380.0	1996.0	2061.0	
29	1874	535.1620111731844	398.94579495696814	27.0	25.0	22.0	23.0	6623.0	2594.0	1650.0	2379.0	
29	2000	493.3521997034108	423.9962926347009	25.0	22.0	17.0	16.0	4046.0	1828.0	1212.0	1005.0	
29	2115	191.79558449809403	454.5360546378653	24.0	22.0	21.0	20.0	6296.0	2217.0	1800.0	2279.0	
30	21	521.0517219629115	7.766115806736471	34.0	31.0	31.0	31.0	7927.0	2561.0	2652.0	2714.0	
30	256	568.0081287854638	60.91026458399745	27.0	26.0	24.0	23.0	6274.0	2474.0	1870.0	1929.0	
30	432	497.3241576242147	100.56619074814392	28.0	26.0	27.0	25.0	8755.0	3033.0	2684.0	3038.0	
30	460	602.9100297071722	106.39652001697551	22.0	21.0	20.0	21.0	7069.0	2126.0	2349.0	2594.0	
30	1033	147.66938821160943	222.5216418745107	39.0	37.0	25.0	30.0	8941.0	3747.0	2452.0	2741.0	
30	1685	396.6148624508753	362.8903179707039	30.0	29.0	29.0	26.0	8397.0	2875.0	2859.0	2663.0	
30	1810	473.6436228056548	389.6795090880845	28.0	28.0	20.0	19.0	6437.0	2380.0	1996.0	2061.0	
30	1874	535.1620111731844	398.94579495696814	27.0	25.0	22.0	23.0	6623.0	2594.0	1650.0	2379.0	
30	2000	493.3521997034108	423.9962926347009	25.0	22.0	17.0	16.0	4046.0	1828.0	1212.0	1005.0	
30	2115	191.79558449809403	454.5360546378653	24.0	22.0	21.0	20.0	6296.0	2217.0	1800.0	2279.0	
31	1267	256.27711598746083	278.18557993730406	27.0	22.0	24.0	20.0	4785.0	2062.0	1403.0	1320.0	
32	1267	256.27711598746083	278.18557993730406	27.0	22.0	24.0	20.0	4785.0	2062.0	1403.0	1320.0	
33	387	192.3952373820578	83.46278268683541	30.0	25.0	24.0	24.0	6677.0	2285.0	1794.0	2598.0	
33	1724	108.80244154057772	363.1224209078404	25.0	22.0	18.0	20.0	5816.0	2370.0	1611.0	1835.0	
33	1810	592.9960962914769	383.7324333116461	27.0	26.0	21.0	21.0	6148.0	2553.0	1607.0	1988.0	
34	387	192.3952373820578	83.46278268683541	30.0	25.0	24.0	24.0	6677.0	2285.0	1794.0	2598.0	
34	1724	108.80244154057772	363.1224209078404	25.0	22.0	18.0	20.0	5816.0	2370.0	1611.0	1835.0	
34	1810	592.9960962914769	383.7324333116461	27.0	26.0	21.0	21.0	6148.0	2553.0	1607.0	1988.0	
35	54	422.8499687108886	14.137828535669588	33.0	27.0	30.0	25.0	6392.0	2215.0	2143.0	2034.0	
35	421	126.28496621621622	87.80557432432433	22.0	20.0	20.0	20.0	5920.0	1934.0	2067.0	1919.0	
35	1368	513.7453592487443	281.61749290238043	37.0	34.0	31.0	30.0	9158.0	3520.0	2850.0	2788.0	
35	1528	290.4831552999178	315.18077239112574	19.0	19.0	14.0	13.0	6085.0	2518.0	1548.0	2019.0	
35	1659	389.5426112857852	344.9821280820784	27.0	27.0	24.0	23.0	6043.0	2199.0	2100.0	1743.0	
35	1722	225.0254642925522	358.5621290446104	22.0	22.0	14.0	12.0	5223.0	2296.0	1661.0	1266.0	
36	54	422.8499687108886	14.137828535669588	33.0	27.0	30.0	25.0	6392.0	2215.0	2143.0	2034.0	
36	421	126.28496621621622	87.80557432432433	22.0	20.0	20.0	20.0	5920.0	1934.0	2067.0	1919.0	
36	1368	513.7453592487443	281.61749290238043	37.0	34.0	31.0	30.0	9158.0	3520.0	2850.0	2788.0	
36	1528	290.4831552999178	315.18077239112574	19.0	19.0	14.0	13.0	6085.0	2518.0	1548.0	2019.0	
36	1659	389.5426112857852	344.9821280820784	27.0	27.0	24.0	23.0	6043.0	2199.0	2100.0	1743.0	
36	1722	225.0254642925522	358.5621290446104	22.0	22.0	14.0	12.0	5223.0	2296.0	1661.0	1266.0	
37	1318	422.4965110037574	292.4736446591519	45.0	35.0	35.0	40.0	9315.0	2881.0	2420.0	4013.0	
37	1673	307.80794165316047	366.9995137763371	25.0	24.0	21.0	21.0	6170.0	2457.0	1796.0	1917.0	
37	1849	616.3411359724613	408.5734939759036	21.0	19.0	19.0	19.0	5810.0	1797.0	1939.0	2074.0	
38	1318	422.4965110037574	292.4736446591519	45.0	35.0	35.0	40.0	9315.0	2881.0	2420.0	4013.0	
38	1673	307.80794165316047	366.9995137763371	25.0	24.0	21.0	21.0	6170.0	2457.0	1796.0	1917.0	
38	1849	616.3411359724613	408.5734939759036	21.0	19.0	19.0	19.0	5810.0	1797.0	1939.0	2074.0	
39	1318	422.4965110037574	292.4736446591519	45.0	35.0	35.0	40.0	9315.0	2881.0	2420.0	4013.0	
39	1673	307.80794165316047	366.9995137763371	25.0	24.0	21.0	21.0	6170.0	2457.0	1796.0	1917.0	
39	1849	616.3411359724613	408.5734939759036	21.0	19.0	19.0	19.0	5810.0	1797.0	1939.0	2074.0	
40	101	589.6667920270778	21.615644979315533	29.0	27.0	24.0	23.0	5318.0	2216.0	1436.0	1664.0	
40	1405	598.0005036091993	298.81165015947624	34.0	30.0	30.0	28.0	5957.0	2235.0	1850.0	1871.0	
40	1782	136.6712260007529	381.0160622411846	26.0	25.0	22.0	23.0	7969.0	3020.0	2335.0	2614.0	
40	1940	353.3213418671375	416.83844625910393	24.0	24.0	24.0	23.0	9062.0	3095.0	2760.0	3207.0	
41	101	589.6667920270778	21.615644979315533	29.0	27.0	24.0	23.0	5318.0	2216.0	1436.0	1664.0	
41	1405	598.0005036091993	298.81165015947624	34.0	30.0	30.0	28.0	5957.0	2235.0	1850.0	1871.0	
41	1782	136.6712260007529	381.0160622411846	26.0	25.0	22.0	23.0	7969.0	3020.0	2335.0	2614.0	
41	1940	353.3213418671375	416.83844625910393	24.0	24.0	24.0	23.0	9062.0	3095.0	2760.0	3207.0	
42	508	598.6252030319437	113.4603410936654	31.0	27.0	29.0	21.0	7388.0	2850.0	2813.0	1725.0	
42	641	259.8463395012068	144.76359039190896	30.0	26.0	27.0	24.0	8701.0	2632.0	3008.0	3061.0	
42	787	518.5440229062276	173.99105225483177	32.0	30.0	26.0	20.0	5588.0	2220.0	1880.0	1488.0	
42	790	575.5560439560439	173.85274725274726	27.0	25.0	20.0	20.0	7735.0	2933.0	1979.0	2823.0	
42	1043	163.88530309638028	228.6720453554296	16.0	15.0	13.0	14.0	4586.0	1813.0	1281.0	1492.0	
42	1314	14.478498293515358	285.4133105802048	21.0	20.0	19.0	15.0	5860.0	2635.0	1991.0	1234.0	
42	1529	67.68128697157697	336.3001009955273	34.0	31.0	32.0	23.0	6931.0	2818.0	2614.0	1498.0	
42	1613	68.46184340931616	351.1343904856293	21.0	18.0	16.0	14.0	5045.0	2323.0	1415.0	1306.0	
42	1623	311.78481894150417	354.383008356546	24.0	23.0	22.0	20.0	7180.0	2600.0	2383.0	2197.0	
42	2153	462.47109988776657	467.3569023569024	26.0	24.0	19.0	17.0	7128.0	2871.0	2146.0	2111.0	
43	508	598.6252030319437	113.4603410936654	31.0	27.0	29.0	21.0	7388.0	2850.0	2813.0	1725.0	
43	641	259.8463395012068	144.76359039190896	30.0	26.0	27.0	24.0	8701.0	2632.0	3008.0	3061.0	
43	787	518.5440229062276	173.99105225483177	32.0	30.0	26.0	20.0	5588.0	2220.0	1880.0	1488.0	
43	790	575.5560439560439	173.85274725274726	27.0	25.0	20.0	20.0	7735.0	2933.0	1979.0	2823.0	
43	1043	163.88530309638028	228.6720453554296	16.0	15.0	13.0	14.0	4586.0	1813.0	1281.0	1492.0	
43	1314	14.478498293515358	285.4133105802048	21.0	20.0	19.0	15.0	5860.0	2635.0	1991.0	1234.0	
43	1529	67.68128697157697	336.3001009955273	34.0	31.0	32.0	23.0	6931.0	2818.0	2614.0	1498.0	
43	1613	68.46184340931616	351.1343904856293	21.0	18.0	16.0	14.0	5045.0	2323.0	1415.0	1306.0	
43	1623	311.78481894150417	354.383008356546	24.0	23.0	22.0	20.0	7180.0	2600.0	2383.0	2197.0	
43	2153	462.47109988776657	467.3569023569024	26.0	24.0	19.0	17.0	7128.0	2871.0	2146.0	2111.0	
44	307	424.64977268900486	66.84559690183532	19.0	17.0	16.0	14.0	5939.0	2291.0	1950.0	1698.0	
44	763	512.258505850585	158.76579657965797	19.0	17.0	17.0	14.0	5555.0	2043.0	1758.0	1754.0	
44	848	557.9914228645282	177.7269416049818	37.0	30.0	27.0	35.0	8511.0	2714.0	2215.0	3582.0	
44	994	554.9259855189059	208.201126307321	41.0	38.0	35.0	39.0	9944.0	2985.0	2855.0	4104.0	
44	1308	540.1706717640634	273.9579464773348	15.0	15.0	13.0	9.0	3662.0	1813.0	1073.0	776.0	
44	1506	572.4906327662015	319.09472376218696	37.0	36.0	36.0	36.0	10462.0	3398.0	3423.0	3641.0	
45	307	424.64977268900486	66.84559690183532	19.0	17.0	16.0	14.0	5939.0	2291.0	1950.0	1698.0	
45	763	512.258505850585	158.76579657965797	19.0	17.0	17.0	14.0	5555.0	2043.0	1758.0	1754.0	
45	848	557.9914228645282	177.7269416049818	37.0	30.0	27.0	35.0	8511.0	2714.0	2215.0	3582.0	
45	994	554.9259855189059	208.201126307321	41.0	38.0	35.0	39.0	9944.0	2985.0	2855.0	4104.0	
45	1308	540.1706717640634	273.9579464773348	15.0	15.0	13.0	9.0	3662.0	1813.0	1073.0	776.0	
45	1506	572.4906327662015	319.09472376218696	37.0	36.0	36.0	36.0	10462.0	3398.0	3423.0	3641.0	
46	67	513.1974988201982	14.28739971684757	25.0	23.0	21.0	23.0	8476.0	3055.0	2535.0	2886.0	
46	367	388.0624807158284	80.87843258253625	30.0	28.0	26.0	24.0	6482.0	2304.0	2186.0	1992.0	
46	467	406.981743729739	98.60450435079338	29.0	26.0	25.0	29.0	5861.0	1824.0	1885.0	2152.0	
46	1413	459.4026900016205	299.9628909415006	26.0	25.0	23.0	22.0	6171.0	2397.0	1734.0	2040.0	
46	1473	395.660320834944	313.2807305759567	43.0	40.0	30.0	35.0	10348.0	3802.0	3181.0	3362.0	
46	1551	578.6598231206569	330.1928827121499	45.0	41.0	37.0	28.0	9498.0	3559.0	3122.0	2816.0	
46	1746	45.514632718759145	371.9978050921861	26.0	25.0	25.0	23.0	6834.0	2524.0	2281.0	2029.0	
46	1932	363.6815688425672	409.6209544706528	27.0	25.0	26.0	22.0	7292.0	2591.0	2104.0	2597.0	
46	2248	485.7455853499019	475.2588293001962	19.0	18.0	15.0	16.0	6116.0	2280.0	1933.0	1903.0	
47	67	513.1974988201982	14.28739971684757	25.0	23.0	21.0	23.0	8476.0	3055.0	2535.0	2886.0	
47	367	388.0624807158284	80.87843258253625	30.0	28.0	26.0	24.0	6482.0	2304.0	2186.0	1992.0	
47	467	406.981743729739	98.60450435079338	29.0	26.0	25.0	29.0	5861.0	1824.0	1885.0	2152.0	
47	1413	459.4026900016205	299.9628909415006	26.0	25.0	23.0	22.0	6171.0	2397.0	1734.0	2040.0	
47	1473	395.660320834944	313.2807305759567	43.0	40.0	30.0	35.0	10348.0	3802.0	3181.0	3362.0	
47	1551	578.6598231206569	330.1928827121499	45.0	41.0	37.0	28.0	9498.0	3559.0	3122.0	2816.0	
47	1746	45.514632718759145	371.9978050921861	26.0	25.0	25.0	23.0	6834.0	2524.0	2281.0	2029.0	
47	1932	363.6815688425672	409.6209544706528	27.0	25.0	26.0	22.0	7292.0	2591.0	2104.0	2597.0	
47	2248	485.7455853499019	475.2588293001962	19.0	18.0	15.0	16.0	6116.0	2280.0	1933.0	1903.0	
48	67	513.1974988201982	14.28739971684757	25.0	23.0	21.0	23.0	8476.0	3055.0	2535.0	2886.0	
48	367	388.0624807158284	80.87843258253625	30.0	28.0	26.0	24.0	6482.0	2304.0	2186.0	1992.0	
48	467	406.981743729739	98.60450435079338	29.0	26.0	25.0	29.0	5861.0	1824.0	1885.0	2152.0	
48	1413	459.4026900016205	299.9628909415006	26.0	25.0	23.0	22.0	6171.0	2397.0	1734.0	2040.0	
48	1473	395.660320834944	313.2807305759567	43.0	40.0	30.0	35.0	10348.0	3802.0	3181.0	3362.0	
48	1551	578.6598231206569	330.1928827121499	45.0	41.0	37.0	28.0	9498.0	3559.0	3122.0	2816.0	
48	1746	45.514632718759145	371.9978050921861	26.0	25.0	25.0	23.0	6834.0	2524.0	2281.0	2029.0	
48	1932	363.6815688425672	409.6209544706528	27.0	25.0	26.0	22.0	7292.0	2591.0	2104.0	2597.0	
48	2248	485.7455853499019	475.2588293001962	19.0	18.0	15.0	16.0	6116.0	2280.0	1933.0	1903.0	
49	250	126.23134185913342	50.93911051727429	17.0	16.0	16.0	12.0	5239.0	1923.0	1770.0	1546.0	
49	304	588.1388141737808	64.3585545550228	36.0	36.0	35.0	29.0	8551.0	3025.0	2761.0	2765.0	
49	665	479.30779880018457	140.23288724811567	25.0	25.0	20.0	18.0	6501.0	2601.0	2130.0	1770.0	
49	877	378.657356284508	186.90711269892824	25.0	23.0	20.0	20.0	6158.0	1995.0	1811.0	2352.0	
49	1754	623.2068965517242	374.9672318536864	26.0	25.0	23.0	19.0	5249.0	2106.0	1721.0	1420.0	
50	250	126.23134185913342	50.93911051727429	17.0	16.0	16.0	12.0	5239.0	1923.0	1770.0	1546.0	
50	304	588.1388141737808	64.3585545550228	36.0	36.0	35.0	29.0	8551.0	3025.0	2761.0	2765.0	
50	665	479.30779880018457	140.23288724811567	25.0	25.0	20.0	18.0	6501.0	2601.0	2130.0	1770.0	
50	877	378.657356284508	186.90711269892824	25.0	23.0	20.0	20.0	6158.0	1995.0	1811.0	2352.0	
50	1754	623.2068965517242	374.9672318536864	26.0	25.0	23.0	19.0	5249.0	2106.0	1721.0	1420.0	
51	28	378.60624493106246	8.47911597729116	15.0	13.0	13.0	15.0	4932.0	1659.0	1646.0	1627.0	
51	683	383.347446586764	148.56826472120898	35.0	29.0	29.0	31.0	7676.0	2327.0	2449.0	2899.0	
51	844	624.7747278750592	181.2588736393753	18.0	17.0	17.0	16.0	6339.0	1824.0	2283.0	2232.0	
51	1542	268.6400947119179	327.18902920284137	35.0	30.0	30.0	29.0	7602.0	2665.0	2507.0	2430.0	
51	1664	497.83083551892094	348.1245784938179	26.0	22.0	22.0	22.0	5338.0	1443.0	1700.0	2194.0	
51	1672	266.1846586910626	350.6128078817734	28.0	23.0	23.0	23.0	7105.0	2444.0	2184.0	2477.0	
51	1836	67.03068315134013	386.7411785939897	43.0	38.0	39.0	33.0	11081.0	3973.0	3680.0	3427.0	
52	28	378.60624493106246	8.47911597729116	15.0	13.0	13.0	15.0	4932.0	1659.0	1646.0	1627.0	
52	683	383.347446586764	148.56826472120898	35.0	29.0	29.0	31.0	7676.0	2327.0	2449.0	2899.0	
52	844	624.7747278750592	181.2588736393753	18.0	17.0	17.0	16.0	6339.0	1824.0	2283.0	2232.0	
52	1542	268.6400947119179	327.18902920284137	35.0	30.0	30.0	29.0	7602.0	2665.0	2507.0	2430.0	
52	1664	497.83083551892094	348.1245784938179	26.0	22.0	22.0	22.0	5338.0	1443.0	1700.0	2194.0	
52	1672	266.1846586910626	350.6128078817734	28.0	23.0	23.0	23.0	7105.0	2444.0	2184.0	2477.0	
52	1836	67.03068315134013	386.7411785939897	43.0	38.0	39.0	33.0	11081.0	3973.0	3680.0	3427.0	
53	246	360.1419001218027	51.9247868453106	28.0	23.0	23.0	24.0	6568.0	2335.0	1941.0	2292.0	
53	311	53.01246210845402	65.5496800269451	36.0	33.0	30.0	31.0	8907.0	3238.0	2390.0	3278.0	
53	387	450.4891024138739	77.83548160299976	32.0	28.0	27.0	22.0	8534.0	3612.0	2900.0	2022.0	
53	422	292.70286303843176	89.40430745421718	40.0	32.0	29.0	31.0	7754.0	2911.0	2191.0	2651.0	
53	766	515.8729688055984	162.42486063337682	32.0	30.0	28.0	29.0	8431.0	2661.0	2621.0	3148.0	
53	792	533.6263224714346	163.7016504443504	29.0	26.0	24.0	19.0	4726.0	2216.0	1516.0	994.0	
53	1244	501.5911401597676	261.6381626724764	21.0	21.0	20.0	14.0	5508.0	2340.0	2037.0	1130.0	
53	1702	613.9088098918083	359.30271583130934	22.0	21.0	18.0	18.0	4529.0	1443.0	1385.0	1701.0	
54	246	360.1419001218027	51.9247868453106	28.0	23.0	23.0	24.0	6568.0	2335.0	1941.0	2292.0	
54	311	53.01246210845402	65.5496800269451	36.0	33.0	30.0	31.0	8907.0	3238.0	2390.0	3278.0	
54	387	450.4891024138739	77.83548160299976	32.0	28.0	27.0	22.0	8534.0	3612.0	2900.0	2022.0	
54	422	292.70286303843176	89.40430745421718	40.0	32.0	29.0	31.0	7754.0	2911.0	2191.0	2651.0	
54	766	515.8729688055984	162.42486063337682	32.0	30.0	28.0	29.0	8431.0	2661.0	2621.0	3148.0	
54	792	533.6263224714346	163.7016504443504	29.0	26.0	24.0	19.0	4726.0	2216.0	1516.0	994.0	
54	1244	501.5911401597676	261.6381626724764	21.0	21.0	20.0	14.0	5508.0	2340.0	2037.0	1130.0	
54	1702	613.9088098918083	359.30271583130934	22.0	21.0	18.0	18.0	4529.0	1443.0	1385.0	1701.0	
55	55	393.6155520379897	13.409774436090226	18.0	16.0	15.0	16.0	5054.0	1674.0	1453.0	1925.0	
55	506	493.1126336395121	114.0924559554284	21.0	20.0	17.0	19.0	6641.0	2445.0	2147.0	2049.0	
55	1616	321.08889482114256	346.3562466631073	25.0	21.0	20.0	23.0	7492.0	2547.0	2326.0	2619.0	
55	1970	468.0513820586739	420.0052569102934	32.0	29.0	26.0	23.0	5897.0	2490.0	1777.0	1628.0	
55	2070	20.94144736842105	444.3108552631579	28.0	23.0	24.0	23.0	6080.0	2249.0	2184.0	1646.0	
56	55	393.6155520379897	13.409774436090226	18.0	16.0	15.0	16.0	5054.0	1674.0	1453.0	1925.0	
56	506	493.1126336395121	114.0924559554284	21.0	20.0	17.0	19.0	6641.0	2445.0	2147.0	2049.0	
56	1616	321.08889482114256	346.3562466631073	25.0	21.0	20.0	23.0	7492.0	2547.0	2326.0	2619.0	
56	1970	468.0513820586739	420.0052569102934	32.0	29.0	26.0	23.0	5897.0	2490.0	1777.0	1628.0	
56	2070	20.94144736842105	444.3108552631579	28.0	23.0	24.0	23.0	6080.0	2249.0	2184.0	1646.0	
57	55	393.6155520379897	13.409774436090226	18.0	16.0	15.0	16.0	5054.0	1674.0	1453.0	1925.0	
57	506	493.1126336395121	114.0924559554284	21.0	20.0	17.0	19.0	6641.0	2445.0	2147.0	2049.0	
57	1616	321.08889482114256	346.3562466631073	25.0	21.0	20.0	23.0	7492.0	2547.0	2326.0	2619.0	
57	1970	468.0513820586739	420.0052569102934	32.0	29.0	26.0	23.0	5897.0	2490.0	1777.0	1628.0	
57	2070	20.94144736842105	444.3108552631579	28.0	23.0	24.0	23.0	6080.0	2249.0	2184.0	1646.0	
58	14	499.7392842782469	4.328347406513872	41.0	37.0	32.0	38.0	12435.0	4215.0	3442.0	4777.0	
58	86	194.20277437780496	21.261933904528764	20.0	19.0	17.0	18.0	4902.0	1956.0	1104.0	1842.0	
58	390	209.79846526655896	88.73081583198707	19.0	16.0	14.0	14.0	4952.0	1828.0	1460.0	1664.0	
58	708	468.13356325442857	152.1388932434551	19.0	19.0	19.0	17.0	6379.0	2203.0	1960.0	2216.0	
58	894	123.15433673469389	187.78735422740525	17.0	16.0	17.0	16.0	5488.0	2286.0	1425.0	1777.0	
58	1306	317.8999575491722	283.44771473043727	22.0	20.0	19.0	18.0	7067.0	2577.0	2437.0	2053.0	
58	1389	31.372605996565845	303.74706115440495	33.0	28.0	28.0	23.0	7571.0	2674.0	2700.0	2197.0	
58	1790	633.6893	387.7509	32.0	28.0	28.0	29.0	10000.0	3416.0	3353.0	3231.0	
59	14	499.7392842782469	4.328347406513872	41.0	37.0	32.0	38.0	12435.0	4215.0	3442.0	4777.0	
59	86	194.20277437780496	21.261933904528764	20.0	19.0	17.0	18.0	4902.0	1956.0	1104.0	1842.0	
59	390	209.79846526655896	88.73081583198707	19.0	16.0	14.0	14.0	4952.0	1828.0	1460.0	1664.0	
59	708	468.13356325442857	152.1388932434551	19.0	19.0	19.0	17.0	6379.0	2203.0	1960.0	2216.0	
59	894	123.15433673469389	187.78735422740525	17.0	16.0	17.0	16.0	5488.0	2286.0	1425.0	1777.0	
59	1306	317.8999575491722	283.44771473043727	22.0	20.0	19.0	18.0	7067.0	2577.0	2437.0	2053.0	
59	1389	31.372605996565845	303.74706115440495	33.0	28.0	28.0	23.0	7571.0	2674.0	2700.0	2197.0	
59	1790	633.6893	387.7509	32.0	28.0	28.0	29.0	10000.0	3416.0	3353.0	3231.0	
60	20	148.8945564516129	7.832862903225807	26.0	26.0	23.0	20.0	4960.0	2009.0	1870.0	1081.0	
60	1050	396.6557350301844	230.26627508565835	31.0	28.0	26.0	27.0	6129.0	2187.0	2017.0	1924.0	
60	1235	422.81757902852735	271.03592906707786	23.0	20.0	22.0	23.0	6485.0	2326.0	2142.0	2017.0	
60	1379	360.51485862665896	307.0929024812464	32.0	29.0	25.0	26.0	6932.0	2311.0	1980.0	2641.0	
60	1555	624.8220084185208	339.36094407696936	28.0	24.0	25.0	23.0	6652.0	2404.0	2153.0	2095.0	
61	20	148.8945564516129	7.832862903225807	26.0	26.0	23.0	20.0	4960.0	2009.0	1870.0	1081.0	
61	1050	396.6557350301844	230.26627508565835	31.0	28.0	26.0	27.0	6129.0	2187.0	2017.0	1924.0	
61	1235	422.81757902852735	271.03592906707786	23.0	20.0	22.0	23.0	6485.0	2326.0	2142.0	2017.0	
61	1379	360.51485862665896	307.0929024812464	32.0	29.0	25.0	26.0	6932.0	2311.0	1980.0	2641.0	
61	1555	624.8220084185208	339.36094407696936	28.0	24.0	25.0	23.0	6652.0	2404.0	2153.0	2095.0	
62	20	148.8945564516129	7.832862903225807	26.0	26.0	23.0	20.0	4960.0	2009.0	1870.0	1081.0	
62	1050	396.6557350301844	230.26627508565835	31.0	28.0	26.0	27.0	6129.0	2187.0	2017.0	1924.0	
62	1235	422.81757902852735	271.03592906707786	23.0	20.0	22.0	23.0	6485.0	2326.0	2142.0	2017.0	
62	1379	360.51485862665896	307.0929024812464	32.0	29.0	25.0	26.0	6932.0	2311.0	1980.0	2641.0	
62	1555	624.8220084185208	339.36094407696936	28.0	24.0	25.0	23.0	6652.0	2404.0	2153.0	2095.0	
63	454	485.8996743681191	101.68537757791906	36.0	29.0	27.0	31.0	6449.0	2232.0	1481.0	2735.0	
63	915	212.6156991005724	196.57522485690924	24.0	22.0	18.0	19.0	7338.0	2688.0	2176.0	2474.0	
63	1431	616.7050117726202	309.25563403969056	26.0	23.0	24.0	22.0	5946.0	1872.0	2059.0	2015.0	
63	1482	296.7120127287192	321.1583134447096	23.0	22.0	22.0	19.0	5028.0	1890.0	1685.0	1453.0	
63	1565	201.53575547866205	342.45943867743176	25.0	24.0	21.0	20.0	5202.0	2070.0	1663.0	1469.0	
63	1778	470.5293100738645	388.44805909162346	22.0	22.0	19.0	18.0	6363.0	2777.0	1798.0	1788.0	
63	1937	478.31262706121527	426.51513440253	34.0	32.0	28.0	30.0	8854.0	2972.0	2876.0	3006.0	
63	1987	569.7407271391847	433.9236136614029	20.0	17.0	15.0	18.0	5446.0	2195.0	1519.0	1732.0	
64	454	485.8996743681191	101.68537757791906	36.0	29.0	27.0	31.0	6449.0	2232.0	1481.0	2735.0	
64	915	212.6156991005724	196.57522485690924	24.0	22.0	18.0	19.0	7338.0	2688.0	2176.0	2474.0	
64	1431	616.7050117726202	309.25563403969056	26.0	23.0	24.0	22.0	5946.0	1872.0	2059.0	2015.0	
64	1482	296.7120127287192	321.1583134447096	23.0	22.0	22.0	19.0	5028.0	1890.0	1685.0	1453.0	
64	1565	201.53575547866205	342.45943867743176	25.0	24.0	21.0	20.0	5202.0	2070.0	1663.0	1469.0	
64	1778	470.5293100738645	388.44805909162346	22.0	22.0	19.0	18.0	6363.0	2777.0	1798.0	1788.0	
64	1937	478.31262706121527	426.51513440253	34.0	32.0	28.0	30.0	8854.0	2972.0	2876.0	3006.0	
64	1987	569.7407271391847	433.9236136614029	20.0	17.0	15.0	18.0	5446.0	2195.0	1519.0	1732.0	
65	604	468.9116057233704	132.06693163751987	32.0	32.0	23.0	23.0	6290.0	2397.0	1700.0	2193.0	
65	1508	275.08096699923254	321.9198004604758	39.0	30.0	35.0	38.0	13030.0	3856.0	4207.0	4967.0	
66	604	468.9116057233704	132.06693163751987	32.0	32.0	23.0	23.0	6290.0	2397.0	1700.0	2193.0	
66	1508	275.08096699923254	321.9198004604758	39.0	30.0	35.0	38.0	13030.0	3856.0	4207.0	4967.0	
67	363	513.6363084395871	72.07407407407408	17.0	15.0	14.0	16.0	4941.0	1806.0	1279.0	1856.0	
67	697	27.6907123534716	153.68602344454465	25.0	22.0	23.0	18.0	5545.0	2382.0	2022.0	1141.0	
67	761	209.75871097683788	169.95387713997985	25.0	22.0	22.0	23.0	4965.0	1762.0	1612.0	1591.0	
67	1685	214.66156516251183	368.887503944462	27.0	27.0	21.0	21.0	6338.0	2210.0	1794.0	2334.0	
67	1874	400.0602129983616	408.5951665756417	24.0	21.0	20.0	24.0	7324.0	2053.0	2062.0	3209.0	
67	1972	8.46504090137367	433.8978237382312	35.0	30.0	29.0	27.0	6479.0	2466.0	2153.0	1859.0	
68	363	513.6363084395871	72.07407407407408	17.0	15.0	14.0	16.0	4941.0	1806.0	1279.0	1856.0	
68	697	27.6907123534716	153.68602344454465	25.0	22.0	23.0	18.0	5545.0	2382.0	2022.0	1141.0	
68	761	209.75871097683788	169.95387713997985	25.0	22.0	22.0	23.0	4965.0	1762.0	1612.0	1591.0	
68	1685	214.66156516251183	368.887503944462	27.0	27.0	21.0	21.0	6338.0	2210.0	1794.0	2334.0	
68	1874	400.0602129983616	408.5951665756417	24.0	21.0	20.0	24.0	7324.0	2053.0	2062.0	3209.0	
68	1972	8.46504090137367	433.8978237382312	35.0	30.0	29.0	27.0	6479.0	2466.0	2153.0	1859.0	
69	363	513.6363084395871	72.07407407407408	17.0	15.0	14.0	16.0	4941.0	1806.0	1279.0	1856.0	
69	697	27.6907123534716	153.68602344454465	25.0	22.0	23.0	18.0	5545.0	2382.0	2022.0	1141.0	
69	761	209.75871097683788	169.95387713997985	25.0	22.0	22.0	23.0	4965.0	1762.0	1612.0	1591.0	
69	1685	214.66156516251183	368.887503944462	27.0	27.0	21.0	21.0	6338.0	2210.0	1794.0	2334.0	
69	1874	400.0602129983616	408.5951665756417	24.0	21.0	20.0	24.0	7324.0	2053.0	2062.0	3209.0	
69	1972	8.46504090137367	433.8978237382312	35.0	30.0	29.0	27.0	6479.0	2466.0	2153.0	1859.0	
70	415	158.5978198508319	92.0279212086441	23.0	20.0	21.0	16.0	5229.0	2100.0	1750.0	1377.0	
70	1017	322.4757662690624	212.81186773365545	32.0	27.0	28.0	30.0	6623.0	1944.0	1698.0	2981.0	
70	1161	289.1151375391204	237.28842035908417	21.0	17.0	18.0	20.0	6071.0	1926.0	1906.0	2239.0	
70	1498	203.941049604601	317.3774263120057	26.0	21.0	18.0	20.0	5564.0	1854.0	1847.0	1863.0	
70	1797	487.9150165016501	378.7100424328147	28.0	27.0	24.0	22.0	8484.0	2935.0	2752.0	2797.0	
70	2125	413.89678384442783	449.0267763649962	23.0	22.0	18.0	22.0	6685.0	2174.0	1796.0	2715.0	
71	415	158.5978198508319	92.0279212086441	23.0	20.0	21.0	16.0	5229.0	2100.0	1750.0	1377.0	
71	1017	322.4757662690624	212.81186773365545	32.0	27.0	28.0	30.0	6623.0	1944.0	1698.0	2981.0	
71	1161	289.1151375391204	237.28842035908417	21.0	17.0	18.0	20.0	6071.0	1926.0	1906.0	2239.0	
71	1498	203.941049604601	317.3774263120057	26.0	21.0	18.0	20.0	5564.0	1854.0	1847.0	1863.0	
71	1797	487.9150165016501	378.7100424328147	28.0	27.0	24.0	22.0	8484.0	2935.0	2752.0	2797.0	
71	2125	413.89678384442783	449.0267763649962	23.0	22.0	18.0	22.0	6685.0	2174.0	1796.0	2715.0	
72	747	620.0233551694674	165.011107946454	27.0	23.0	24.0	22.0	7022.0	2593.0	2086.0	2343.0	
72	1843	437.3048912390338	397.6191563514001	40.0	37.0	33.0	29.0	8321.0	3439.0	2372.0	2510.0	
72	2118	630.4306485555768	452.69657547350295	22.0	21.0	20.0	19.0	5227.0	1944.0	1526.0	1757.0	
73	747	620.0233551694674	165.011107946454	27.0	23.0	24.0	22.0	7022.0	2593.0	2086.0	2343.0	
73	1843	437.3048912390338	397.6191563514001	40.0	37.0	33.0	29.0	8321.0	3439.0	2372.0	2510.0	
73	2118	630.4306485555768	452.69657547350295	22.0	21.0	20.0	19.0	5227.0	1944.0	1526.0	1757.0	
74	96	141.19304135510453	23.808332061651157	30.0	30.0	25.0	25.0	6553.0	2390.0	1862.0	2301.0	
74	326	142.72797666934835	75.59261866452132	30.0	27.0	28.0	27.0	9944.0	3174.0	2988.0	3781.0	
74	430	162.75559022360895	94.43525741029642	18.0	18.0	16.0	16.0	5769.0	2000.0	1907.0	1862.0	
74	777	175.84810973569756	167.9981599197056	20.0	19.0	17.0	16.0	5978.0	2306.0	1773.0	1899.0	
74	1288	112.3729769048918	275.81742134933626	22.0	21.0	17.0	18.0	5499.0	2349.0	1483.0	1667.0	
74	1588	341.210778672804	338.0080552359033	23.0	21.0	18.0	19.0	5214.0	1797.0	1568.0	1849.0	
74	2147	118.28554175293306	455.5602139406488	26.0	24.0	21.0	18.0	5796.0	2304.0	1953.0	1539.0	
75	96	141.19304135510453	23.808332061651157	30.0	30.0	25.0	25.0	6553.0	2390.0	1862.0	2301.0	
75	326	142.72797666934835	75.59261866452132	30.0	27.0	28.0	27.0	9944.0	3174.0	2988.0	3781.0	
75	430	162.75559022360895	94.43525741029642	18.0	18.0	16.0	16.0	5769.0	2000.0	1907.0	1862.0	
75	777	175.84810973569756	167.9981599197056	20.0	19.0	17.0	16.0	5978.0	2306.0	1773.0	1899.0	
75	1288	112.3729769048918	275.81742134933626	22.0	21.0	17.0	18.0	5499.0	2349.0	1483.0	1667.0	
75	1588	341.210778672804	338.0080552359033	23.0	21.0	18.0	19.0	5214.0	1797.0	1568.0	1849.0	
75	2147	118.28554175293306	455.5602139406488	26.0	24.0	21.0	18.0	5796.0	2304.0	1953.0	1539.0	
76	166	159.59923076923076	33.77298076923077	37.0	36.0	32.0	35.0	10400.0	3645.0	3116.0	3639.0	
76	219	454.68176132099074	45.69627220415312	12.0	10.0	11.0	12.0	3997.0	1443.0	1210.0	1344.0	
76	707	274.5719396882188	154.49769997444417	27.0	25.0	23.0	22.0	7826.0	2521.0	2393.0	2912.0	
76	1142	155.0381282495667	247.7412478336222	25.0	19.0	22.0	22.0	5770.0	1797.0	1761.0	2212.0	
76	1420	453.2080716080402	308.2867462311558	24.0	23.0	22.0	21.0	6368.0	2208.0	2047.0	2113.0	
76	1834	590.1012838801712	405.2107703281027	28.0	25.0	24.0	21.0	5608.0	2099.0	1590.0	1919.0	
76	1951	484.11379255234135	433.4379095413137	27.0	25.0	26.0	26.0	6257.0	2144.0	2035.0	2078.0	
76	1975	637.9536696254601	439.8666378003897	18.0	17.0	18.0	16.0	4619.0	2043.0	1358.0	1218.0	
76	1986	487.1305199042854	442.3186860996302	17.0	17.0	16.0	14.0	4597.0	1824.0	1468.0	1305.0	
76	2010	109.42601823708206	450.0643161094225	34.0	31.0	30.0	28.0	8225.0	2854.0	2468.0	2902.0	
77	166	159.59923076923076	33.77298076923077	37.0	36.0	32.0	35.0	10400.0	3645.0	3116.0	3639.0	
77	219	454.68176132099074	45.69627220415312	12.0	10.0	11.0	12.0	3997.0	1443.0	1210.0	1344.0	
77	707	274.5719396882188	154.49769997444417	27.0	25.0	23.0	22.0	7826.0	2521.0	2393.0	2912.0	
77	1142	155.0381282495667	247.7412478336222	25.0	19.0	22.0	22.0	5770.0	1797.0	1761.0	2212.0	
77	1420	453.2080716080402	308.2867462311558	24.0	23.0	22.0	21.0	6368.0	2208.0	2047.0	2113.0	
77	1834	590.1012838801712	405.2107703281027	28.0	25.0	24.0	21.0	5608.0	2099.0	1590.0	1919.0	
77	1951	484.11379255234135	433.4379095413137	27.0	25.0	26.0	26.0	6257.0	2144.0	2035.0	2078.0	
77	1975	637.9536696254601	439.8666378003897	18.0	17.0	18.0	16.0	4619.0	2043.0	1358.0	1218.0	
77	1986	487.1305199042854	442.3186860996302	17.0	17.0	16.0	14.0	4597.0	1824.0	1468.0	1305.0	
77	2010	109.42601823708206	450.0643161094225	34.0	31.0	30.0	28.0	8225.0	2854.0	2468.0	2902.0	
78	166	159.59923076923076	33.77298076923077	37.0	36.0	32.0	35.0	10400.0	3645.0	3116.0	3639.0	
78	219	454.68176132099074	45.69627220415312	12.0	10.0	11.0	12.0	3997.0	1443.0	1210.0	1344.0	
78	707	274.5719396882188	154.49769997444417	27.0	25.0	23.0	22.0	7826.0	2521.0	2393.0	2912.0	
78	1142	155.0381282495667	247.7412478336222	25.0	19.0	22.0	22.0	5770.0	1797.0	1761.0	2212.0	
78	1420	453.2080716080402	308.2867462311558	24.0	23.0	22.0	21.0	6368.0	2208.0	2047.0	2113.0	
78	1834	590.1012838801712	405.2107703281027	28.0	25.0	24.0	21.0	5608.0	2099.0	1590.0	1919.0	
78	1951	484.11379255234135	433.4379095413137	27.0	25.0	26.0	26.0	6257.0	2144.0	2035.0	2078.0	
78	1975	637.9536696254601	439.8666378003897	18.0	17.0	18.0	16.0	4619.0	2043.0	1358.0	1218.0	
78	1986	487.1305199042854	442.3186860996302	17.0	17.0	16.0	14.0	4597.0	1824.0	1468.0	1305.0	
78	2010	109.42601823708206	450.0643161094225	34.0	31.0	30.0	28.0	8225.0	2854.0	2468.0	2902.0	
79	1234	409.0798421372192	266.5382513661202	27.0	25.0	23.0	21.0	6588.0	2788.0	2085.0	1715.0	
79	1310	305.8013953488372	280.1623255813953	17.0	16.0	10.0	17.0	4300.0	1443.0	1197.0	1660.0	
79	1332	511.5577284105132	283.9582290362954	21.0	20.0	18.0	15.0	6392.0	2748.0	2054.0	1590.0	
79	1859	209.8170713316242	403.15216407781634	24.0	22.0	24.0	20.0	6631.0	2586.0	2249.0	1796.0	
79	2098	246.034392350401	452.0618445404072	34.0	31.0	34.0	30.0	6484.0	2143.0	2327.0	2013.0	
79	2154	278.78703134603563	465.9938537185003	26.0	22.0	25.0	21.0	6508.0	1688.0	2371.0	2449.0	
79	2194	131.55035011670557	475.2959319773258	24.0	23.0	18.0	20.0	5998.0	2130.0	2155.0	1713.0	
80	1234	409.0798421372192	266.5382513661202	27.0	25.0	23.0	21.0	6588.0	2788.0	2085.0	1715.0	
80	1310	305.8013953488372	280.1623255813953	17.0	16.0	10.0	17.0	4300.0	1443.0	1197.0	1660.0	
80	1332	511.5577284105132	283.9582290362954	21.0	20.0	18.0	15.0	6392.0	2748.0	2054.0	1590.0	
80	1859	209.8170713316242	403.15216407781634	24.0	22.0	24.0	20.0	6631.0	2586.0	2249.0	1796.0	
80	2098	246.034392350401	452.0618445404072	34.0	31.0	34.0	30.0	6484.0	2143.0	2327.0	2013.0	
80	2154	278.78703134603563	465.9938537185003	26.0	22.0	25.0	21.0	6508.0	1688.0	2371.0	2449.0	
80	2194	131.55035011670557	475.2959319773258	24.0	23.0	18.0	20.0	5998.0	2130.0	2155.0	1713.0	
81	781	330.1613821138212	169.94329268292682	25.0	23.0	23.0	21.0	4920.0	1890.0	1624.0	1405.0	
81	2000	548.2908268977209	443.5258994160859	20.0	20.0	19.0	19.0	5309.0	1985.0	1532.0	1792.0	
82	781	330.1613821138212	169.94329268292682	25.0	23.0	23.0	21.0	4920.0	1890.0	1624.0	1405.0	
82	2000	548.2908268977209	443.5258994160859	20.0	20.0	19.0	19.0	5309.0	1985.0	1532.0	1792.0	
83	140	504.945039530732	36.38459576638613	30.0	26.0	24.0	24.0	7842.0	2844.0	2384.0	2612.0	
83	206	281.8439314162279	48.83961117861482	33.0	30.0	26.0	23.0	7407.0	2697.0	2482.0	2228.0	
83	706	479.6650553563075	155.0343053173242	28.0	27.0	24.0	22.0	6413.0	2442.0	2035.0	1936.0	
83	717	151.00722328446994	154.44380709581475	18.0	17.0	17.0	16.0	4707.0	1443.0	1580.0	1684.0	
83	1108	516.6782452255743	236.06033766952672	26.0	25.0	22.0	22.0	7226.0	2902.0	2056.0	2268.0	
83	1252	235.96241641687803	269.5225962646991	28.0	25.0	26.0	28.0	8674.0	2840.0	2716.0	3118.0	
83	1503	208.3184878913172	328.9801535735381	34.0	30.0	30.0	29.0	8465.0	2811.0	2585.0	3069.0	
84	140	504.945039530732	36.38459576638613	30.0	26.0	24.0	24.0	7842.0	2844.0	2384.0	2612.0	
84	206	281.8439314162279	48.83961117861482	33.0	30.0	26.0	23.0	7407.0	2697.0	2482.0	2228.0	
84	706	479.6650553563075	155.0343053173242	28.0	27.0	24.0	22.0	6413.0	2442.0	2035.0	1936.0	
84	717	151.00722328446994	154.44380709581475	18.0	17.0	17.0	16.0	4707.0	1443.0	1580.0	1684.0	
84	1108	516.6782452255743	236.06033766952672	26.0	25.0	22.0	22.0	7226.0	2902.0	2056.0	2268.0	
84	1252	235.96241641687803	269.5225962646991	28.0	25.0	26.0	28.0	8674.0	2840.0	2716.0	3118.0	
84	1503	208.3184878913172	328.9801535735381	34.0	30.0	30.0	29.0	8465.0	2811.0	2585.0	3069.0	
85	302	385.423393478949	64.73345995568218	20.0	19.0	20.0	19.0	6318.0	2471.0	1978.0	1869.0	
85	377	172.70759493670886	83.73471971066908	24.0	23.0	21.0	19.0	5530.0	2326.0	1631.0	1573.0	
85	527	215.7754188090894	116.70326754022226	28.0	27.0	21.0	19.0	6029.0	2515.0	1496.0	2018.0	
85	830	220.9221150949081	187.7627297378729	23.0	21.0	18.0	19.0	6638.0	2253.0	1982.0	2403.0	
85	1123	580.0300764655905	249.2254885301614	28.0	25.0	25.0	24.0	5885.0	2566.0	1768.0	1550.0	
85	1633	361.82661475034354	361.4996564360971	26.0	24.0	25.0	22.0	8732.0	2924.0	3006.0	2802.0	
85	1960	311.9209633101665	434.29917569096494	28.0	26.0	21.0	24.0	6187.0	2206.0	1697.0	2284.0	
85	2111	65.26294926004228	462.6921247357294	27.0	25.0	24.0	25.0	7568.0	2459.0	2363.0	2745.0	
86	302	385.423393478949	64.73345995568218	20.0	19.0	20.0	19.0	6318.0	2471.0	1978.0	1869.0	
86	377	172.70759493670886	83.73471971066908	24.0	23.0	21.0	19.0	5530.0	2326.0	1631.0	1573.0	
86	527	215.7754188090894	116.70326754022226	28.0	27.0	21.0	19.0	6029.0	2515.0	1496.0	2018.0	
86	830	220.9221150949081	187.7627297378729	23.0	21.0	18.0	19.0	6638.0	2253.0	1982.0	2403.0	
86	1123	580.0300764655905	249.2254885301614	28.0	25.0	25.0	24.0	5885.0	2566.0	1768.0	1550.0	
86	1633	361.82661475034354	361.4996564360971	26.0	24.0	25.0	22.0	8732.0	2924.0	3006.0	2802.0	
86	1960	311.9209633101665	434.29917569096494	28.0	26.0	21.0	24.0	6187.0	2206.0	1697.0	2284.0	
86	2111	65.26294926004228	462.6921247357294	27.0	25.0	24.0	25.0	7568.0	2459.0	2363.0	2745.0	
87	302	385.423393478949	64.73345995568218	20.0	19.0	20.0	19.0	6318.0	2471.0	1978.0	1869.0	
87	377	172.70759493670886	83.73471971066908	24.0	23.0	21.0	19.0	5530.0	2326.0	1631.0	1573.0	
87	527	215.7754188090894	116.70326754022226	28.0	27.0	21.0	19.0	6029.0	2515.0	1496.0	2018.0	
87	830	220.9221150949081	187.7627297378729	23.0	21.0	18.0	19.0	6638.0	2253.0	1982.0	2403.0	
87	1123	580.0300764655905	249.2254885301614	28.0	25.0	25.0	24.0	5885.0	2566.0	1768.0	1550.0	
87	1633	361.82661475034354	361.4996564360971	26.0	24.0	25.0	22.0	8732.0	2924.0	3006.0	2802.0	
87	1960	311.9209633101665	434.29917569096494	28.0	26.0	21.0	24.0	6187.0	2206.0	1697.0	2284.0	
87	2111	65.26294926004228	462.6921247357294	27.0	25.0	24.0	25.0	7568.0	2459.0	2363.0	2745.0	
88	362	156.45911173775116	79.95576313006697	24.0	20.0	24.0	19.0	5674.0	1923.0	1866.0	1885.0	
88	373	437.4141437485556	81.5479547030275	19.0	19.0	13.0	11.0	4327.0	1956.0	1438.0	933.0	
88	423	252.94675925925927	94.52289094650206	28.0	28.0	26.0	21.0	7776.0	2948.0	2351.0	2477.0	
88	512	590.6031479217604	111.86048288508556	22.0	20.0	19.0	14.0	6544.0	2550.0	2370.0	1624.0	
88	843	443.6906813897118	178.22811742526258	29.0	27.0	24.0	24.0	7426.0	2649.0	2293.0	2484.0	
88	1648	396.49799320778015	347.2029947514665	22.0	21.0	19.0	17.0	6478.0	2485.0	2205.0	1788.0	
88	1824	176.89740310840054	386.09738343497935	46.0	40.0	43.0	39.0	10166.0	2968.0	3682.0	3516.0	
88	1973	339.9873107747106	419.8310329474622	31.0	28.0	26.0	27.0	8984.0	2940.0	2711.0	3332.0	
89	362	156.45911173775116	79.95576313006697	24.0	20.0	24.0	19.0	5674.0	1923.0	1866.0	1885.0	
89	373	437.4141437485556	81.5479547030275	19.0	19.0	13.0	11.0	4327.0	1956.0	1438.0	933.0	
89	423	252.94675925925927	94.52289094650206	28.0	28.0	26.0	21.0	7776.0	2948.0	2351.0	2477.0	
89	512	590.6031479217604	111.86048288508556	22.0	20.0	19.0	14.0	6544.0	2550.0	2370.0	1624.0	
89	843	443.6906813897118	178.22811742526258	29.0	27.0	24.0	24.0	7426.0	2649.0	2293.0	2484.0	
89	1648	396.49799320778015	347.2029947514665	22.0	21.0	19.0	17.0	6478.0	2485.0	2205.0	1788.0	
89	1824	176.89740310840054	386.09738343497935	46.0	40.0	43.0	39.0	10166.0	2968.0	3682.0	3516.0	
89	1973	339.9873107747106	419.8310329474622	31.0	28.0	26.0	27.0	8984.0	2940.0	2711.0	3332.0	
90	185	69.93974556130296	41.37424856703481	33.0	31.0	28.0	30.0	7153.0	2565.0	1989.0	2598.0	
90	462	35.936501377410465	100.06942148760332	31.0	26.0	26.0	27.0	7260.0	1934.0	2311.0	3015.0	
90	821	605.714919508176	182.4265432881227	41.0	34.0	38.0	39.0	7889.0	2081.0	2357.0	3450.0	
90	943	572.3705757432751	203.29164700330344	24.0	22.0	20.0	24.0	8476.0	2958.0	2277.0	3241.0	
90	1195	149.62005730659027	263.29140401146134	32.0	29.0	29.0	28.0	6980.0	2510.0	2119.0	2351.0	
90	1612	41.83679822123402	356.0675931072818	40.0	37.0	37.0	35.0	8995.0	3171.0	2975.0	2849.0	
90	1678	312.112947990829	368.8956196452274	28.0	25.0	27.0	24.0	8287.0	2820.0	2933.0	2534.0	
90	1845	580.6670097030285	401.0382240517495	30.0	29.0	29.0	28.0	6802.0	1967.0	2158.0	2677.0	
90	1951	372.1608439201452	422.02518148820326	15.0	14.0	12.0	11.0	4408.0	2006.0	1226.0	1176.0	
91	185	69.93974556130296	41.37424856703481	33.0	31.0	28.0	30.0	7153.0	2565.0	1989.0	2598.0	
91	462	35.936501377410465	100.06942148760332	31.0	26.0	26.0	27.0	7260.0	1934.0	2311.0	3015.0	
91	821	605.714919508176	182.4265432881227	41.0	34.0	38.0	39.0	7889.0	2081.0	2357.0	3450.0	
91	943	572.3705757432751	203.29164700330344	24.0	22.0	20.0	24.0	8476.0	2958.0	2277.0	3241.0	
91	1195	149.62005730659027	263.29140401146134	32.0	29.0	29.0	28.0	6980.0	2510.0	2119.0	2351.0	
91	1612	41.83679822123402	356.0675931072818	40.0	37.0	37.0	35.0	8995.0	3171.0	2975.0	2849.0	
91	1678	312.112947990829	368.8956196452274	28.0	25.0	27.0	24.0	8287.0	2820.0	2933.0	2534.0	
91	1845	580.6670097030285	401.0382240517495	30.0	29.0	29.0	28.0	6802.0	1967.0	2158.0	2677.0	
91	1951	372.1608439201452	422.02518148820326	15.0	14.0	12.0	11.0	4408.0	2006.0	1226.0	1176.0	
92	89	584.5949197860963	19.82336229946524	23.0	21.0	20.0	20.0	5984.0	2224.0	1694.0	2066.0	
92	135	427.265763222285	30.929041972520235	30.0	27.0	24.0	21.0	5313.0	2009.0	1779.0	1525.0	
92	173	66.10998058252427	37.71091262135922	52.0	39.0	40.0	44.0	12875.0	3600.0	3926.0	5349.0	
92	376	173.57434164530412	80.86879515264508	36.0	34.0	35.0	36.0	8582.0	2789.0	2675.0	3118.0	
92	924	523.2108825826608	196.5309815152304	30.0	29.0	22.0	21.0	7682.0	2700.0	2373.0	2609.0	
92	947	403.0159159159159	199.6024024024024	30.0	28.0	27.0	23.0	6660.0	2286.0	2134.0	2239.0	
92	1134	382.8852545502506	237.9728303877605	24.0	22.0	20.0	22.0	7582.0	2361.0	2173.0	3048.0	
92	1212	296.696269982238	254.0812611012433	16.0	16.0	14.0	15.0	4504.0	1867.0	1386.0	1251.0	
92	1514	15.161728190696904	316.80797881145503	26.0	24.0	22.0	20.0	6041.0	2195.0	1935.0	1911.0	
92	1515	196.46574648600733	317.003292389515	28.0	25.0	22.0	25.0	7897.0	2811.0	2279.0	2807.0	
92	1623	510.52341328112254	341.1930168053516	23.0	23.0	19.0	18.0	6129.0	2232.0	1872.0	2025.0	
92	2168	3.1835768676682443	453.9504013171435	23.0	21.0	16.0	17.0	4859.0	2268.0	1554.0	1035.0	
93	89	584.5949197860963	19.82336229946524	23.0	21.0	20.0	20.0	5984.0	2224.0	1694.0	2066.0	
93	135	427.265763222285	30.929041972520235	30.0	27.0	24.0	21.0	5313.0	2009.0	1779.0	1525.0	
93	173	66.10998058252427	37.71091262135922	52.0	39.0	40.0	44.0	12875.0	3600.0	3926.0	5349.0	
93	376	173.57434164530412	80.86879515264508	36.0	34.0	35.0	36.0	8582.0	2789.0	2675.0	3118.0	
93	924	523.2108825826608	196.5309815152304	30.0	29.0	22.0	21.0	7682.0	2700.0	2373.0	2609.0	
93	947	403.0159159159159	199.6024024024024	30.0	28.0	27.0	23.0	6660.0	2286.0	2134.0	2239.0	
93	1134	382.8852545502506	237.9728303877605	24.0	22.0	20.0	22.0	7582.0	2361.0	2173.0	3048.0	
93	1212	296.696269982238	254.0812611012433	16.0	16.0	14.0	15.0	4504.0	1867.0	1386.0	1251.0	
93	1514	15.161728190696904	316.80797881145503	26.0	24.0	22.0	20.0	6041.0	2195.0	1935.0	1911.0	
93	1515	196.46574648600733	317.003292389515	28.0	25.0	22.0	25.0	7897.0	2811.0	2279.0	2807.0	
93	1623	510.52341328112254	341.1930168053516	23.0	23.0	19.0	18.0	6129.0	2232.0	1872.0	2025.0	
93	2168	3.1835768676682443	453.9504013171435	23.0	21.0	16.0	17.0	4859.0	2268.0	1554.0	1035.0	
94	89	584.5949197860963	19.82336229946524	23.0	21.0	20.0	20.0	5984.0	2224.0	1694.0	2066.0	
94	135	427.265763222285	30.929041972520235	30.0	27.0	24.0	21.0	5313.0	2009.0	1779.0	1525.0	
94	173	66.10998058252427	37.71091262135922	52.0	39.0	40.0	44.0	12875.0	3600.0	3926.0	5349.0	
94	376	173.57434164530412	80.86879515264508	36.0	34.0	35.0	36.0	8582.0	2789.0	2675.0	3118.0	
94	924	523.2108825826608	196.5309815152304	30.0	29.0	22.0	21.0	7682.0	2700.0	2373.0	2609.0	
94	947	403.0159159159159	199.6024024024024	30.0	28.0	27.0	23.0	6660.0	2286.0	2134.0	2239.0	
94	1134	382.8852545502506	237.9728303877605	24.0	22.0	20.0	22.0	7582.0	2361.0	2173.0	3048.0	
94	1212	296.696269982238	254.0812611012433	16.0	16.0	14.0	15.0	4504.0	1867.0	1386.0	1251.0	
94	1514	15.161728190696904	316.80797881145503	26.0	24.0	22.0	20.0	6041.0	2195.0	1935.0	1911.0	
94	1515	196.46574648600733	317.003292389515	28.0	25.0	22.0	25.0	7897.0	2811.0	2279.0	2807.0	
94	1623	510.52341328112254	341.1930168053516	23.0	23.0	19.0	18.0	6129.0	2232.0	1872.0	2025.0	
94	2168	3.1835768676682443	453.9504013171435	23.0	21.0	16.0	17.0	4859.0	2268.0	1554.0	1035.0	
95	710	538.3018993668777	149.96667777407532	26.0	24.0	22.0	21.0	6002.0	2326.0	1925.0	1750.0	
95	957	623.7883021010789	202.6740488358887	36.0	34.0	36.0	33.0	8805.0	2772.0	3181.0	2852.0	
95	1259	457.34552374648354	272.7984444812179	35.0	31.0	30.0	28.0	6043.0	1985.0	2083.0	1975.0	
95	1614	24.708769106999195	351.6394207562349	18.0	18.0	18.0	13.0	6215.0	2266.0	2229.0	1720.0	
95	1814	280.13332476214964	393.3873746464387	22.0	20.0	19.0	19.0	7778.0	2719.0	2264.0	2795.0	
95	2083	155.1835963182117	449.0527613412229	23.0	21.0	17.0	20.0	6084.0	2253.0	1884.0	1947.0	
96	710	538.3018993668777	149.96667777407532	26.0	24.0	22.0	21.0	6002.0	2326.0	1925.0	1750.0	
96	957	623.7883021010789	202.6740488358887	36.0	34.0	36.0	33.0	8805.0	2772.0	3181.0	2852.0	
96	1259	457.34552374648354	272.7984444812179	35.0	31.0	30.0	28.0	6043.0	1985.0	2083.0	1975.0	
96	1614	24.708769106999195	351.6394207562349	18.0	18.0	18.0	13.0	6215.0	2266.0	2229.0	1720.0	
96	1814	280.13332476214964	393.3873746464387	22.0	20.0	19.0	19.0	7778.0	2719.0	2264.0	2795.0	
96	2083	155.1835963182117	449.0527613412229	23.0	21.0	17.0	20.0	6084.0	2253.0	1884.0	1947.0	
97	229	303.0800606311148	49.78861788617886	23.0	19.0	21.0	20.0	7257.0	2291.0	2554.0	2412.0	
97	528	101.29519115492208	115.528972958572	29.0	27.0	24.0	26.0	7507.0	2561.0	2717.0	2229.0	
97	1488	527.2895468148781	314.6638520735357	34.0	31.0	26.0	29.0	9356.0	2872.0	2832.0	3652.0	
97	1550	553.165383957585	328.1848811356251	23.0	20.0	15.0	20.0	5847.0	1854.0	1681.0	2312.0	
97	2172	197.34852374839537	458.7519897304237	31.0	29.0	27.0	30.0	7790.0	2587.0	2368.0	2835.0	
98	229	303.0800606311148	49.78861788617886	23.0	19.0	21.0	20.0	7257.0	2291.0	2554.0	2412.0	
98	528	101.29519115492208	115.528972958572	29.0	27.0	24.0	26.0	7507.0	2561.0	2717.0	2229.0	
98	1488	527.2895468148781	314.6638520735357	34.0	31.0	26.0	29.0	9356.0	2872.0	2832.0	3652.0	
98	1550	553.165383957585	328.1848811356251	23.0	20.0	15.0	20.0	5847.0	1854.0	1681.0	2312.0	
98	2172	197.34852374839537	458.7519897304237	31.0	29.0	27.0	30.0	7790.0	2587.0	2368.0	2835.0	
99	304	372.0411699473247	65.64638203493207	29.0	27.0	23.0	26.0	7214.0	2329.0	2017.0	2868.0	
99	706	126.04972790392192	149.71270407205856	18.0	17.0	17.0	16.0	5329.0	1828.0	1483.0	2017.0	
99	881	420.8411040074848	186.2778730703259	25.0	22.0	16.0	20.0	6413.0	2493.0	1796.0	2124.0	
99	1061	167.2040201005025	225.41421392677677	38.0	34.0	32.0	34.0	6965.0	2409.0	1999.0	2556.0	
99	1617	145.02869544248856	341.56498673740055	38.0	33.0	30.0	36.0	8294.0	2693.0	2292.0	3309.0	
99	1764	3.213520197856554	373.82209398186313	20.0	16.0	20.0	17.0	6065.0	2472.0	1799.0	1793.0	
100	304	372.0411699473247	65.64638203493207	29.0	27.0	23.0	26.0	7214.0	2329.0	2017.0	2868.0	
100	706	126.04972790392192	149.71270407205856	18.0	17.0	17.0	16.0	5329.0	1828.0	1483.0	2017.0	
100	881	420.8411040074848	186.2778730703259	25.0	22.0	16.0	20.0	6413.0	2493.0	1796.0	2124.0	
100	1061	167.2040201005025	225.41421392677677	38.0	34.0	32.0	34.0	6965.0	2409.0	1999.0	2556.0	
100	1617	145.02869544248856	341.56498673740055	38.0	33.0	30.0	36.0	8294.0	2693.0	2292.0	3309.0	
100	1764	3.213520197856554	373.82209398186313	20.0	16.0	20.0	17.0	6065.0	2472.0	1799.0	1793.0	
101	304	372.0411699473247	65.64638203493207	29.0	27.0	23.0	26.0	7214.0	2329.0	2017.0	2868.0	
101	706	126.04972790392192	149.71270407205856	18.0	17.0	17.0	16.0	5329.0	1828.0	1483.0	2017.0	
101	881	420.8411040074848	186.2778730703259	25.0	22.0	16.0	20.0	6413.0	2493.0	1796.0	2124.0	
101	1061	167.2040201005025	225.41421392677677	38.0	34.0	32.0	34.0	6965.0	2409.0	1999.0	2556.0	
101	1617	145.02869544248856	341.56498673740055	38.0	33.0	30.0	36.0	8294.0	2693.0	2292.0	3309.0	
101	1764	3.213520197856554	373.82209398186313	20.0	16.0	20.0	17.0	6065.0	2472.0	1799.0	1793.0	
102	66	172.6263260445984	13.216064083134878	16.0	16.0	13.0	11.0	4619.0	1942.0	1385.0	1292.0	
102	94	597.8131968561506	20.24090659842808	20.0	17.0	17.0	18.0	5471.0	2220.0	1623.0	1628.0	
102	135	42.91727719558565	31.19781136974868	38.0	36.0	33.0	33.0	10783.0	3699.0	3317.0	3765.0	
102	181	249.5308264101443	38.26781810231745	22.0	22.0	19.0	11.0	4574.0	2116.0	1481.0	977.0	
102	1078	58.86032890290606	221.6823608920928	15.0	15.0	13.0	10.0	4439.0	2010.0	1452.0	977.0	
102	1096	419.27833534055935	227.5910611534859	33.0	31.0	32.0	31.0	7473.0	2450.0	2488.0	2535.0	
102	1207	147.1426533523538	253.43498299133103	33.0	31.0	31.0	26.0	9113.0	3122.0	3044.0	2946.0	
102	1876	463.9741543798786	396.46695576756287	24.0	18.0	22.0	21.0	5765.0	1824.0	1868.0	2073.0	
102	2133	136.1385295045756	453.2559166929631	21.0	20.0	18.0	16.0	6338.0	2505.0	2088.0	1744.0	
103	66	172.6263260445984	13.216064083134878	16.0	16.0	13.0	11.0	4619.0	1942.0	1385.0	1292.0	
103	94	597.8131968561506	20.24090659842808	20.0	17.0	17.0	18.0	5471.0	2220.0	1623.0	1628.0	
103	135	42.91727719558565	31.19781136974868	38.0	36.0	33.0	33.0	10783.0	3699.0	3317.0	3765.0	
103	181	249.5308264101443	38.26781810231745	22.0	22.0	19.0	11.0	4574.0	2116.0	1481.0	977.0	
103	1078	58.86032890290606	221.6823608920928	15.0	15.0	13.0	10.0	4439.0	2010.0	1452.0	977.0	
103	1096	419.27833534055935	227.5910611534859	33.0	31.0	32.0	31.0	7473.0	2450.0	2488.0	2535.0	
103	1207	147.1426533523538	253.43498299133103	33.0	31.0	31.0	26.0	9113.0	3122.0	3044.0	2946.0	
103	1876	463.9741543798786	396.46695576756287	24.0	18.0	22.0	21.0	5765.0	1824.0	1868.0	2073.0	
103	2133	136.1385295045756	453.2559166929631	21.0	20.0	18.0	16.0	6338.0	2505.0	2088.0	1744.0	
104	17	318.270428802589	6.415048543689321	33.0	30.0	26.0	30.0	9888.0	3347.0	2959.0	3582.0	
104	149	438.0839705269012	33.78353955234255	28.0	26.0	22.0	19.0	7193.0	3220.0	2205.0	1768.0	
104	443	301.08029197080293	97.38213030548798	36.0	31.0	28.0	29.0	7398.0	2800.0	2667.0	1931.0	
104	510	334.9679213795661	110.42351195994809	27.0	25.0	23.0	21.0	5393.0	2155.0	1645.0	1592.0	
104	790	262.58411507191994	167.33192620387743	19.0	17.0	19.0	17.0	6396.0	2056.0	2295.0	2045.0	
104	806	166.82558375634517	169.34172588832487	20.0	20.0	19.0	18.0	4925.0	2145.0	1520.0	1260.0	
104	1619	529.2311846101924	337.66942288221395	19.0	18.0	18.0	15.0	5926.0	2190.0	2236.0	1500.0	
104	1799	150.09974701843151	381.4606071557644	26.0	25.0	23.0	26.0	5534.0	1867.0	1551.0	2116.0	
104	1850	51.94223968565815	389.94499017681727	18.0	18.0	13.0	13.0	5090.0	2253.0	1358.0	1479.0	
104	2117	39.76182327317984	448.52209085252025	24.0	22.0	15.0	23.0	6428.0	2274.0	1423.0	2731.0	
105	17	318.270428802589	6.415048543689321	33.0	30.0	26.0	30.0	9888.0	3347.0	2959.0	3582.0	
105	149	438.0839705269012	33.78353955234255	28.0	26.0	22.0	19.0	7193.0	3220.0	2205.0	1768.0	
105	443	301.08029197080293	97.38213030548798	36.0	31.0	28.0	29.0	7398.0	2800.0	2667.0	1931.0	
105	510	334.9679213795661	110.42351195994809	27.0	25.0	23.0	21.0	5393.0	2155.0	1645.0	1592.0	
105	790	262.58411507191994	167.33192620387743	19.0	17.0	19.0	17.0	6396.0	2056.0	2295.0	2045.0	
105	806	166.82558375634517	169.34172588832487	20.0	20.0	19.0	18.0	4925.0	2145.0	1520.0	1260.0	
105	1619	529.2311846101924	337.66942288221395	19.0	18.0	18.0	15.0	5926.0	2190.0	2236.0	1500.0	
105	1799	150.09974701843151	381.4606071557644	26.0	25.0	23.0	26.0	5534.0	1867.0	1551.0	2116.0	
105	1850	51.94223968565815	389.94499017681727	18.0	18.0	13.0	13.0	5090.0	2253.0	1358.0	1479.0	
105	2117	39.76182327317984	448.52209085252025	24.0	22.0	15.0	23.0	6428.0	2274.0	1423.0	2731.0	
106	1329	413.2026893659018	287.700222057735	24.0	24.0	22.0	22.0	8106.0	2833.0	2236.0	3037.0	
106	1655	592.2491189427312	353.83458149779733	19.0	19.0	15.0	11.0	4540.0	2444.0	1259.0	837.0	
106	1882	617.0816530995617	405.5095804633688	43.0	43.0	38.0	35.0	7985.0	2991.0	2484.0	2510.0	
107	1329	413.2026893659018	287.700222057735	24.0	24.0	22.0	22.0	8106.0	2833.0	2236.0	3037.0	
107	1655	592.2491189427312	353.83458149779733	19.0	19.0	15.0	11.0	4540.0	2444.0	1259.0	837.0	
107	1882	617.0816530995617	405.5095804633688	43.0	43.0	38.0	35.0	7985.0	2991.0	2484.0	2510.0	
108	1329	413.2026893659018	287.700222057735	24.0	24.0	22.0	22.0	8106.0	2833.0	2236.0	3037.0	
108	1655	592.2491189427312	353.83458149779733	19.0	19.0	15.0	11.0	4540.0	2444.0	1259.0	837.0	
108	1882	617.0816530995617	405.5095804633688	43.0	43.0	38.0	35.0	7985.0	2991.0	2484.0	2510.0	
109	46	289.2444745762712	9.772745762711864	28.0	27.0	25.0	25.0	7375.0	3115.0	1959.0	2301.0	
109	199	587.2619898438969	41.92759074666165	17.0	15.0	14.0	12.0	5317.0	1872.0	1823.0	1622.0	
109	242	155.80605194186325	52.09268525137003	21.0	19.0	19.0	12.0	4197.0	1926.0	1533.0	738.0	
109	1064	585.3880531938086	220.0189666448659	19.0	18.0	18.0	17.0	4587.0	1797.0	1464.0	1326.0	
109	1085	253.57524233275063	224.27014142698235	25.0	25.0	21.0	21.0	6293.0	2454.0	1849.0	1990.0	
109	2145	548.2918445293193	458.5881824309144	27.0	24.0	20.0	23.0	4451.0	1805.0	1281.0	1364.0	
110	46	289.2444745762712	9.772745762711864	28.0	27.0	25.0	25.0	7375.0	3115.0	1959.0	2301.0	
110	199	587.2619898438969	41.92759074666165	17.0	15.0	14.0	12.0	5317.0	1872.0	1823.0	1622.0	
110	242	155.80605194186325	52.09268525137003	21.0	19.0	19.0	12.0	4197.0	1926.0	1533.0	738.0	
110	1064	585.3880531938086	220.0189666448659	19.0	18.0	18.0	17.0	4587.0	1797.0	1464.0	1326.0	
110	1085	253.57524233275063	224.27014142698235	25.0	25.0	21.0	21.0	6293.0	2454.0	1849.0	1990.0	
110	2145	548.2918445293193	458.5881824309144	27.0	24.0	20.0	23.0	4451.0	1805.0	1281.0	1364.0	
111	56	240.76065749031136	12.308031538153148	26.0	24.0	23.0	24.0	7483.0	2539.0	2442.0	2502.0	
111	114	230.9015639374425	22.821527138914444	17.0	15.0	11.0	15.0	4348.0	1934.0	1166.0	1248.0	
111	196	43.19456272518834	42.03259089420242	16.0	15.0	16.0	13.0	6106.0	1944.0	2090.0	2072.0	
111	343	223.41422941298487	72.05372329392242	21.0	16.0	21.0	17.0	4821.0	1443.0	1863.0	1513.0	
111	931	533.4583723105707	185.93872778297475	17.0	16.0	14.0	10.0	4276.0	1926.0	1510.0	840.0	
111	1017	92.1068317766817	206.47077342848144	35.0	32.0	31.0	32.0	9529.0	2739.0	2635.0	4155.0	
111	1040	241.40710010881392	211.2680903155604	35.0	34.0	30.0	27.0	7352.0	3034.0	2387.0	1931.0	
111	1306	347.7593976698176	271.07243350186855	36.0	32.0	30.0	31.0	9098.0	3135.0	2543.0	3419.0	
111	1358	296.7686050015065	279.02455558903284	29.0	24.0	27.0	28.0	6638.0	1813.0	2181.0	2644.0	
111	1971	613.7632709156502	411.7510736986772	24.0	20.0	22.0	18.0	5821.0	2116.0	2037.0	1666.0	
112	56	240.76065749031136	12.308031538153148	26.0	24.0	23.0	24.0	7483.0	2539.0	2442.0	2502.0	
112	114	230.9015639374425	22.821527138914444	17.0	15.0	11.0	15.0	4348.0	1934.0	1166.0	1248.0	
112	196	43.19456272518834	42.03259089420242	16.0	15.0	16.0	13.0	6106.0	1944.0	2090.0	2072.0	
112	343	223.41422941298487	72.05372329392242	21.0	16.0	21.0	17.0	4821.0	1443.0	1863.0	1513.0	
112	931	533.4583723105707	185.93872778297475	17.0	16.0	14.0	10.0	4276.0	1926.0	1510.0	840.0	
112	1017	92.1068317766817	206.47077342848144	35.0	32.0	31.0	32.0	9529.0	2739.0	2635.0	4155.0	
112	1040	241.40710010881392	211.2680903155604	35.0	34.0	30.0	27.0	7352.0	3034.0	2387.0	1931.0	
112	1306	347.7593976698176	271.07243350186855	36.0	32.0	30.0	31.0	9098.0	3135.0	2543.0	3419.0	
112	1358	296.7686050015065	279.02455558903284	29.0	24.0	27.0	28.0	6638.0	1813.0	2181.0	2644.0	
112	1971	613.7632709156502	411.7510736986772	24.0	20.0	22.0	18.0	5821.0	2116.0	2037.0	1666.0	
113	209	316.596989560573	41.53119689244962	16.0	15.0	13.0	12.0	4119.0	1688.0	1304.0	1127.0	
113	307	54.471198568872985	66.66308884913536	31.0	28.0	27.0	28.0	8385.0	2684.0	2677.0	3024.0	
113	412	302.1471332836932	88.2409530900968	27.0	22.0	27.0	23.0	6715.0	2349.0	2432.0	1934.0	
113	877	94.4248496993988	186.57643859146864	22.0	19.0	20.0	20.0	6986.0	2118.0	2348.0	2520.0	
113	924	171.17176596886742	197.0706745392736	30.0	29.0	26.0	22.0	5589.0	2208.0	1886.0	1494.0	
113	931	189.40970350404316	196.3034591194969	17.0	17.0	13.0	15.0	4452.0	1923.0	1286.0	1243.0	
113	1226	115.57770721925134	262.653743315508	23.0	23.0	18.0	18.0	5984.0	2296.0	1870.0	1818.0	
113	1382	632.602268012723	298.8670999861707	33.0	29.0	27.0	31.0	7231.0	2586.0	1882.0	2763.0	
113	2177	597.9671029968997	477.71856699965554	28.0	24.0	23.0	17.0	5806.0	2824.0	1673.0	1309.0	
114	209	316.596989560573	41.53119689244962	16.0	15.0	13.0	12.0	4119.0	1688.0	1304.0	1127.0	
114	307	54.471198568872985	66.66308884913536	31.0	28.0	27.0	28.0	8385.0	2684.0	2677.0	3024.0	
114	412	302.1471332836932	88.2409530900968	27.0	22.0	27.0	23.0	6715.0	2349.0	2432.0	1934.0	
114	877	94.4248496993988	186.57643859146864	22.0	19.0	20.0	20.0	6986.0	2118.0	2348.0	2520.0	
114	924	171.17176596886742	197.0706745392736	30.0	29.0	26.0	22.0	5589.0	2208.0	1886.0	1494.0	
114	931	189.40970350404316	196.3034591194969	17.0	17.0	13.0	15.0	4452.0	1923.0	1286.0	1243.0	
114	1226	115.57770721925134	262.653743315508	23.0	23.0	18.0	18.0	5984.0	2296.0	1870.0	1818.0	
114	1382	632.602268012723	298.8670999861707	33.0	29.0	27.0	31.0	7231.0	2586.0	1882.0	2763.0	
114	2177	597.9671029968997	477.71856699965554	28.0	24.0	23.0	17.0	5806.0	2824.0	1673.0	1309.0	
115	209	316.596989560573	41.53119689244962	16.0	15.0	13.0	12.0	4119.0	1688.0	1304.0	1127.0	
115	307	54.471198568872985	66.66308884913536	31.0	28.0	27.0	28.0	8385.0	2684.0	2677.0	3024.0	
115	412	302.1471332836932	88.2409530900968	27.0	22.0	27.0	23.0	6715.0	2349.0	2432.0	1934.0	
115	877	94.4248496993988	186.57643859146864	22.0	19.0	20.0	20.0	6986.0	2118.0	2348.0	2520.0	
115	924	171.17176596886742	197.0706745392736	30.0	29.0	26.0	22.0	5589.0	2208.0	1886.0	1494.0	
115	931	189.40970350404316	196.3034591194969	17.0	17.0	13.0	15.0	4452.0	1923.0	1286.0	1243.0	
115	1226	115.57770721925134	262.653743315508	23.0	23.0	18.0	18.0	5984.0	2296.0	1870.0	1818.0	
115	1382	632.602268012723	298.8670999861707	33.0	29.0	27.0	31.0	7231.0	2586.0	1882.0	2763.0	
115	2177	597.9671029968997	477.71856699965554	28.0	24.0	23.0	17.0	5806.0	2824.0	1673.0	1309.0	
116	183	240.38392197428695	40.21900398995123	37.0	32.0	31.0	25.0	6767.0	3320.0	2012.0	1434.0	
116	673	473.7678307919331	142.66420724708968	27.0	26.0	19.0	17.0	6099.0	2758.0	1978.0	1363.0	
116	781	638.4412132582864	162.37148217636022	12.0	12.0	10.0	10.0	3198.0	1443.0	818.0	937.0	
116	1024	89.34500827357971	215.5173745173745	18.0	17.0	14.0	14.0	3626.0	1659.0	1044.0	922.0	
116	1191	609.5707787481805	249.67721979621544	26.0	23.0	23.0	19.0	5496.0	2257.0	1718.0	1520.0	
116	1363	86.90705679862306	291.1327452667814	25.0	21.0	23.0	20.0	4648.0	1806.0	1554.0	1288.0	
117	183	240.38392197428695	40.21900398995123	37.0	32.0	31.0	25.0	6767.0	3320.0	2012.0	1434.0	
117	673	473.7678307919331	142.66420724708968	27.0	26.0	19.0	17.0	6099.0	2758.0	1978.0	1363.0	
117	781	638.4412132582864	162.37148217636022	12.0	12.0	10.0	10.0	3198.0	1443.0	818.0	937.0	
117	1024	89.34500827357971	215.5173745173745	18.0	17.0	14.0	14.0	3626.0	1659.0	1044.0	922.0	
117	1191	609.5707787481805	249.67721979621544	26.0	23.0	23.0	19.0	5496.0	2257.0	1718.0	1520.0	
117	1363	86.90705679862306	291.1327452667814	25.0	21.0	23.0	20.0	4648.0	1806.0	1554.0	1288.0	
118	438	568.451990017076	102.34624983580716	33.0	30.0	28.0	25.0	7613.0	2903.0	2186.0	2523.0	
118	531	578.8342535570184	127.63484816309196	29.0	25.0	28.0	26.0	9418.0	2930.0	3201.0	3286.0	
118	1072	338.6043956043956	233.1657213753988	22.0	19.0	17.0	21.0	5642.0	1942.0	1339.0	2361.0	
118	1522	601.7120323559151	334.1092012133468	26.0	26.0	22.0	21.0	4945.0	2296.0	1398.0	1251.0	
118	1937	482.28010435260194	420.68268570643966	18.0	18.0	18.0	18.0	7283.0	2471.0	2521.0	2291.0	
118	2173	373.0163212435233	470.7546632124352	29.0	28.0	25.0	27.0	7720.0	2660.0	2104.0	2956.0	
119	438	568.451990017076	102.34624983580716	33.0	30.0	28.0	25.0	7613.0	2903.0	2186.0	2523.0	
119	531	578.8342535570184	127.63484816309196	29.0	25.0	28.0	26.0	9418.0	2930.0	3201.0	3286.0	
119	1072	338.6043956043956	233.1657213753988	22.0	19.0	17.0	21.0	5642.0	1942.0	1339.0	2361.0	
119	1522	601.7120323559151	334.1092012133468	26.0	26.0	22.0	21.0	4945.0	2296.0	1398.0	1251.0	
119	1937	482.28010435260194	420.68268570643966	18.0	18.0	18.0	18.0	7283.0	2471.0	2521.0	2291.0	
119	2173	373.0163212435233	470.7546632124352	29.0	28.0	25.0	27.0	7720.0	2660.0	2104.0	2956.0	
120	759	113.10035240812216	165.07887229400907	18.0	18.0	18.0	15.0	5959.0	1959.0	1991.0	2009.0	
120	1103	391.0948717948718	237.1346153846154	19.0	17.0	16.0	19.0	4680.0	1824.0	1262.0	1594.0	
120	1441	368.560092272203	308.121568627451	16.0	14.0	16.0	14.0	4335.0	1688.0	1256.0	1390.0	
120	1764	490.7603263641	377.4511303756587	29.0	26.0	27.0	26.0	5883.0	2321.0	1680.0	1882.0	
120	1958	609.0319329771734	419.215274405051	32.0	32.0	31.0	25.0	8236.0	3033.0	2946.0	2257.0	
120	1992	70.4454723358833	426.5024017078812	23.0	22.0	22.0	20.0	5621.0	2242.0	1975.0	1403.0	
121	759	113.10035240812216	165.07887229400907	18.0	18.0	18.0	15.0	5959.0	1959.0	1991.0	2009.0	
121	1103	391.0948717948718	237.1346153846154	19.0	17.0	16.0	19.0	4680.0	1824.0	1262.0	1594.0	
121	1441	368.560092272203	308.121568627451	16.0	14.0	16.0	14.0	4335.0	1688.0	1256.0	1390.0	
121	1764	490.7603263641	377.4511303756587	29.0	26.0	27.0	26.0	5883.0	2321.0	1680.0	1882.0	
121	1958	609.0319329771734	419.215274405051	32.0	32.0	31.0	25.0	8236.0	3033.0	2946.0	2257.0	
121	1992	70.4454723358833	426.5024017078812	23.0	22.0	22.0	20.0	5621.0	2242.0	1975.0	1403.0	
122	285	245.43415724060884	66.3845831587767	32.0	28.0	26.0	23.0	7161.0	2546.0	2222.0	2392.0	
122	885	21.049561299502017	186.12058335309464	30.0	30.0	28.0	26.0	8434.0	3004.0	2851.0	2579.0	
122	953	422.19769911504426	200.1212389380531	24.0	22.0	20.0	22.0	5650.0	1688.0	1564.0	2397.0	
122	1073	377.999879894307	226.77744415085277	24.0	22.0	21.0	20.0	8326.0	3042.0	2674.0	2610.0	
122	2158	484.5303308823529	461.03722426470586	19.0	17.0	18.0	18.0	6528.0	1805.0	2130.0	2593.0	
123	285	245.43415724060884	66.3845831587767	32.0	28.0	26.0	23.0	7161.0	2546.0	2222.0	2392.0	
123	885	21.049561299502017	186.12058335309464	30.0	30.0	28.0	26.0	8434.0	3004.0	2851.0	2579.0	
123	953	422.19769911504426	200.1212389380531	24.0	22.0	20.0	22.0	5650.0	1688.0	1564.0	2397.0	
123	1073	377.999879894307	226.77744415085277	24.0	22.0	21.0	20.0	8326.0	3042.0	2674.0	2610.0	
123	2158	484.5303308823529	461.03722426470586	19.0	17.0	18.0	18.0	6528.0	1805.0	2130.0	2593.0	
124	285	245.43415724060884	66.3845831587767	32.0	28.0	26.0	23.0	7161.0	2546.0	2222.0	2392.0	
124	885	21.049561299502017	186.12058335309464	30.0	30.0	28.0	26.0	8434.0	3004.0	2851.0	2579.0	
124	953	422.19769911504426	200.1212389380531	24.0	22.0	20.0	22.0	5650.0	1688.0	1564.0	2397.0	
124	1073	377.999879894307	226.77744415085277	24.0	22.0	21.0	20.0	8326.0	3042.0	2674.0	2610.0	
124	2158	484.5303308823529	461.03722426470586	19.0	17.0	18.0	18.0	6528.0	1805.0	2130.0	2593.0	
