#frame	event	cm_x	cm_y	size	size_r	size_g	size_b	sum	sum_r	sum_g	sum_b
0	31	2318.671232876712	1324.6712328767123	7.0	4.0	5.0	4.0	584.0	88.0	24.0	472.0
0	34	903.5216637781627	1371.521663778163	4.0	4.0	0.0	1.0	577.0	552.0	0.0	25.0
0	39	644.5178571428571	1496.517857142857	4.0	1.0	1.0	4.0	280.0	8.0	2.0	268.0
0	42	1794.5128205128206	1538.5128205128206	4.0	1.0	0.0	4.0	234.0	5.0	0.0	228.0
0	48	2392.5117370892017	1830.511737089202	4.0	1.0	0.0	4.0	213.0	4.0	0.0	208.0
1	31	2318.671232876712	1324.6712328767123	7.0	4.0	5.0	4.0	584.0	88.0	24.0	472.0
1	34	903.5216637781627	1371.521663778163	4.0	4.0	0.0	1.0	577.0	552.0	0.0	25.0
1	39	644.5178571428571	1496.517857142857	4.0	1.0	1.0	4.0	280.0	8.0	2.0	268.0
1	42	1794.5128205128206	1538.5128205128206	4.0	1.0	0.0	4.0	234.0	5.0	0.0	228.0
1	48	2392.5117370892017	1830.511737089202	4.0	1.0	0.0	4.0	213.0	4.0	0.0	208.0
2	16	1922.505703422053	652.1254752851711	6.0	1.0	4.0	4.0	263.0	3.0	100.0	160.0
2	27	1495.5	895.5228426395939	4.0	4.0	0.0	3.0	394.0	368.0	0.0	26.0
2	30	1662.7153465346537	944.7120462046204	9.0	4.0	8.0	4.0	1212.0	208.0	112.0	892.0
2	37	1798.7057613168724	1000.7057613168724	9.0	4.0	7.0	4.0	972.0	160.0	80.0	732.0
2	39	1644.5617021276596	1030.2702127659577	8.0	3.0	5.0	4.0	470.0	30.0	141.0	296.0
2	50	2076.668	1244.668	7.0	4.0	5.0	5.0	500.0	72.0	18.0	410.0
2	52	1288.708947885939	1300.708947885939	9.0	4.0	7.0	4.0	1017.0	172.0	81.0	764.0
2	73	1106.67387687188	1828.67387687188	7.0	4.0	5.0	4.0	601.0	92.0	25.0	484.0
2	85	720.5092024539878	1992.509202453988	4.0	1.0	0.0	4.0	163.0	3.0	0.0	160.0
2	89	1576.615671641791	2032.4141791044776	9.0	4.0	8.0	4.0	536.0	56.0	120.0	360.0
3	5	1266.706611570248	118.70661157024792	9.0	4.0	7.0	4.0	968.0	160.0	80.0	728.0
3	15	634.6929238985314	660.6929238985314	9.0	4.0	7.0	4.0	749.0	120.0	49.0	580.0
3	23	1622.682857142857	980.5571428571428	11.0	4.0	10.0	4.0	1400.0	208.0	296.0	896.0
3	26	38.70912547528517	1092.7091254752852	9.0	4.0	7.0	4.0	1052.0	176.0	88.0	788.0
3	33	266.699535962877	1230.6983758700696	9.0	4.0	7.0	4.0	862.0	140.0	65.0	656.0
3	34	284.5176056338028	1240.5176056338028	4.0	1.0	1.0	4.0	284.0	8.0	2.0	272.0
3	35	80.7018779342723	1250.7018779342725	9.0	4.0	7.0	4.0	852.0	140.0	64.0	648.0
3	37	322.5168539325843	1272.5168539325844	4.0	1.0	1.0	4.0	267.0	7.0	2.0	256.0
3	39	1616.7039055404175	1294.6712079927338	11.0	4.0	10.0	4.0	1101.0	180.0	125.0	796.0
3	51	1738.6684210526316	1436.6666666666667	7.0	4.0	5.0	4.0	570.0	84.0	25.0	460.0
3	57	2008.694409937888	1544.6944099378882	9.0	4.0	7.0	4.0	805.0	128.0	57.0	620.0
3	60	2271.88	1605.88	7.0	5.0	0.0	4.0	450.0	282.0	0.0	168.0
3	65	1112.7006134969324	1720.7006134969324	9.0	4.0	7.0	5.0	815.0	132.0	57.0	626.0
3	69	1454.6849925705794	1802.6879643387813	7.0	4.0	5.0	5.0	673.0	108.0	31.0	534.0
3	71	174.55008787346222	1862.1493848857644	8.0	3.0	5.0	4.0	569.0	30.0	232.0	304.0
3	72	1950.705357142857	1874.705357142857	9.0	4.0	7.0	4.0	896.0	148.0	72.0	676.0
3	73	1578.513888888889	1894.5046296296296	4.0	1.0	1.0	4.0	216.0	4.0	2.0	208.0
3	77	1449.512880562061	1937.512880562061	4.0	4.0	0.0	2.0	427.0	408.0	0.0	19.0
3	83	338.5752427184466	2038.4393203883492	8.0	3.0	5.0	4.0	412.0	33.0	60.0	316.0
4	18	809.5198329853862	501.51983298538624	4.0	4.0	0.0	1.0	479.0	460.0	0.0	19.0
4	20	426.6918990703852	604.6918990703851	9.0	4.0	7.0	4.0	753.0	120.0	49.0	584.0
4	26	1258.668549905838	740.6685499058381	7.0	4.0	5.0	4.0	531.0	80.0	19.0	432.0
4	28	2369.5216637781627	763.5216637781629	4.0	4.0	0.0	1.0	577.0	552.0	0.0	25.0
4	31	272.3758573388203	844.4670781893004	14.0	8.0	12.0	6.0	1458.0	340.0	390.0	728.0
4	40	587.5168831168832	1129.516883116883	4.0	4.0	0.0	1.0	385.0	372.0	0.0	13.0
4	43	200.51351351351352	1168.5135135135135	4.0	1.0	0.0	4.0	222.0	5.0	0.0	216.0
4	48	2200.692729766804	1320.692729766804	9.0	4.0	7.0	4.0	729.0	116.0	49.0	564.0
4	68	1552.682962962963	1832.682962962963	7.0	4.0	5.0	4.0	675.0	108.0	31.0	536.0
4	69	1126.6597510373444	1868.6597510373444	7.0	4.0	5.0	4.0	482.0	68.0	18.0	396.0
4	72	334.6672897196262	1890.667289719626	7.0	4.0	5.0	4.0	535.0	80.0	19.0	436.0
4	80	1498.7082002129926	2010.7082002129928	9.0	4.0	7.0	5.0	939.0	156.0	73.0	710.0
5	18	809.5198329853862	501.51983298538624	4.0	4.0	0.0	1.0	479.0	460.0	0.0	19.0
5	20	426.6918990703852	604.6918990703851	9.0	4.0	7.0	4.0	753.0	120.0	49.0	584.0
5	26	1258.668549905838	740.6685499058381	7.0	4.0	5.0	4.0	531.0	80.0	19.0	432.0
5	28	2369.5216637781627	763.5216637781629	4.0	4.0	0.0	1.0	577.0	552.0	0.0	25.0
5	31	272.3758573388203	844.4670781893004	14.0	8.0	12.0	6.0	1458.0	340.0	390.0	728.0
5	40	587.5168831168832	1129.516883116883	4.0	4.0	0.0	1.0	385.0	372.0	0.0	13.0
5	43	200.51351351351352	1168.5135135135135	4.0	1.0	0.0	4.0	222.0	5.0	0.0	216.0
5	48	2200.692729766804	1320.692729766804	9.0	4.0	7.0	4.0	729.0	116.0	49.0	564.0
5	68	1552.682962962963	1832.682962962963	7.0	4.0	5.0	4.0	675.0	108.0	31.0	536.0
5	69	1126.6597510373444	1868.6597510373444	7.0	4.0	5.0	4.0	482.0	68.0	18.0	396.0
5	72	334.6672897196262	1890.667289719626	7.0	4.0	5.0	4.0	535.0	80.0	19.0	436.0
5	80	1498.7082002129926	2010.7082002129928	9.0	4.0	7.0	5.0	939.0	156.0	73.0	710.0
6	10	78.71079812206573	670.7107981220657	9.0	4.0	7.0	4.0	1065.0	180.0	89.0	796.0
6	22	1650.7031070195628	1044.7031070195628	9.0	4.0	7.0	4.0	869.0	144.0	65.0	660.0
6	30	1452.692729766804	1210.692729766804	9.0	4.0	7.0	4.0	729.0	116.0	49.0	564.0
6	36	1157.9910313901346	1341.4717488789238	7.0	4.0	6.0	5.0	1115.0	548.0	465.0	102.0
6	39	119.51724137931036	1415.7689655172414	6.0	4.0	4.0	2.0	580.0	424.0	136.0	20.0
6	65	116.5	1847.586206896552	4.0	0.0	4.0	2.0	116.0	0.0	96.0	20.0
6	70	812.5084745762712	1906.4915254237287	4.0	1.0	2.0	4.0	177.0	3.0	6.0	168.0
7	5	1823.521023765996	327.52102376599635	4.0	4.0	0.0	1.0	547.0	524.0	0.0	23.0
7	6	2136.516853932584	336.5168539325843	4.0	1.0	1.0	4.0	267.0	7.0	2.0	256.0
7	12	688.6773162939297	608.6773162939297	7.0	4.0	5.0	4.0	626.0	96.0	30.0	500.0
7	16	1099.5201535508638	807.5201535508637	4.0	4.0	0.0	1.0	521.0	500.0	0.0	21.0
7	43	1547.5208711433756	1477.5208711433756	4.0	4.0	0.0	1.0	551.0	528.0	0.0	23.0
7	47	280.5072463768116	1606.5072463768115	4.0	1.0	0.0	4.0	138.0	2.0	0.0	136.0
7	49	1766.5	1655.678571428571	4.0	0.0	4.0	2.0	56.0	0.0	36.0	20.0
7	60	98.69907407407408	1886.712962962963	9.0	4.0	7.0	6.0	864.0	140.0	64.0	660.0
7	68	1034.651376146789	1986.651376146789	7.0	4.0	5.0	4.0	436.0	60.0	12.0	364.0
8	16	2186.6704260651627	644.452380952381	11.0	4.0	10.0	4.0	1596.0	216.0	460.0	920.0
8	41	2406.5173611111118	1194.517361111111	4.0	1.0	1.0	4.0	288.0	8.0	2.0	276.0
8	64	1176.511737089202	1726.511737089202	4.0	1.0	0.0	4.0	213.0	4.0	0.0	208.0
9	16	2186.6704260651627	644.452380952381	11.0	4.0	10.0	4.0	1596.0	216.0	460.0	920.0
9	41	2406.5173611111118	1194.517361111111	4.0	1.0	1.0	4.0	288.0	8.0	2.0	276.0
9	64	1176.511737089202	1726.511737089202	4.0	1.0	0.0	4.0	213.0	4.0	0.0	208.0
10	14	1860.6963064295485	664.6963064295486	9.0	4.0	7.0	5.0	731.0	116.0	49.0	566.0
10	23	1278.6401028277637	952.6401028277636	7.0	4.0	1.0	5.0	389.0	48.0	3.0	334.0
10	30	2094.696361355081	1142.6963613550815	9.0	4.0	7.0	4.0	797.0	128.0	57.0	612.0
10	42	2272.514403292181	1582.514403292181	4.0	1.0	0.0	4.0	243.0	6.0	0.0	236.0
10	46	1538.5198675496688	1724.5198675496688	4.0	1.0	1.0	4.0	302.0	9.0	3.0	288.0
11	15	1120.598820058997	836.2551622418879	9.0	4.0	8.0	4.0	678.0	60.0	246.0	372.0
11	24	2410.509394572025	1044.0668058455117	6.0	1.0	5.0	4.0	479.0	7.0	215.0	256.0
11	28	940.6394230769232	1182.639423076923	7.0	4.0	5.0	4.0	416.0	52.0	12.0	352.0
11	35	868.6773162939297	1334.6773162939296	7.0	4.0	5.0	4.0	626.0	96.0	30.0	500.0
11	38	904.7018779342724	1394.7018779342725	9.0	4.0	7.0	4.0	852.0	140.0	64.0	648.0
11	41	890.6838487972509	1462.610538373425	11.0	4.0	10.0	4.0	873.0	132.0	121.0	620.0
11	49	100.66156462585036	1596.608843537415	9.0	5.0	8.0	5.0	588.0	87.0	51.0	450.0
11	58	1954.721464465183	1756.721464465183	9.0	4.0	7.0	4.0	1393.0	244.0	129.0	1020.0
11	60	607.6634615384615	1793.6634615384614	7.0	4.0	0.0	4.0	832.0	696.0	0.0	136.0
11	74	724.5	1987.0	2.0	0.0	2.0	2.0	30.0	0.0	10.0	20.0
11	75	264.6462585034014	2006.5289115646256	9.0	4.0	8.0	4.0	588.0	76.0	88.0	424.0
11	76	1219.6617647058824	2007.6617647058824	7.0	4.0	0.0	4.0	816.0	684.0	0.0	132.0
12	20	260.67088607594934	704.6745027124774	7.0	4.0	5.0	5.0	553.0	84.0	19.0	450.0
12	37	1864.661354581673	1104.661354581673	7.0	4.0	5.0	4.0	502.0	72.0	18.0	412.0
12	42	53.66346153846154	1159.6634615384614	7.0	4.0	0.0	4.0	832.0	696.0	0.0	136.0
12	56	470.5638766519824	1454.3149779735684	8.0	3.0	5.0	4.0	454.0	30.0	117.0	304.0
12	61	2177.516539440204	1589.5165394402036	4.0	4.0	0.0	1.0	393.0	380.0	0.0	13.0
12	75	572.710009354537	1974.7100093545369	9.0	4.0	7.0	4.0	1069.0	180.0	89.0	800.0
13	20	260.67088607594934	704.6745027124774	7.0	4.0	5.0	5.0	553.0	84.0	19.0	450.0
13	37	1864.661354581673	1104.661354581673	7.0	4.0	5.0	4.0	502.0	72.0	18.0	412.0
13	42	53.66346153846154	1159.6634615384614	7.0	4.0	0.0	4.0	832.0	696.0	0.0	136.0
13	56	470.5638766519824	1454.3149779735684	8.0	3.0	5.0	4.0	454.0	30.0	117.0	304.0
13	61	2177.516539440204	1589.5165394402036	4.0	4.0	0.0	1.0	393.0	380.0	0.0	13.0
13	75	572.710009354537	1974.7100093545369	9.0	4.0	7.0	4.0	1069.0	180.0	89.0	800.0
14	12	260.51440329218104	368.514403292181	4.0	1.0	0.0	4.0	243.0	6.0	0.0	236.0
14	15	668.6666666666666	432.3333333333333	3.0	0.0	0.0	3.0	93.0	0.0	0.0	90.0
14	16	2214.5	471.5367647058824	4.0	0.0	4.0	2.0	272.0	0.0	252.0	20.0
14	19	2083.521472392638	529.517382413088	4.0	4.0	0.0	2.0	489.0	468.0	0.0	21.0
14	26	1026.511737089202	774.5117370892019	4.0	1.0	0.0	4.0	213.0	4.0	0.0	208.0
14	34	1510.6711798839458	988.6673114119924	7.0	4.0	5.0	5.0	517.0	76.0	19.0	422.0
14	40	336.7179487179488	1118.7179487179487	9.0	4.0	7.0	4.0	1248.0	216.0	112.0	920.0
14	46	2378.516245487365	1254.4981949458484	4.0	1.0	3.0	4.0	277.0	7.0	13.0	256.0
14	49	1756.514403292181	1272.514403292181	4.0	1.0	0.0	4.0	243.0	6.0	0.0	236.0
14	51	174.6529284164859	1298.4479392624728	11.0	4.0	10.0	4.0	922.0	116.0	238.0	568.0
14	56	2252.691678035471	1370.6916780354709	9.0	4.0	7.0	4.0	733.0	116.0	49.0	568.0
14	59	2334.7091273821466	1438.7091273821463	9.0	4.0	7.0	4.0	997.0	168.0	81.0	748.0
14	68	1317.5154394299288	1649.420427553444	6.0	4.0	4.0	1.0	421.0	368.0	40.0	13.0
14	75	36.67619047619048	1780.6761904761904	7.0	4.0	5.0	4.0	630.0	96.0	30.0	504.0
14	90	662.6727272727272	2030.6727272727276	7.0	4.0	5.0	4.0	605.0	92.0	25.0	488.0
15	11	470.6562986003111	422.696734059098	8.0	4.0	6.0	4.0	643.0	88.0	51.0	504.0
15	22	154.67699836867862	750.6769983686786	7.0	4.0	5.0	4.0	613.0	96.0	25.0	492.0
15	25	1674.7009345794393	842.7079439252336	9.0	4.0	7.0	6.0	856.0	140.0	64.0	652.0
15	31	2020.698393077874	940.698393077874	9.0	4.0	7.0	4.0	809.0	132.0	57.0	620.0
15	37	518.7012542759408	1130.7012542759408	9.0	4.0	7.0	4.0	877.0	144.0	65.0	668.0
15	55	542.6634799235181	1640.6634799235185	7.0	4.0	5.0	4.0	523.0	76.0	19.0	428.0
15	63	2446.5	1806.5079365079368	4.0	0.0	2.0	4.0	504.0	0.0	8.0	496.0
15	65	2160.681300813008	1874.681300813008	7.0	4.0	5.0	5.0	615.0	96.0	25.0	494.0
15	66	2142.0062761506274	1880.278242677824	8.0	5.0	5.0	5.0	478.0	116.0	135.0	226.0
15	71	2306.7076142131978	1960.707614213198	9.0	4.0	7.0	4.0	985.0	164.0	81.0	740.0
16	4	1506.58357771261	172.58357771260998	6.0	3.0	1.0	4.0	341.0	30.0	3.0	304.0
16	19	408.3619047619048	746.5142857142857	6.0	1.0	5.0	4.0	315.0	7.0	51.0	256.0
16	37	964.5173611111112	1222.517361111111	4.0	1.0	1.0	4.0	288.0	8.0	2.0	276.0
16	42	1192.7009345794393	1308.7009345794393	9.0	4.0	7.0	4.0	856.0	140.0	64.0	652.0
16	55	1813.5198487712669	1775.5198487712669	4.0	4.0	0.0	1.0	529.0	508.0	0.0	21.0
16	56	2102.58357771261	1788.58357771261	6.0	3.0	1.0	4.0	341.0	30.0	3.0	304.0
16	67	62.7129963898917	2008.712996389892	9.0	4.0	7.0	4.0	1108.0	188.0	96.0	824.0
16	68	2046.3875968992247	2036.0387596899225	5.0	1.0	4.0	3.0	129.0	3.0	48.0	78.0
17	4	1506.58357771261	172.58357771260998	6.0	3.0	1.0	4.0	341.0	30.0	3.0	304.0
17	19	408.3619047619048	746.5142857142857	6.0	1.0	5.0	4.0	315.0	7.0	51.0	256.0
17	37	964.5173611111112	1222.517361111111	4.0	1.0	1.0	4.0	288.0	8.0	2.0	276.0
17	42	1192.7009345794393	1308.7009345794393	9.0	4.0	7.0	4.0	856.0	140.0	64.0	652.0
17	55	1813.5198487712669	1775.5198487712669	4.0	4.0	0.0	1.0	529.0	508.0	0.0	21.0
17	56	2102.58357771261	1788.58357771261	6.0	3.0	1.0	4.0	341.0	30.0	3.0	304.0
17	67	62.7129963898917	2008.712996389892	9.0	4.0	7.0	4.0	1108.0	188.0	96.0	824.0
17	68	2046.3875968992247	2036.0387596899225	5.0	1.0	4.0	3.0	129.0	3.0	48.0	78.0
18	4	275.52102376599635	123.52102376599636	4.0	4.0	0.0	1.0	547.0	524.0	0.0	23.0
18	14	700.7066402378592	576.7066402378592	9.0	4.0	7.0	4.0	1009.0	168.0	81.0	760.0
18	43	1870.508771929825	1396.485380116959	4.0	1.0	2.0	4.0	171.0	3.0	8.0	160.0
18	46	510.6635687732342	1412.6691449814127	7.0	5.0	5.0	4.0	538.0	83.0	19.0	436.0
18	49	1380.639423076923	1468.639423076923	7.0	4.0	5.0	4.0	416.0	52.0	12.0	352.0
18	51	891.5208711433756	1523.5208711433756	4.0	4.0	0.0	1.0	551.0	528.0	0.0	23.0
18	58	516.5855855855856	1654.5855855855857	6.0	3.0	1.0	4.0	333.0	30.0	3.0	296.0
18	59	1974.5870786516853	1666.5870786516855	6.0	3.0	1.0	4.0	356.0	33.0	3.0	316.0
18	66	48.5672268907563	1776.2920168067226	8.0	3.0	5.0	5.0	476.0	30.0	133.0	310.0
18	71	2394.678018575851	1878.6780185758516	7.0	4.0	5.0	4.0	646.0	100.0	30.0	516.0
18	72	628.6910112359551	1882.691011235955	9.0	4.0	7.0	4.0	712.0	112.0	48.0	552.0
18	75	1708.514403292181	1936.514403292181	4.0	1.0	0.0	4.0	243.0	6.0	0.0	236.0
18	77	1005.5210237659963	1971.521023765996	4.0	4.0	0.0	1.0	547.0	524.0	0.0	23.0
18	81	1346.5694822888283	2032.5694822888283	6.0	4.0	1.0	4.0	367.0	44.0	3.0	316.0
19	5	944.6660482374768	224.6660482374768	7.0	4.0	5.0	4.0	539.0	80.0	19.0	440.0
19	6	318.7018779342723	300.7018779342723	9.0	4.0	7.0	4.0	852.0	140.0	64.0	648.0
19	42	361.51983298538624	1337.5198329853863	4.0	4.0	0.0	1.0	479.0	460.0	0.0	19.0
19	47	1806.7066402378596	1562.7125867195243	9.0	4.0	7.0	6.0	1009.0	168.0	81.0	760.0
19	57	696.6953807740325	1718.6953807740324	9.0	4.0	7.0	4.0	801.0	128.0	57.0	616.0
19	63	114.5	1804.9421052631576	6.0	0.0	4.0	4.0	380.0	0.0	168.0	212.0
19	64	260.67699836867865	1870.6769983686784	7.0	4.0	5.0	4.0	613.0	96.0	25.0	492.0
19	69	1040.7116788321168	1922.7116788321168	9.0	4.0	7.0	4.0	1096.0	184.0	96.0	816.0
20	4	2346.507462686567	198.50746268656715	4.0	1.0	0.0	4.0	134.0	2.0	0.0	132.0
20	6	1699.6642685851318	213.66187050359716	7.0	4.0	0.0	5.0	834.0	696.0	0.0	138.0
20	9	2112.7130203720108	298.71302037201065	9.0	4.0	7.0	4.0	1129.0	192.0	97.0	840.0
20	17	1984.69220246238	572.6908344733242	9.0	4.0	7.0	4.0	731.0	116.0	50.0	564.0
20	24	1127.590281612369	1032.4030922142465	18.0	12.0	17.0	8.0	1811.0	364.0	699.0	748.0
20	34	2268.513586956521	1314.2853260869565	6.0	1.0	5.0	4.0	368.0	8.0	87.0	272.0
20	40	872.5092024539878	1364.5092024539877	4.0	1.0	0.0	4.0	163.0	3.0	0.0	160.0
20	45	188.70833333333331	1496.7083333333333	9.0	4.0	7.0	4.0	960.0	160.0	80.0	720.0
20	48	1572.7028451001054	1562.7154899894626	9.0	4.0	7.0	6.0	949.0	156.0	73.0	720.0
20	52	1837.517391304348	1623.517391304348	4.0	4.0	0.0	2.0	460.0	440.0	0.0	20.0
20	56	1710.7179125528914	1704.700282087447	11.0	4.0	10.0	4.0	1418.0	244.0	154.0	1020.0
20	62	1797.52	1751.52	4.0	4.0	0.0	1.0	525.0	504.0	0.0	21.0
20	63	765.5168831168832	1793.516883116883	4.0	4.0	0.0	1.0	385.0	372.0	0.0	13.0
20	72	2286.7113783533764	1938.7113783533764	9.0	4.0	7.0	4.0	1081.0	184.0	89.0	808.0
20	73	1154.5198675496688	1944.5198675496688	4.0	1.0	1.0	4.0	302.0	9.0	3.0	288.0
20	74	1824.0	1952.5	2.0	0.0	0.0	2.0	58.0	0.0	0.0	56.0
20	76	2216.710009354537	1956.7100093545369	9.0	4.0	7.0	4.0	1069.0	180.0	89.0	800.0
20	77	460.6542669584245	1994.6542669584248	7.0	4.0	5.0	4.0	457.0	64.0	13.0	380.0
20	80	2380.5	2039.5675675675675	4.0	0.0	4.0	2.0	148.0	0.0	128.0	20.0
21	4	2346.507462686567	198.50746268656715	4.0	1.0	0.0	4.0	134.0	2.0	0.0	132.0
21	6	1699.6642685851318	213.66187050359716	7.0	4.0	0.0	5.0	834.0	696.0	0.0	138.0
21	9	2112.7130203720108	298.71302037201065	9.0	4.0	7.0	4.0	1129.0	192.0	97.0	840.0
21	17	1984.69220246238	572.6908344733242	9.0	4.0	7.0	4.0	731.0	116.0	50.0	564.0
21	24	1127.590281612369	1032.4030922142465	18.0	12.0	17.0	8.0	1811.0	364.0	699.0	748.0
21	34	2268.513586956521	1314.2853260869565	6.0	1.0	5.0	4.0	368.0	8.0	87.0	272.0
21	40	872.5092024539878	1364.5092024539877	4.0	1.0	0.0	4.0	163.0	3.0	0.0	160.0
21	45	188.70833333333331	1496.7083333333333	9.0	4.0	7.0	4.0	960.0	160.0	80.0	720.0
21	48	1572.7028451001054	1562.7154899894626	9.0	4.0	7.0	6.0	949.0	156.0	73.0	720.0
21	52	1837.517391304348	1623.517391304348	4.0	4.0	0.0	2.0	460.0	440.0	0.0	20.0
21	56	1710.7179125528914	1704.700282087447	11.0	4.0	10.0	4.0	1418.0	244.0	154.0	1020.0
21	62	1797.52	1751.52	4.0	4.0	0.0	1.0	525.0	504.0	0.0	21.0
21	63	765.5168831168832	1793.516883116883	4.0	4.0	0.0	1.0	385.0	372.0	0.0	13.0
21	72	2286.7113783533764	1938.7113783533764	9.0	4.0	7.0	4.0	1081.0	184.0	89.0	808.0
21	73	1154.5198675496688	1944.5198675496688	4.0	1.0	1.0	4.0	302.0	9.0	3.0	288.0
21	74	1824.0	1952.5	2.0	0.0	0.0	2.0	58.0	0.0	0.0	56.0
21	76	2216.710009354537	1956.7100093545369	9.0	4.0	7.0	4.0	1069.0	180.0	89.0	800.0
21	77	460.6542669584245	1994.6542669584248	7.0	4.0	5.0	4.0	457.0	64.0	13.0	380.0
21	80	2380.5	2039.5675675675675	4.0	0.0	4.0	2.0	148.0	0.0	128.0	20.0
22	15	954.6950182260024	712.7059538274605	9.0	4.0	7.0	6.0	823.0	132.0	57.0	634.0
22	18	2372.5073891625616	810.5123152709359	4.0	1.0	0.0	4.0	203.0	4.0	0.0	196.0
22	19	373.51932773109246	855.5210084033613	4.0	4.0	0.0	1.0	595.0	568.0	0.0	25.0
22	21	1260.6684684684683	898.6684684684685	7.0	4.0	5.0	4.0	555.0	84.0	19.0	452.0
22	24	170.7031070195627	980.7031070195628	9.0	4.0	7.0	4.0	869.0	144.0	65.0	660.0
22	31	2169.521885521885	1149.5218855218857	4.0	4.0	0.0	1.0	594.0	568.0	0.0	26.0
22	33	1869.5217391304348	1191.5217391304348	4.0	4.0	0.0	1.0	598.0	572.0	0.0	26.0
22	34	2062.705761316872	1220.7057613168724	9.0	4.0	7.0	4.0	972.0	160.0	80.0	732.0
22	36	1694.7093023255811	1276.7093023255811	9.0	4.0	7.0	4.0	1032.0	172.0	88.0	772.0
22	41	1026.502564102564	1395.8461538461538	6.0	1.0	4.0	4.0	390.0	2.0	256.0	132.0
22	46	1536.5115207373271	1474.5115207373271	4.0	1.0	0.0	4.0	217.0	4.0	0.0	212.0
22	50	497.51953125	1489.7421875	6.0	4.0	4.0	2.0	512.0	388.0	104.0	20.0
22	52	1190.5050505050506	1492.1818181818182	6.0	1.0	4.0	4.0	198.0	2.0	64.0	132.0
22	54	981.52	1523.52	4.0	4.0	0.0	1.0	525.0	504.0	0.0	21.0
22	71	1332.517857142857	1774.517857142857	4.0	1.0	1.0	4.0	280.0	8.0	2.0	268.0
22	78	1884.7091273821463	1906.7091273821463	9.0	4.0	7.0	4.0	997.0	168.0	81.0	748.0
22	86	1233.51875	2005.51875	4.0	4.0	0.0	1.0	480.0	460.0	0.0	19.0
22	88	66.74051593323217	2044.8512898330805	9.0	6.0	6.0	5.0	659.0	138.0	29.0	492.0
23	7	962.5860058309038	488.59183673469386	6.0	3.0	1.0	5.0	343.0	30.0	3.0	306.0
23	27	2360.514534883721	1140.3517441860463	6.0	1.0	5.0	4.0	344.0	8.0	59.0	276.0
23	31	2323.516709511568	1409.516709511568	4.0	4.0	0.0	1.0	389.0	376.0	0.0	13.0
23	35	21.520325203252032	1535.520325203252	4.0	4.0	0.0	1.0	492.0	472.0	0.0	20.0
23	40	1866.717252396166	1636.7220447284344	9.0	4.0	7.0	6.0	1252.0	216.0	112.0	924.0
23	43	638.6920583468395	1698.6053484602917	11.0	4.0	10.0	6.0	1234.0	188.0	210.0	836.0
23	50	1056.71226831421	1836.71226831421	9.0	4.0	7.0	4.0	1133.0	192.0	97.0	844.0
24	6	493.6795952782462	401.6888701517706	7.0	5.0	3.0	5.0	1186.0	965.0	8.0	210.0
24	16	652.5870786516854	758.5870786516854	6.0	3.0	1.0	4.0	356.0	33.0	3.0	316.0
24	20	1070.5171232876712	850.5171232876712	4.0	1.0	1.0	4.0	292.0	8.0	2.0	280.0
24	52	1066.663967611336	1652.663967611336	7.0	4.0	5.0	4.0	494.0	72.0	18.0	404.0
24	53	440.569536423841	1680.373068432671	8.0	3.0	5.0	4.0	453.0	33.0	93.0	324.0
24	65	622.5	1855.6896551724135	4.0	0.0	4.0	4.0	116.0	0.0	64.0	52.0
24	69	1284.6951379763468	1870.6951379763468	9.0	4.0	7.0	4.0	761.0	124.0	49.0	588.0
24	73	1060.6666666666667	1932.6626984126983	7.0	4.0	5.0	5.0	504.0	72.0	18.0	414.0
24	79	173.521815008726	2011.521815008726	4.0	4.0	0.0	1.0	573.0	548.0	0.0	25.0
25	6	493.6795952782462	401.6888701517706	7.0	5.0	3.0	5.0	1186.0	965.0	8.0	210.0
25	16	652.5870786516854	758.5870786516854	6.0	3.0	1.0	4.0	356.0	33.0	3.0	316.0
25	20	1070.5171232876712	850.5171232876712	4.0	1.0	1.0	4.0	292.0	8.0	2.0	280.0
25	52	1066.663967611336	1652.663967611336	7.0	4.0	5.0	4.0	494.0	72.0	18.0	404.0
25	53	440.569536423841	1680.373068432671	8.0	3.0	5.0	4.0	453.0	33.0	93.0	324.0
25	65	622.5	1855.6896551724135	4.0	0.0	4.0	4.0	116.0	0.0	64.0	52.0
25	69	1284.6951379763468	1870.6951379763468	9.0	4.0	7.0	4.0	761.0	124.0	49.0	588.0
25	73	1060.6666666666667	1932.6626984126983	7.0	4.0	5.0	5.0	504.0	72.0	18.0	414.0
25	79	173.521815008726	2011.521815008726	4.0	4.0	0.0	1.0	573.0	548.0	0.0	25.0
26	3	2116.680250783699	154.68025078369905	7.0	4.0	5.0	4.0	638.0	100.0	30.0	508.0
26	17	0.5	784.5172413793103	4.0	2.0	0.0	4.0	174.0	6.0	0.0	168.0
26	34	1290.676923076923	1266.676923076923	7.0	4.0	5.0	4.0	650.0	100.0	30.0	520.0
26	38	2230.700340522134	1322.7071509648126	9.0	4.0	7.0	6.0	881.0	144.0	65.0	672.0
26	44	442.6648351648352	1442.6575091575091	7.0	4.0	6.0	4.0	546.0	80.0	26.0	440.0
26	46	813.6627634660422	1473.6651053864168	7.0	4.0	0.0	5.0	854.0	712.0	0.0	142.0
26	48	268.67241379310343	1476.6724137931035	7.0	4.0	5.0	4.0	580.0	88.0	24.0	468.0
26	50	224.63771712158808	1502.637717121588	7.0	4.0	1.0	4.0	403.0	52.0	3.0	344.0
26	58	2326.651376146789	1754.651376146789	7.0	4.0	5.0	4.0	436.0	60.0	12.0	364.0
26	59	1356.5115207373271	1792.5115207373271	4.0	1.0	0.0	4.0	217.0	4.0	0.0	212.0
26	64	1479.5163727959698	1841.5163727959696	4.0	4.0	0.0	1.0	397.0	384.0	0.0	13.0
26	76	1638.6984126984128	2008.6996336996335	9.0	4.0	7.0	4.0	819.0	132.0	58.0	628.0
27	29	1000.6938775510204	1268.6938775510205	9.0	4.0	7.0	4.0	784.0	124.0	56.0	604.0
27	31	2232.6696428571427	1292.6678571428572	7.0	4.0	5.0	4.0	560.0	84.0	19.0	456.0
27	33	1682.516129032258	1312.516129032258	4.0	1.0	1.0	4.0	279.0	7.0	2.0	268.0
27	35	2444.6622340425533	1414.598404255319	7.0	4.0	1.0	4.0	376.0	44.0	3.0	324.0
27	52	1175.516709511568	1847.516709511568	4.0	4.0	0.0	1.0	389.0	376.0	0.0	13.0
27	63	1808.5124378109451	1998.5124378109451	4.0	1.0	0.0	4.0	201.0	4.0	0.0	196.0
27	67	84.70677451971689	2016.7067745197169	9.0	4.0	7.0	4.0	989.0	164.0	81.0	744.0
28	14	1490.5	433.5609756097561	4.0	0.0	4.0	2.0	164.0	0.0	144.0	20.0
28	23	1438.713768115942	670.713768115942	9.0	4.0	7.0	4.0	1104.0	188.0	96.0	820.0
28	35	1016.5130434782608	1086.513043478261	4.0	1.0	0.0	4.0	230.0	5.0	0.0	224.0
28	41	2227.5150753768844	1217.5150753768844	4.0	4.0	0.0	1.0	398.0	384.0	0.0	13.0
28	45	2091.516806722689	1293.5210084033613	4.0	4.0	0.0	2.0	476.0	456.0	0.0	20.0
28	50	2040.511961722488	1324.511961722488	4.0	1.0	0.0	4.0	209.0	4.0	0.0	204.0
28	52	1000.5176056338028	1354.5176056338028	4.0	1.0	1.0	4.0	284.0	8.0	2.0	272.0
28	54	1081.516883116883	1405.516883116883	4.0	4.0	0.0	1.0	385.0	372.0	0.0	13.0
28	56	738.5870786516854	1410.5870786516855	6.0	3.0	1.0	4.0	356.0	33.0	3.0	316.0
28	60	847.5195071868583	1491.5195071868584	4.0	4.0	0.0	1.0	487.0	468.0	0.0	19.0
28	72	1535.5206286836935	1661.5206286836935	4.0	4.0	0.0	1.0	509.0	488.0	0.0	21.0
28	76	1970.6450892857144	1756.649553571429	7.0	4.0	5.0	4.0	448.0	60.0	15.0	372.0
28	77	681.6633663366337	1783.6633663366338	7.0	4.0	0.0	4.0	808.0	676.0	0.0	132.0
28	81	1012.5135951661632	1836.356495468278	6.0	1.0	5.0	4.0	331.0	7.0	55.0	268.0
29	14	1490.5	433.5609756097561	4.0	0.0	4.0	2.0	164.0	0.0	144.0	20.0
29	23	1438.713768115942	670.713768115942	9.0	4.0	7.0	4.0	1104.0	188.0	96.0	820.0
29	35	1016.5130434782608	1086.513043478261	4.0	1.0	0.0	4.0	230.0	5.0	0.0	224.0
29	41	2227.5150753768844	1217.5150753768844	4.0	4.0	0.0	1.0	398.0	384.0	0.0	13.0
29	45	2091.516806722689	1293.5210084033613	4.0	4.0	0.0	2.0	476.0	456.0	0.0	20.0
29	50	2040.511961722488	1324.511961722488	4.0	1.0	0.0	4.0	209.0	4.0	0.0	204.0
29	52	1000.5176056338028	1354.5176056338028	4.0	1.0	1.0	4.0	284.0	8.0	2.0	272.0
29	54	1081.516883116883	1405.516883116883	4.0	4.0	0.0	1.0	385.0	372.0	0.0	13.0
29	56	738.5870786516854	1410.5870786516855	6.0	3.0	1.0	4.0	356.0	33.0	3.0	316.0
29	60	847.5195071868583	1491.5195071868584	4.0	4.0	0.0	1.0	487.0	468.0	0.0	19.0
29	72	1535.5206286836935	1661.5206286836935	4.0	4.0	0.0	1.0	509.0	488.0	0.0	21.0
29	76	1970.6450892857144	1756.649553571429	7.0	4.0	5.0	4.0	448.0	60.0	15.0	372.0
29	77	681.6633663366337	1783.6633663366338	7.0	4.0	0.0	4.0	808.0	676.0	0.0	132.0
29	81	1012.5135951661632	1836.356495468278	6.0	1.0	5.0	4.0	331.0	7.0	55.0	268.0
30	18	170.7012542759407	760.7012542759408	9.0	4.0	7.0	4.0	877.0	144.0	65.0	668.0
30	21	1614.7115215479332	842.716798592788	9.0	4.0	7.0	6.0	1137.0	192.0	97.0	848.0
30	22	104.6953642384106	880.6953642384105	9.0	4.0	7.0	5.0	755.0	120.0	49.0	586.0
30	27	78.57591623036649	1040.4685863874345	8.0	3.0	5.0	6.0	382.0	30.0	33.0	316.0
30	29	348.68188512518407	1046.6818851251842	7.0	4.0	5.0	4.0	679.0	108.0	31.0	540.0
30	30	1120.7099236641222	1098.7099236641222	9.0	4.0	7.0	4.0	1048.0	176.0	88.0	784.0
30	37	475.5218855218855	1175.5218855218857	4.0	4.0	0.0	1.0	594.0	568.0	0.0	26.0
30	42	2268.706774519717	1270.7067745197169	9.0	4.0	7.0	4.0	989.0	164.0	81.0	744.0
30	44	1612.6786786786786	1306.6786786786786	7.0	4.0	5.0	4.0	666.0	104.0	30.0	532.0
30	52	900.6377171215881	1478.637717121588	7.0	4.0	1.0	4.0	403.0	52.0	3.0	344.0
30	54	576.5	1489.532894736842	4.0	0.0	4.0	2.0	304.0	0.0	284.0	20.0
30	82	2134.7008547008545	1998.6136752136752	9.0	7.0	8.0	4.0	585.0	105.0	32.0	448.0
31	15	392.5074626865672	810.5074626865671	4.0	1.0	0.0	4.0	134.0	2.0	0.0	132.0
31	16	1806.6727272727276	830.6727272727272	7.0	4.0	5.0	4.0	605.0	92.0	25.0	488.0
31	20	2204.721464465183	868.7214644651831	9.0	4.0	7.0	4.0	1393.0	244.0	129.0	1020.0
31	33	620.5136363636364	1250.4954545454543	4.0	1.0	2.0	4.0	220.0	4.0	7.0	208.0
31	39	2415.656488549618	1337.6590330788804	7.0	4.0	0.0	5.0	786.0	660.0	0.0	126.0
31	41	247.51637279596977	1349.5163727959698	4.0	4.0	0.0	1.0	397.0	384.0	0.0	13.0
31	48	1286.6724137931035	1506.6724137931035	7.0	4.0	5.0	4.0	580.0	88.0	24.0	468.0
31	50	1955.5124653739613	1559.5180055401663	4.0	4.0	0.0	2.0	361.0	348.0	0.0	13.0
31	52	684.6840536512668	1636.6840536512668	7.0	4.0	5.0	4.0	671.0	108.0	31.0	532.0
31	54	196.6484149855908	1646.49855907781	9.0	4.0	8.0	5.0	694.0	88.0	128.0	478.0
31	60	712.6573208722741	1816.5669781931465	9.0	4.0	8.0	5.0	642.0	88.0	84.0	470.0
31	63	2074.713777777778	1886.7137777777775	9.0	4.0	7.0	4.0	1125.0	192.0	97.0	836.0
31	64	2115.520467836257	1889.5204678362568	4.0	4.0	0.0	1.0	513.0	492.0	0.0	21.0
31	76	637.5198412698413	2009.5198412698408	4.0	4.0	0.0	1.0	504.0	484.0	0.0	20.0
32	18	1379.516709511568	583.5167095115681	4.0	4.0	0.0	1.0	389.0	376.0	0.0	13.0
32	20	2423.671517671517	597.6694386694387	7.0	4.0	0.0	5.0	962.0	796.0	0.0	166.0
32	26	1866.716317991632	946.7138075313808	9.0	4.0	7.0	4.0	1195.0	204.0	105.0	884.0
32	29	2196.508130081301	1030.5162601626016	4.0	1.0	1.0	4.0	246.0	6.0	2.0	236.0
32	45	1276.6684684684683	1396.6684684684683	7.0	4.0	5.0	4.0	555.0	84.0	19.0	452.0
32	48	1946.5055350553505	1458.1143911439117	6.0	1.0	4.0	6.0	271.0	3.0	100.0	168.0
32	52	1211.51966873706	1589.51966873706	4.0	4.0	0.0	1.0	483.0	464.0	0.0	19.0
32	57	1812.6594982078848	1724.6075268817203	9.0	4.0	8.0	5.0	558.0	76.0	48.0	434.0
32	64	1726.647342995169	1802.642512077295	7.0	4.0	5.0	5.0	414.0	52.0	12.0	350.0
32	68	580.7021764032073	1856.7021764032077	9.0	4.0	7.0	4.0	873.0	144.0	65.0	664.0
32	76	675.5206286836935	1959.5206286836933	4.0	4.0	0.0	1.0	509.0	488.0	0.0	21.0
32	82	938.6684684684684	2034.6684684684683	7.0	4.0	5.0	4.0	555.0	84.0	19.0	452.0
33	18	1379.516709511568	583.5167095115681	4.0	4.0	0.0	1.0	389.0	376.0	0.0	13.0
33	20	2423.671517671517	597.6694386694387	7.0	4.0	0.0	5.0	962.0	796.0	0.0	166.0
33	26	1866.716317991632	946.7138075313808	9.0	4.0	7.0	4.0	1195.0	204.0	105.0	884.0
33	29	2196.508130081301	1030.5162601626016	4.0	1.0	1.0	4.0	246.0	6.0	2.0	236.0
33	45	1276.6684684684683	1396.6684684684683	7.0	4.0	5.0	4.0	555.0	84.0	19.0	452.0
33	48	1946.5055350553505	1458.1143911439117	6.0	1.0	4.0	6.0	271.0	3.0	100.0	168.0
33	52	1211.51966873706	1589.51966873706	4.0	4.0	0.0	1.0	483.0	464.0	0.0	19.0
33	57	1812.6594982078848	1724.6075268817203	9.0	4.0	8.0	5.0	558.0	76.0	48.0	434.0
33	64	1726.647342995169	1802.642512077295	7.0	4.0	5.0	5.0	414.0	52.0	12.0	350.0
33	68	580.7021764032073	1856.7021764032077	9.0	4.0	7.0	4.0	873.0	144.0	65.0	664.0
33	76	675.5206286836935	1959.5206286836933	4.0	4.0	0.0	1.0	509.0	488.0	0.0	21.0
33	82	938.6684684684684	2034.6684684684683	7.0	4.0	5.0	4.0	555.0	84.0	19.0	452.0
34	25	1894.51711026616	1010.5171102661596	4.0	1.0	1.0	4.0	263.0	7.0	2.0	252.0
34	31	1183.6623376623377	1281.65974025974	7.0	4.0	0.0	5.0	770.0	644.0	0.0	126.0
34	33	1838.6475037821483	1324.5098335854766	9.0	4.0	8.0	6.0	661.0	84.0	108.0	468.0
34	41	1238.7116788321168	1578.7116788321168	9.0	4.0	7.0	4.0	1096.0	184.0	96.0	816.0
34	49	1831.516883116883	1755.516883116883	4.0	4.0	0.0	1.0	385.0	372.0	0.0	13.0
34	53	288.7091254752852	1800.7091254752852	9.0	4.0	7.0	4.0	1052.0	176.0	88.0	788.0
34	57	1337.6491712707182	1833.6063535911603	6.0	4.0	0.0	3.0	724.0	632.0	0.0	90.0
34	59	1578.5072463768115	1916.5072463768115	4.0	1.0	0.0	4.0	138.0	2.0	0.0	136.0
34	60	469.52016129032256	1917.520161290323	4.0	4.0	0.0	1.0	496.0	476.0	0.0	20.0
35	4	1770.7115928369462	212.71159283694627	9.0	4.0	7.0	4.0	1061.0	180.0	89.0	792.0
35	11	1062.6597510373444	530.6597510373444	7.0	4.0	5.0	4.0	482.0	68.0	18.0	396.0
35	16	477.4225352112676	740.612676056338	8.0	0.0	8.0	2.0	142.0	0.0	88.0	52.0
35	35	578.7091254752852	1464.7091254752852	9.0	4.0	7.0	4.0	1052.0	176.0	88.0	788.0
35	42	954.5	1625.5412844036698	4.0	0.0	4.0	2.0	218.0	0.0	196.0	20.0
35	57	1006.5131578947368	1942.2710526315789	6.0	1.0	5.0	4.0	380.0	8.0	95.0	276.0
35	62	814.6542669584245	2012.6542669584248	7.0	4.0	5.0	4.0	457.0	64.0	13.0	380.0
36	39	490.50931677018633	1418.0538302277432	6.0	1.0	5.0	4.0	483.0	7.0	223.0	252.0
36	41	794.5055350553506	1452.1217712177122	6.0	1.0	4.0	4.0	271.0	3.0	104.0	164.0
36	42	2316.508982035928	1460.508982035928	4.0	1.0	0.0	4.0	167.0	3.0	0.0	164.0
36	49	2267.52	1535.52	4.0	4.0	0.0	1.0	525.0	504.0	0.0	21.0
36	65	561.5182072829132	1817.5126050420167	4.0	4.0	0.0	2.0	357.0	344.0	0.0	13.0
36	76	1829.5198329853863	1971.5198329853863	4.0	4.0	0.0	1.0	479.0	460.0	0.0	19.0
36	81	1274.6678635547576	1988.666068222621	7.0	4.0	5.0	4.0	557.0	84.0	20.0	452.0
37	39	490.50931677018633	1418.0538302277432	6.0	1.0	5.0	4.0	483.0	7.0	223.0	252.0
37	41	794.5055350553506	1452.1217712177122	6.0	1.0	4.0	4.0	271.0	3.0	104.0	164.0
37	42	2316.508982035928	1460.508982035928	4.0	1.0	0.0	4.0	167.0	3.0	0.0	164.0
37	49	2267.52	1535.52	4.0	4.0	0.0	1.0	525.0	504.0	0.0	21.0
37	65	561.5182072829132	1817.5126050420167	4.0	4.0	0.0	2.0	357.0	344.0	0.0	13.0
37	76	1829.5198329853863	1971.5198329853863	4.0	4.0	0.0	1.0	479.0	460.0	0.0	19.0
37	81	1274.6678635547576	1988.666068222621	7.0	4.0	5.0	4.0	557.0	84.0	20.0	452.0
38	20	44.69387755102041	914.6938775510204	9.0	4.0	7.0	4.0	784.0	124.0	56.0	604.0
38	33	2005.521023765996	1221.5210237659962	4.0	4.0	0.0	1.0	547.0	524.0	0.0	23.0
38	39	1558.6745843230403	1278.5593824228029	11.0	4.0	10.0	5.0	842.0	116.0	146.0	580.0
38	52	2067.6702127659573	1559.6702127659576	7.0	4.0	0.0	4.0	940.0	780.0	0.0	160.0
38	53	498.7124887690925	1582.7124887690925	9.0	4.0	7.0	4.0	1113.0	188.0	97.0	828.0
38	56	1844.662239089184	1618.662239089184	7.0	4.0	5.0	4.0	527.0	76.0	19.0	432.0
38	67	2012.513119533528	1876.3265306122448	6.0	1.0	5.0	4.0	343.0	7.0	67.0	268.0
38	69	1604.663967611336	1900.663967611336	7.0	4.0	5.0	4.0	494.0	72.0	18.0	404.0
38	75	1180.67387687188	1978.67387687188	7.0	4.0	5.0	4.0	601.0	92.0	25.0	484.0
38	78	1989.520325203252	2043.520325203252	4.0	4.0	0.0	1.0	492.0	472.0	0.0	20.0
39	8	770.7161825726141	308.7161825726141	9.0	4.0	7.0	4.0	1205.0	208.0	105.0	892.0
39	14	908.3739130434784	556.104347826087	5.0	0.0	4.0	3.0	115.0	0.0	33.0	81.0
39	16	1578.505703422053	582.1254752851711	6.0	1.0	4.0	4.0	263.0	3.0	100.0	160.0
39	24	1763.5204678362572	989.5204678362574	4.0	4.0	0.0	1.0	513.0	492.0	0.0	21.0
39	36	468.51173708920186	1256.511737089202	4.0	1.0	0.0	4.0	213.0	4.0	0.0	208.0
39	52	1524.7	1554.7	9.0	4.0	7.0	4.0	860.0	140.0	64.0	656.0
39	66	596.6188436830835	1740.4817987152037	9.0	4.0	5.0	4.0	467.0	52.0	68.0	344.0
39	71	1138.6684684684683	1802.6684684684683	7.0	4.0	5.0	4.0	555.0	84.0	19.0	452.0
39	85	439.5165394402036	2011.516539440204	4.0	4.0	0.0	1.0	393.0	380.0	0.0	13.0
40	5	71.66176470588235	229.66176470588235	7.0	4.0	0.0	4.0	816.0	684.0	0.0	132.0
40	13	76.50359712230215	686.5107913669065	4.0	0.0	0.0	4.0	139.0	0.0	0.0	136.0
40	14	320.50230414746545	700.7488479262673	6.0	0.0	4.0	4.0	434.0	0.0	109.0	324.0
40	24	273.51984126984127	907.5198412698412	4.0	4.0	0.0	1.0	504.0	484.0	0.0	20.0
40	28	1975.67004048583	1015.67004048583	7.0	4.0	0.0	4.0	988.0	820.0	0.0	168.0
40	36	1468.711727842435	1216.711727842435	9.0	4.0	7.0	4.0	1117.0	188.0	97.0	832.0
40	38	1524.721464465183	1236.721464465183	9.0	4.0	7.0	4.0	1393.0	244.0	129.0	1020.0
40	45	576.5048678720445	1446.8901251738523	6.0	0.0	5.0	4.0	719.0	0.0	287.0	432.0
40	48	885.6633663366337	1559.6633663366338	7.0	4.0	0.0	4.0	808.0	676.0	0.0	132.0
40	50	1656.5870786516855	1574.5870786516855	6.0	3.0	1.0	4.0	356.0	33.0	3.0	316.0
40	53	1180.7142857142858	1588.7142857142858	9.0	4.0	7.0	4.0	1141.0	196.0	97.0	848.0
40	58	1770.6944099378882	1658.6944099378882	9.0	4.0	7.0	4.0	805.0	128.0	57.0	620.0
40	73	560.6684684684685	1874.6684684684683	7.0	4.0	5.0	4.0	555.0	84.0	19.0	452.0
41	5	71.66176470588235	229.66176470588235	7.0	4.0	0.0	4.0	816.0	684.0	0.0	132.0
41	13	76.50359712230215	686.5107913669065	4.0	0.0	0.0	4.0	139.0	0.0	0.0	136.0
41	14	320.50230414746545	700.7488479262673	6.0	0.0	4.0	4.0	434.0	0.0	109.0	324.0
41	24	273.51984126984127	907.5198412698412	4.0	4.0	0.0	1.0	504.0	484.0	0.0	20.0
41	28	1975.67004048583	1015.67004048583	7.0	4.0	0.0	4.0	988.0	820.0	0.0	168.0
41	36	1468.711727842435	1216.711727842435	9.0	4.0	7.0	4.0	1117.0	188.0	97.0	832.0
41	38	1524.721464465183	1236.721464465183	9.0	4.0	7.0	4.0	1393.0	244.0	129.0	1020.0
41	45	576.5048678720445	1446.8901251738523	6.0	0.0	5.0	4.0	719.0	0.0	287.0	432.0
41	48	885.6633663366337	1559.6633663366338	7.0	4.0	0.0	4.0	808.0	676.0	0.0	132.0
41	50	1656.5870786516855	1574.5870786516855	6.0	3.0	1.0	4.0	356.0	33.0	3.0	316.0
41	53	1180.7142857142858	1588.7142857142858	9.0	4.0	7.0	4.0	1141.0	196.0	97.0	848.0
41	58	1770.6944099378882	1658.6944099378882	9.0	4.0	7.0	4.0	805.0	128.0	57.0	620.0
41	73	560.6684684684685	1874.6684684684683	7.0	4.0	5.0	4.0	555.0	84.0	19.0	452.0
42	14	1340.5092024539877	590.5092024539878	4.0	1.0	0.0	4.0	163.0	3.0	0.0	160.0
42	21	954.6684684684684	876.6684684684685	7.0	4.0	5.0	4.0	555.0	84.0	19.0	452.0
42	33	1819.521663778163	1151.521663778163	4.0	4.0	0.0	1.0	577.0	552.0	0.0	25.0
42	35	1523.52	1247.52	4.0	4.0	0.0	1.0	475.0	456.0	0.0	19.0
42	39	2418.5117370892017	1324.511737089202	4.0	1.0	0.0	4.0	213.0	4.0	0.0	208.0
42	44	433.0	1355.0	1.0	1.0	0.0	1.0	28.0	7.0	0.0	21.0
42	60	1840.8470290771177	1828.6371681415928	8.0	4.0	6.0	4.0	791.0	96.0	191.0	504.0
43	7	1890.7041619797528	468.7041619797525	9.0	4.0	7.0	4.0	889.0	144.0	72.0	672.0
43	18	1065.5204678362572	977.5204678362574	4.0	4.0	0.0	1.0	513.0	492.0	0.0	21.0
43	38	1342.5118483412325	1434.5071090047393	4.0	1.0	0.0	4.0	211.0	4.0	0.0	204.0
43	43	2018.513513513513	1578.5135135135135	4.0	1.0	0.0	4.0	222.0	5.0	0.0	216.0
43	46	138.5	1619.638888888889	4.0	0.0	4.0	2.0	72.0	0.0	52.0	20.0
43	50	1328.512676056338	1638.2535211267605	6.0	1.0	5.0	4.0	355.0	7.0	95.0	252.0
43	64	2042.6769759450167	1950.6735395189005	7.0	4.0	5.0	5.0	582.0	88.0	24.0	470.0
44	4	190.5171102661597	152.5171102661597	4.0	1.0	1.0	4.0	263.0	7.0	2.0	252.0
44	19	1693.5180265654649	845.5218216318785	4.0	4.0	0.0	2.0	527.0	504.0	0.0	23.0
44	26	1198.5816618911174	1064.570200573066	6.0	3.0	3.0	4.0	349.0	30.0	12.0	304.0
44	38	264.7117278424351	1416.711727842435	9.0	4.0	7.0	4.0	1117.0	188.0	97.0	832.0
44	44	1102.682962962963	1534.682962962963	7.0	4.0	5.0	4.0	675.0	108.0	31.0	536.0
44	60	1390.57	1752.66	9.0	6.0	8.0	4.0	700.0	106.0	90.0	504.0
44	64	490.6666666666667	1788.6666666666667	7.0	4.0	5.0	5.0	504.0	72.0	18.0	414.0
44	69	1448.7045696068012	1854.7045696068008	9.0	4.0	7.0	4.0	941.0	156.0	73.0	712.0
44	76	796.6846715328467	2036.6846715328468	7.0	4.0	5.0	5.0	685.0	108.0	31.0	546.0
44	77	1422.744022503516	2044.8677918424755	9.0	6.0	6.0	4.0	711.0	156.0	35.0	520.0
45	4	190.5171102661597	152.5171102661597	4.0	1.0	1.0	4.0	263.0	7.0	2.0	252.0
45	19	1693.5180265654649	845.5218216318785	4.0	4.0	0.0	2.0	527.0	504.0	0.0	23.0
45	26	1198.5816618911174	1064.570200573066	6.0	3.0	3.0	4.0	349.0	30.0	12.0	304.0
45	38	264.7117278424351	1416.711727842435	9.0	4.0	7.0	4.0	1117.0	188.0	97.0	832.0
45	44	1102.682962962963	1534.682962962963	7.0	4.0	5.0	4.0	675.0	108.0	31.0	536.0
45	60	1390.57	1752.66	9.0	6.0	8.0	4.0	700.0	106.0	90.0	504.0
45	64	490.6666666666667	1788.6666666666667	7.0	4.0	5.0	5.0	504.0	72.0	18.0	414.0
45	69	1448.7045696068012	1854.7045696068008	9.0	4.0	7.0	4.0	941.0	156.0	73.0	712.0
45	76	796.6846715328467	2036.6846715328468	7.0	4.0	5.0	5.0	685.0	108.0	31.0	546.0
45	77	1422.744022503516	2044.8677918424755	9.0	6.0	6.0	4.0	711.0	156.0	35.0	520.0
46	19	968.6717948717948	984.6735042735042	7.0	4.0	5.0	4.0	585.0	88.0	24.0	472.0
46	23	1324.6964504283965	1028.6964504283965	9.0	4.0	7.0	4.0	817.0	132.0	57.0	628.0
46	38	338.6750418760469	1462.6750418760469	7.0	4.0	5.0	4.0	597.0	92.0	25.0	480.0
46	39	142.67731629392972	1472.6773162939296	7.0	4.0	5.0	4.0	626.0	96.0	30.0	500.0
46	40	118.651376146789	1528.651376146789	7.0	4.0	5.0	4.0	436.0	60.0	12.0	364.0
46	49	1686.6793388429753	1668.6793388429753	7.0	4.0	5.0	6.0	605.0	92.0	25.0	488.0
46	52	562.5204081632653	1708.5204081632653	4.0	1.0	1.0	4.0	294.0	9.0	3.0	280.0
46	55	2261.516539440204	1765.5165394402036	4.0	4.0	0.0	1.0	393.0	380.0	0.0	13.0
46	57	764.7137777777778	1840.7137777777775	9.0	4.0	7.0	4.0	1125.0	192.0	97.0	836.0
46	62	260.6689189189189	1936.668918918919	7.0	4.0	5.0	4.0	592.0	88.0	24.0	480.0
46	63	1424.668	1950.664	7.0	4.0	5.0	5.0	500.0	72.0	18.0	410.0
46	64	2100.669014084507	1958.6690140845071	7.0	4.0	5.0	4.0	568.0	84.0	24.0	460.0
46	67	1464.5028571428572	1971.8971428571429	6.0	1.0	4.0	4.0	350.0	2.0	212.0	136.0
47	10	2150.711678832117	520.7116788321168	9.0	4.0	7.0	4.0	1096.0	184.0	96.0	816.0
47	32	1962.7087062652563	1138.672904800651	11.0	4.0	10.0	4.0	1229.0	204.0	149.0	876.0
47	37	1640.554258241758	1366.6847527472528	11.0	6.0	10.0	4.0	1456.0	234.0	298.0	924.0
47	62	812.7161290322581	1894.716129032258	9.0	4.0	7.0	4.0	1240.0	212.0	112.0	916.0
47	70	2310.455314009662	2041.340579710145	12.0	9.0	8.0	8.0	828.0	175.0	27.0	624.0
48	7	1806.6371681415928	330.5840707964602	9.0	4.0	8.0	4.0	452.0	56.0	36.0	360.0
48	12	36.507462686567166	450.5074626865672	4.0	1.0	0.0	4.0	134.0	2.0	0.0	132.0
48	26	238.63771712158808	952.637717121588	7.0	4.0	1.0	4.0	403.0	52.0	3.0	344.0
48	28	1776.6779911373708	1062.695716395864	8.0	4.0	6.0	4.0	677.0	108.0	37.0	532.0
48	37	1996.681885125184	1338.6818851251842	7.0	4.0	5.0	4.0	679.0	108.0	31.0	540.0
48	40	242.7201834862385	1528.7201834862385	9.0	4.0	7.0	4.0	1308.0	228.0	120.0	960.0
48	45	234.68081991215223	1678.6808199121522	7.0	4.0	5.0	4.0	683.0	108.0	31.0	544.0
48	48	1892.6712328767123	1736.6712328767123	7.0	4.0	5.0	4.0	584.0	88.0	24.0	472.0
48	51	1832.5118483412325	1754.4881516587675	4.0	1.0	2.0	4.0	211.0	4.0	10.0	196.0
48	54	1372.5	1837.7954545454545	4.0	0.0	4.0	2.0	88.0	0.0	36.0	52.0
48	55	1426.6926229508197	1868.6618852459017	11.0	6.0	10.0	4.0	976.0	166.0	98.0	712.0
48	58	507.51670951156814	1937.516709511568	4.0	4.0	0.0	1.0	389.0	376.0	0.0	13.0
48	64	1760.6647398843932	2020.6647398843927	7.0	4.0	5.0	4.0	519.0	76.0	19.0	424.0
49	7	1806.6371681415928	330.5840707964602	9.0	4.0	8.0	4.0	452.0	56.0	36.0	360.0
49	12	36.507462686567166	450.5074626865672	4.0	1.0	0.0	4.0	134.0	2.0	0.0	132.0
49	26	238.63771712158808	952.637717121588	7.0	4.0	1.0	4.0	403.0	52.0	3.0	344.0
49	28	1776.6779911373708	1062.695716395864	8.0	4.0	6.0	4.0	677.0	108.0	37.0	532.0
49	37	1996.681885125184	1338.6818851251842	7.0	4.0	5.0	4.0	679.0	108.0	31.0	540.0
49	40	242.7201834862385	1528.7201834862385	9.0	4.0	7.0	4.0	1308.0	228.0	120.0	960.0
49	45	234.68081991215223	1678.6808199121522	7.0	4.0	5.0	4.0	683.0	108.0	31.0	544.0
49	48	1892.6712328767123	1736.6712328767123	7.0	4.0	5.0	4.0	584.0	88.0	24.0	472.0
49	51	1832.5118483412325	1754.4881516587675	4.0	1.0	2.0	4.0	211.0	4.0	10.0	196.0
49	54	1372.5	1837.7954545454545	4.0	0.0	4.0	2.0	88.0	0.0	36.0	52.0
49	55	1426.6926229508197	1868.6618852459017	11.0	6.0	10.0	4.0	976.0	166.0	98.0	712.0
49	58	507.51670951156814	1937.516709511568	4.0	4.0	0.0	1.0	389.0	376.0	0.0	13.0
49	64	1760.6647398843932	2020.6647398843927	7.0	4.0	5.0	4.0	519.0	76.0	19.0	424.0
50	18	1216.7082002129926	998.7082002129926	9.0	4.0	7.0	5.0	939.0	156.0	73.0	710.0
50	19	2372.5525423728814	1019.7593220338985	5.0	0.0	4.0	3.0	295.0	0.0	204.0	90.0
50	20	1768.1138461538462	1028.876923076923	11.0	4.0	9.0	6.0	650.0	68.0	174.0	408.0
50	23	1722.654028436019	1076.649289099526	7.0	4.0	5.0	5.0	422.0	56.0	12.0	354.0
50	32	1752.7178881008667	1248.7178881008667	9.0	4.0	7.0	4.0	1269.0	220.0	113.0	936.0
50	36	1609.6682134570765	1333.6658932714618	7.0	4.0	0.0	5.0	862.0	716.0	0.0	146.0
50	37	2320.6968911917097	1372.69689119171	9.0	4.0	7.0	4.0	772.0	124.0	56.0	592.0
50	43	1810.5072463768115	1466.5072463768115	4.0	1.0	0.0	4.0	138.0	2.0	0.0	136.0
50	45	276.50898203592817	1534.508982035928	4.0	1.0	0.0	4.0	167.0	3.0	0.0	164.0
50	46	912.6802507836992	1536.680250783699	7.0	4.0	5.0	4.0	638.0	100.0	30.0	508.0
50	49	560.6599597585513	1552.6659959758551	7.0	5.0	5.0	4.0	497.0	75.0	18.0	404.0
50	55	1109.520161290323	1609.520161290323	4.0	4.0	0.0	1.0	496.0	476.0	0.0	20.0
50	60	874.5117370892019	1700.511737089202	4.0	1.0	0.0	4.0	213.0	4.0	0.0	208.0
50	68	953.521222410866	1765.521222410866	4.0	4.0	0.0	1.0	589.0	564.0	0.0	25.0
50	69	1241.516883116883	1775.516883116883	4.0	4.0	0.0	1.0	385.0	372.0	0.0	13.0
51	6	1682.625	262.55528846153845	9.0	4.0	5.0	4.0	416.0	48.0	33.0	332.0
51	7	1422.7027027027027	274.7027027027027	9.0	4.0	7.0	4.0	888.0	144.0	72.0	672.0
51	8	602.5137614678899	332.3669724770642	6.0	1.0	5.0	4.0	327.0	7.0	51.0	268.0
51	10	258.33081444164566	420.9504617968094	13.0	8.0	10.0	8.0	1191.0	472.0	105.0	614.0
51	11	530.7031070195627	440.7031070195627	9.0	4.0	7.0	4.0	869.0	144.0	65.0	660.0
51	12	1304.6727272727271	442.6727272727273	7.0	4.0	5.0	4.0	605.0	92.0	25.0	488.0
51	24	334.67699836867865	758.6769983686786	7.0	4.0	5.0	4.0	613.0	96.0	25.0	492.0
51	27	2036.7073170731708	868.7073170731708	9.0	4.0	7.0	4.0	984.0	164.0	80.0	740.0
51	37	1500.6958762886595	1100.6958762886595	9.0	4.0	7.0	4.0	776.0	124.0	56.0	596.0
51	41	227.5198412698413	1173.5198412698412	4.0	4.0	0.0	1.0	504.0	484.0	0.0	20.0
51	44	1872.6626506024097	1250.6626506024097	7.0	4.0	5.0	4.0	498.0	72.0	18.0	408.0
51	46	406.6377171215881	1376.637717121588	7.0	4.0	1.0	4.0	403.0	52.0	3.0	344.0
51	48	2018.5176056338028	1420.5176056338028	4.0	1.0	1.0	4.0	284.0	8.0	2.0	272.0
51	50	1426.6490384615386	1474.4651442307693	9.0	4.0	8.0	4.0	832.0	108.0	184.0	540.0
51	55	924.6840536512668	1542.6840536512668	7.0	4.0	5.0	4.0	671.0	108.0	31.0	532.0
51	57	600.5897435897435	1596.5840455840455	6.0	3.0	1.0	5.0	351.0	30.0	3.0	314.0
51	64	682.5073891625616	1718.3497536945813	6.0	1.0	4.0	4.0	203.0	3.0	32.0	168.0
51	71	688.6533742331288	1810.5613496932515	9.0	4.0	8.0	4.0	652.0	88.0	84.0	480.0
51	81	2072.651376146789	1918.651376146789	7.0	4.0	5.0	4.0	436.0	60.0	12.0	364.0
51	86	1662.7216828478963	1982.7216828478963	9.0	4.0	7.0	5.0	1236.0	212.0	112.0	912.0
51	91	1985.6642512077292	2011.6642512077292	7.0	4.0	0.0	4.0	828.0	692.0	0.0	136.0
51	95	2392.6953807740324	2028.6953807740324	9.0	4.0	7.0	4.0	801.0	128.0	57.0	616.0
52	7	1458.7046688382193	492.7046688382193	9.0	4.0	7.0	4.0	921.0	152.0	73.0	696.0
52	10	2170.6748251748254	590.513986013986	11.0	4.0	10.0	4.0	1144.0	160.0	264.0	720.0
52	24	2380.516853932584	1050.5168539325844	4.0	1.0	1.0	4.0	267.0	7.0	2.0	256.0
52	29	1148.5	1251.605504587156	4.0	0.0	4.0	2.0	218.0	0.0	172.0	46.0
52	30	160.5	1281.2758620689656	4.0	0.0	4.0	2.0	116.0	0.0	64.0	52.0
52	39	2014.662239089184	1492.662239089184	7.0	4.0	5.0	4.0	527.0	76.0	19.0	432.0
52	53	1940.6634799235185	1734.6634799235185	7.0	4.0	5.0	4.0	523.0	76.0	19.0	428.0
52	56	88.64089775561098	1764.6458852867831	7.0	4.0	1.0	5.0	401.0	52.0	3.0	342.0
52	68	66.5067264573991	1920.273542600897	6.0	1.0	4.0	4.0	223.0	3.0	52.0	168.0
52	77	1537.521815008726	2017.521815008726	4.0	4.0	0.0	1.0	573.0	548.0	0.0	25.0
52	78	2005.520879120879	2031.5164835164835	4.0	4.0	0.0	2.0	455.0	436.0	0.0	19.0
53	7	1458.7046688382193	492.7046688382193	9.0	4.0	7.0	4.0	921.0	152.0	73.0	696.0
53	10	2170.6748251748254	590.513986013986	11.0	4.0	10.0	4.0	1144.0	160.0	264.0	720.0
53	24	2380.516853932584	1050.5168539325844	4.0	1.0	1.0	4.0	267.0	7.0	2.0	256.0
53	29	1148.5	1251.605504587156	4.0	0.0	4.0	2.0	218.0	0.0	172.0	46.0
53	30	160.5	1281.2758620689656	4.0	0.0	4.0	2.0	116.0	0.0	64.0	52.0
53	39	2014.662239089184	1492.662239089184	7.0	4.0	5.0	4.0	527.0	76.0	19.0	432.0
53	53	1940.6634799235185	1734.6634799235185	7.0	4.0	5.0	4.0	523.0	76.0	19.0	428.0
53	56	88.64089775561098	1764.6458852867831	7.0	4.0	1.0	5.0	401.0	52.0	3.0	342.0
53	68	66.5067264573991	1920.273542600897	6.0	1.0	4.0	4.0	223.0	3.0	52.0	168.0
53	77	1537.521815008726	2017.521815008726	4.0	4.0	0.0	1.0	573.0	548.0	0.0	25.0
53	78	2005.520879120879	2031.5164835164835	4.0	4.0	0.0	2.0	455.0	436.0	0.0	19.0
54	13	2066.694117647058	614.6941176470589	9.0	4.0	7.0	4.0	765.0	124.0	49.0	592.0
54	51	2320.494071146245	1806.5335968379447	4.0	2.0	0.0	4.0	253.0	16.0	0.0	236.0
54	61	525.6702127659574	2037.6702127659576	7.0	4.0	0.0	4.0	940.0	780.0	0.0	160.0
55	6	300.6084210526316	344.41473684210524	9.0	4.0	5.0	4.0	475.0	48.0	96.0	328.0
55	15	424.6085192697769	738.3955375253549	9.0	4.0	5.0	4.0	493.0	48.0	109.0	332.0
55	16	1206.6750418760469	822.6750418760469	7.0	4.0	5.0	4.0	597.0	92.0	25.0	480.0
55	17	153.5167095115681	925.516709511568	4.0	4.0	0.0	1.0	389.0	376.0	0.0	13.0
55	21	288.6541019955654	1102.6541019955655	7.0	4.0	5.0	5.0	451.0	60.0	13.0	378.0
55	26	408.66602687140113	1196.6698656429942	7.0	4.0	5.0	5.0	521.0	76.0	19.0	426.0
55	44	1954.5086705202311	1558.4913294797689	4.0	1.0	2.0	4.0	173.0	3.0	6.0	164.0
55	45	2356.5626326963907	1598.312101910828	8.0	3.0	5.0	5.0	471.0	30.0	124.0	314.0
55	49	342.51502145922746	1686.5064377682404	4.0	1.0	1.0	4.0	233.0	5.0	2.0	224.0
55	50	1303.5198487712669	1703.5198487712669	4.0	4.0	0.0	1.0	529.0	508.0	0.0	21.0
55	51	2030.7137777777775	1728.7137777777778	9.0	4.0	7.0	4.0	1125.0	192.0	97.0	836.0
55	52	1262.7081632653062	1730.7081632653062	9.0	4.0	7.0	4.0	980.0	164.0	80.0	736.0
55	54	1670.6438679245282	1732.627358490566	7.0	4.0	6.0	5.0	424.0	52.0	22.0	350.0
55	62	948.6711798839458	1904.6711798839456	7.0	4.0	5.0	5.0	517.0	76.0	19.0	422.0
55	71	746.5168539325842	2016.5168539325844	4.0	1.0	1.0	4.0	267.0	7.0	2.0	256.0
55	75	1047.516883116883	2031.516883116883	4.0	4.0	0.0	1.0	385.0	372.0	0.0	13.0
55	77	892.6709796672828	2042.6709796672828	7.0	4.0	5.0	5.0	541.0	80.0	19.0	442.0
56	7	1834.5115207373271	204.5115207373272	4.0	1.0	0.0	4.0	217.0	4.0	0.0	212.0
56	14	1122.508982035928	520.5089820359282	4.0	1.0	0.0	4.0	167.0	3.0	0.0	164.0
56	16	900.5168539325842	578.5168539325842	4.0	1.0	1.0	4.0	267.0	7.0	2.0	256.0
56	22	1769.086720867209	753.3523035230352	7.0	4.0	6.0	6.0	369.0	196.0	103.0	70.0
56	23	543.5163727959698	845.5163727959698	4.0	4.0	0.0	1.0	397.0	384.0	0.0	13.0
56	28	1785.5201535508638	967.5201535508636	4.0	4.0	0.0	1.0	521.0	500.0	0.0	21.0
56	29	1790.5	969.5520833333334	4.0	0.0	4.0	2.0	192.0	0.0	172.0	20.0
56	40	354.65714285714284	1188.6571428571428	7.0	4.0	5.0	4.0	490.0	68.0	18.0	404.0
56	47	968.5168539325842	1420.5168539325844	4.0	1.0	1.0	4.0	267.0	7.0	2.0	256.0
56	55	2020.658747300216	1608.658747300216	7.0	4.0	5.0	5.0	463.0	64.0	13.0	386.0
56	61	418.6813880126183	1764.6813880126183	7.0	4.0	5.0	4.0	634.0	100.0	30.0	504.0
56	67	1655.5203094777562	1797.5203094777562	4.0	4.0	0.0	1.0	517.0	496.0	0.0	21.0
56	68	1450.6696914700544	1818.6696914700544	7.0	4.0	5.0	4.0	551.0	84.0	19.0	448.0
56	76	2107.5195729537368	1949.5231316725976	4.0	4.0	0.0	2.0	562.0	536.0	0.0	26.0
57	7	1834.5115207373271	204.5115207373272	4.0	1.0	0.0	4.0	217.0	4.0	0.0	212.0
57	14	1122.508982035928	520.5089820359282	4.0	1.0	0.0	4.0	167.0	3.0	0.0	164.0
57	16	900.5168539325842	578.5168539325842	4.0	1.0	1.0	4.0	267.0	7.0	2.0	256.0
57	22	1769.086720867209	753.3523035230352	7.0	4.0	6.0	6.0	369.0	196.0	103.0	70.0
57	23	543.5163727959698	845.5163727959698	4.0	4.0	0.0	1.0	397.0	384.0	0.0	13.0
57	28	1785.5201535508638	967.5201535508636	4.0	4.0	0.0	1.0	521.0	500.0	0.0	21.0
57	29	1790.5	969.5520833333334	4.0	0.0	4.0	2.0	192.0	0.0	172.0	20.0
57	40	354.65714285714284	1188.6571428571428	7.0	4.0	5.0	4.0	490.0	68.0	18.0	404.0
57	47	968.5168539325842	1420.5168539325844	4.0	1.0	1.0	4.0	267.0	7.0	2.0	256.0
57	55	2020.658747300216	1608.658747300216	7.0	4.0	5.0	5.0	463.0	64.0	13.0	386.0
57	61	418.6813880126183	1764.6813880126183	7.0	4.0	5.0	4.0	634.0	100.0	30.0	504.0
57	67	1655.5203094777562	1797.5203094777562	4.0	4.0	0.0	1.0	517.0	496.0	0.0	21.0
57	68	1450.6696914700544	1818.6696914700544	7.0	4.0	5.0	4.0	551.0	84.0	19.0	448.0
57	76	2107.5195729537368	1949.5231316725976	4.0	4.0	0.0	2.0	562.0	536.0	0.0	26.0
58	4	1648.5171232876712	278.5171232876712	4.0	1.0	1.0	4.0	292.0	8.0	2.0	280.0
58	5	902.5140388768898	298.1663066954644	6.0	1.0	5.0	4.0	463.0	9.0	165.0	288.0
58	9	706.699074074074	498.6990740740741	9.0	4.0	7.0	4.0	864.0	140.0	64.0	660.0
58	23	1188.508771929825	1016.5087719298244	4.0	1.0	0.0	4.0	171.0	3.0	0.0	168.0
58	32	1108.7122302158273	1212.7122302158273	9.0	4.0	7.0	4.0	1112.0	188.0	96.0	828.0
58	33	395.5165394402036	1223.5165394402036	4.0	4.0	0.0	1.0	393.0	380.0	0.0	13.0
58	39	1990.6769983686784	1338.6769983686786	7.0	4.0	5.0	4.0	613.0	96.0	25.0	492.0
58	40	1252.5	1371.6136363636365	4.0	0.0	4.0	2.0	176.0	0.0	136.0	40.0
58	47	290.5132743362832	1450.5	4.0	1.0	2.0	4.0	226.0	4.0	5.0	216.0
58	73	2152.507462686567	1848.5074626865671	4.0	1.0	0.0	4.0	134.0	2.0	0.0	132.0
58	81	1812.5	2046.5	4.0	0.0	0.0	4.0	212.0	0.0	0.0	212.0
59	34	1294.5846994535518	1347.9180327868853	5.0	0.0	4.0	3.0	183.0	0.0	92.0	90.0
59	35	2024.7091254752847	1348.7091254752852	9.0	4.0	7.0	4.0	1052.0	176.0	88.0	788.0
59	36	2156.664739884393	1432.6647398843932	7.0	4.0	5.0	4.0	519.0	76.0	19.0	424.0
59	39	932.662239089184	1492.662239089184	7.0	4.0	5.0	4.0	527.0	76.0	19.0	432.0
59	47	2397.519841269841	1655.5198412698412	4.0	4.0	0.0	1.0	504.0	484.0	0.0	20.0
59	49	1719.5226480836236	1663.5191637630662	4.0	4.0	0.0	2.0	574.0	548.0	0.0	26.0
59	55	1718.667289719626	1840.667289719626	7.0	4.0	5.0	4.0	535.0	80.0	19.0	436.0
59	60	1122.5176056338028	1934.5176056338028	4.0	1.0	1.0	4.0	284.0	8.0	2.0	272.0
60	34	1294.5846994535518	1347.9180327868853	5.0	0.0	4.0	3.0	183.0	0.0	92.0	90.0
60	35	2024.7091254752847	1348.7091254752852	9.0	4.0	7.0	4.0	1052.0	176.0	88.0	788.0
60	36	2156.664739884393	1432.6647398843932	7.0	4.0	5.0	4.0	519.0	76.0	19.0	424.0
60	39	932.662239089184	1492.662239089184	7.0	4.0	5.0	4.0	527.0	76.0	19.0	432.0
60	47	2397.519841269841	1655.5198412698412	4.0	4.0	0.0	1.0	504.0	484.0	0.0	20.0
60	49	1719.5226480836236	1663.5191637630662	4.0	4.0	0.0	2.0	574.0	548.0	0.0	26.0
60	55	1718.667289719626	1840.667289719626	7.0	4.0	5.0	4.0	535.0	80.0	19.0	436.0
60	60	1122.5176056338028	1934.5176056338028	4.0	1.0	1.0	4.0	284.0	8.0	2.0	272.0
61	16	1500.512048192771	848.2439759036145	6.0	1.0	4.0	4.0	332.0	6.0	89.0	236.0
61	29	1219.5198487712669	1327.5198487712669	4.0	4.0	0.0	1.0	529.0	508.0	0.0	21.0
61	37	456.6929238985314	1658.6929238985313	9.0	4.0	7.0	4.0	749.0	120.0	49.0	580.0
61	41	1332.6647398843932	1696.6647398843932	7.0	4.0	5.0	4.0	519.0	76.0	19.0	424.0
61	43	1000.5784313725492	1714.5392156862745	5.0	2.0	1.0	5.0	306.0	18.0	3.0	282.0
61	46	550.6977660972404	1792.6977660972404	9.0	4.0	7.0	8.0	761.0	120.0	49.0	592.0
61	48	1040.7137931034483	1804.7137931034483	9.0	4.0	7.0	4.0	1160.0	196.0	104.0	860.0
62	10	459.51706036745406	569.5170603674541	4.0	4.0	0.0	1.0	381.0	368.0	0.0	13.0
62	16	1764.5176056338028	770.5176056338029	4.0	1.0	1.0	4.0	284.0	8.0	2.0	272.0
62	18	1293.5198487712669	859.5198487712665	4.0	4.0	0.0	1.0	529.0	508.0	0.0	21.0
62	33	364.6983930778739	1186.698393077874	9.0	4.0	7.0	4.0	809.0	132.0	57.0	620.0
62	37	1473.5165394402036	1233.5165394402036	4.0	4.0	0.0	1.0	393.0	380.0	0.0	13.0
62	47	933.516709511568	1443.516709511568	4.0	4.0	0.0	1.0	389.0	376.0	0.0	13.0
62	62	562.5887323943662	1752.5830985915493	6.0	3.0	1.0	5.0	355.0	30.0	3.0	318.0
62	73	2276.9367741935484	1878.3606451612904	12.0	8.0	10.0	4.0	1550.0	416.0	438.0	696.0
62	75	1942.7100093545369	1958.7100093545369	9.0	4.0	7.0	4.0	1069.0	180.0	89.0	800.0
63	20	241.5166240409207	967.5140664961637	4.0	4.0	0.0	1.0	391.0	376.0	0.0	13.0
63	28	816.7035398230089	1090.703539823009	9.0	4.0	7.0	4.0	904.0	148.0	72.0	684.0
63	31	2271.336661120355	1177.8624514697726	13.0	8.0	4.0	8.0	1803.0	1068.0	180.0	552.0
63	35	574.6634799235181	1398.6634799235185	7.0	4.0	5.0	4.0	523.0	76.0	19.0	428.0
63	55	142.70912738214645	1796.7091273821463	9.0	4.0	7.0	4.0	997.0	168.0	81.0	748.0
63	65	634.7137931034483	1952.7137931034483	9.0	4.0	7.0	4.0	1160.0	196.0	104.0	860.0
64	5	24.58357771260997	230.58357771261	6.0	3.0	1.0	4.0	341.0	30.0	3.0	304.0
64	10	696.6802507836991	524.6802507836991	7.0	4.0	5.0	4.0	638.0	100.0	30.0	508.0
64	14	1586.505376344086	612.1039426523297	6.0	1.0	4.0	4.0	279.0	3.0	112.0	164.0
64	18	1934.7	684.6975308641976	9.0	4.0	7.0	4.0	810.0	132.0	58.0	620.0
64	25	446.69948186528495	820.6865284974093	9.0	4.0	7.0	6.0	772.0	120.0	52.0	600.0
64	26	418.6084828711256	858.3344208809135	9.0	4.0	8.0	4.0	613.0	60.0	181.0	372.0
64	27	2103.520080321285	905.5180722891566	4.0	4.0	0.0	1.0	498.0	476.0	0.0	20.0
64	29	392.58357771261	922.58357771261	6.0	3.0	1.0	4.0	341.0	30.0	3.0	304.0
64	30	1552.668449197861	986.6720142602496	7.0	4.0	5.0	5.0	561.0	84.0	19.0	458.0
64	34	2194.514403292181	1042.514403292181	4.0	1.0	0.0	4.0	243.0	6.0	0.0	236.0
64	47	196.7017543859649	1314.701754385965	9.0	4.0	7.0	4.0	912.0	148.0	72.0	692.0
64	53	2295.51966873706	1391.51966873706	4.0	4.0	0.0	1.0	483.0	464.0	0.0	19.0
64	54	1022.7157802964256	1402.7210113339145	9.0	4.0	7.0	7.0	1147.0	196.0	97.0	854.0
64	57	190.51736111111111	1460.517361111111	4.0	1.0	1.0	4.0	288.0	8.0	2.0	276.0
64	62	732.6724137931035	1532.6724137931035	7.0	4.0	5.0	4.0	580.0	88.0	24.0	468.0
64	64	1924.65	1548.4875	9.0	4.0	8.0	7.0	720.0	92.0	134.0	494.0
64	67	1116.6641074856043	1620.662188099808	7.0	4.0	5.0	4.0	521.0	76.0	20.0	424.0
64	72	2402.720812182741	1696.715736040609	9.0	4.0	7.0	7.0	1182.0	200.0	104.0	878.0
64	75	1769.52	1779.52	4.0	4.0	0.0	1.0	500.0	480.0	0.0	20.0
64	83	1291.516709511568	1899.516709511568	4.0	4.0	0.0	1.0	389.0	376.0	0.0	13.0
64	86	920.5064935064936	1924.246753246753	6.0	1.0	4.0	4.0	231.0	3.0	60.0	168.0
64	87	648.4901960784314	1928.0	2.0	0.0	2.0	2.0	51.0	0.0	5.0	46.0
64	92	2320.51711026616	1974.51711026616	4.0	1.0	1.0	4.0	263.0	7.0	2.0	252.0
65	5	24.58357771260997	230.58357771261	6.0	3.0	1.0	4.0	341.0	30.0	3.0	304.0
65	10	696.6802507836991	524.6802507836991	7.0	4.0	5.0	4.0	638.0	100.0	30.0	508.0
65	14	1586.505376344086	612.1039426523297	6.0	1.0	4.0	4.0	279.0	3.0	112.0	164.0
65	18	1934.7	684.6975308641976	9.0	4.0	7.0	4.0	810.0	132.0	58.0	620.0
65	25	446.69948186528495	820.6865284974093	9.0	4.0	7.0	6.0	772.0	120.0	52.0	600.0
65	26	418.6084828711256	858.3344208809135	9.0	4.0	8.0	4.0	613.0	60.0	181.0	372.0
65	27	2103.520080321285	905.5180722891566	4.0	4.0	0.0	1.0	498.0	476.0	0.0	20.0
65	29	392.58357771261	922.58357771261	6.0	3.0	1.0	4.0	341.0	30.0	3.0	304.0
65	30	1552.668449197861	986.6720142602496	7.0	4.0	5.0	5.0	561.0	84.0	19.0	458.0
65	34	2194.514403292181	1042.514403292181	4.0	1.0	0.0	4.0	243.0	6.0	0.0	236.0
65	47	196.7017543859649	1314.701754385965	9.0	4.0	7.0	4.0	912.0	148.0	72.0	692.0
65	53	2295.51966873706	1391.51966873706	4.0	4.0	0.0	1.0	483.0	464.0	0.0	19.0
65	54	1022.7157802964256	1402.7210113339145	9.0	4.0	7.0	7.0	1147.0	196.0	97.0	854.0
65	57	190.51736111111111	1460.517361111111	4.0	1.0	1.0	4.0	288.0	8.0	2.0	276.0
65	62	732.6724137931035	1532.6724137931035	7.0	4.0	5.0	4.0	580.0	88.0	24.0	468.0
65	64	1924.65	1548.4875	9.0	4.0	8.0	7.0	720.0	92.0	134.0	494.0
65	67	1116.6641074856043	1620.662188099808	7.0	4.0	5.0	4.0	521.0	76.0	20.0	424.0
65	72	2402.720812182741	1696.715736040609	9.0	4.0	7.0	7.0	1182.0	200.0	104.0	878.0
65	75	1769.52	1779.52	4.0	4.0	0.0	1.0	500.0	480.0	0.0	20.0
65	83	1291.516709511568	1899.516709511568	4.0	4.0	0.0	1.0	389.0	376.0	0.0	13.0
65	86	920.5064935064936	1924.246753246753	6.0	1.0	4.0	4.0	231.0	3.0	60.0	168.0
65	87	648.4901960784314	1928.0	2.0	0.0	2.0	2.0	51.0	0.0	5.0	46.0
65	92	2320.51711026616	1974.51711026616	4.0	1.0	1.0	4.0	263.0	7.0	2.0	252.0
66	19	2205.5198487712664	995.5198487712664	4.0	4.0	0.0	1.0	529.0	508.0	0.0	21.0
66	35	663.521815008726	1323.521815008726	4.0	4.0	0.0	1.0	573.0	548.0	0.0	25.0
66	42	1970.644859813084	1460.6448598130842	7.0	4.0	5.0	4.0	428.0	56.0	12.0	360.0
66	43	2186.6791277258567	1476.6791277258567	7.0	4.0	5.0	4.0	642.0	100.0	30.0	512.0
66	48	624.7009345794393	1580.7009345794393	9.0	4.0	7.0	4.0	856.0	140.0	64.0	652.0
66	55	176.69538077403246	1782.6953807740324	9.0	4.0	7.0	4.0	801.0	128.0	57.0	616.0
67	23	2248.7027027027025	1166.7027027027027	9.0	4.0	7.0	4.0	888.0	144.0	72.0	672.0
67	34	1646.670510708402	1420.67215815486	7.0	4.0	5.0	4.0	607.0	92.0	26.0	488.0
67	35	1012.6797583081571	1428.679758308157	7.0	4.0	5.0	4.0	662.0	104.0	30.0	528.0
67	41	2178.5061728395062	1576.358024691358	6.0	1.0	4.0	4.0	162.0	2.0	24.0	136.0
67	42	420.6727272727273	1586.6727272727271	7.0	4.0	5.0	4.0	605.0	92.0	25.0	488.0
67	49	1580.6780185758514	1710.6780185758514	7.0	4.0	5.0	4.0	646.0	100.0	30.0	516.0
67	65	525.5202312138729	1979.5183044315995	4.0	4.0	0.0	1.0	519.0	496.0	0.0	21.0
68	13	1792.508982035928	686.5089820359282	4.0	1.0	0.0	4.0	167.0	3.0	0.0	164.0
68	14	555.0844155844156	694.1948051948052	12.0	8.0	10.0	4.0	1848.0	764.0	452.0	632.0
68	28	1996.6597510373444	1118.6597510373444	7.0	4.0	5.0	4.0	482.0	68.0	18.0	396.0
68	34	1584.6808510638298	1434.6808510638298	7.0	4.0	5.0	4.0	658.0	104.0	30.0	524.0
68	38	1983.5163727959696	1509.5163727959698	4.0	4.0	0.0	1.0	397.0	384.0	0.0	13.0
68	40	2010.666019417476	1532.6660194174758	7.0	4.0	5.0	4.0	515.0	76.0	19.0	420.0
68	54	1222.6938775510205	1776.6938775510205	9.0	4.0	7.0	4.0	784.0	124.0	56.0	604.0
68	60	1982.6505263157892	1804.6547368421047	7.0	4.0	5.0	5.0	475.0	64.0	13.0	398.0
68	67	1645.5163727959698	1975.5163727959696	4.0	4.0	0.0	1.0	397.0	384.0	0.0	13.0
69	13	1792.508982035928	686.5089820359282	4.0	1.0	0.0	4.0	167.0	3.0	0.0	164.0
69	14	555.0844155844156	694.1948051948052	12.0	8.0	10.0	4.0	1848.0	764.0	452.0	632.0
69	28	1996.6597510373444	1118.6597510373444	7.0	4.0	5.0	4.0	482.0	68.0	18.0	396.0
69	34	1584.6808510638298	1434.6808510638298	7.0	4.0	5.0	4.0	658.0	104.0	30.0	524.0
69	38	1983.5163727959696	1509.5163727959698	4.0	4.0	0.0	1.0	397.0	384.0	0.0	13.0
69	40	2010.666019417476	1532.6660194174758	7.0	4.0	5.0	4.0	515.0	76.0	19.0	420.0
69	54	1222.6938775510205	1776.6938775510205	9.0	4.0	7.0	4.0	784.0	124.0	56.0	604.0
69	60	1982.6505263157892	1804.6547368421047	7.0	4.0	5.0	5.0	475.0	64.0	13.0	398.0
69	67	1645.5163727959698	1975.5163727959696	4.0	4.0	0.0	1.0	397.0	384.0	0.0	13.0
70	0	712.6931359353971	12.69313593539704	9.0	4.0	7.0	5.0	743.0	116.0	49.0	578.0
70	23	135.51660516605165	761.5239852398524	4.0	4.0	0.0	2.0	542.0	516.0	0.0	26.0
70	26	2112.5159010600705	914.5088339222616	4.0	1.0	3.0	4.0	283.0	7.0	7.0	268.0
70	42	2123.520871143376	1343.5208711433756	4.0	4.0	0.0	1.0	551.0	528.0	0.0	23.0
70	60	1218.716182572614	1832.716182572614	9.0	4.0	7.0	4.0	1205.0	208.0	105.0	892.0
70	62	1023.5206286836936	1885.5206286836933	4.0	4.0	0.0	1.0	509.0	488.0	0.0	21.0
70	69	2156.769938650307	1992.8926380368096	9.0	4.0	8.0	4.0	652.0	84.0	104.0	464.0
70	74	329.5218120805369	2043.520134228188	4.0	4.0	0.0	1.0	596.0	568.0	0.0	26.0
71	15	1728.505376344086	882.247311827957	6.0	1.0	4.0	4.0	186.0	2.0	48.0	136.0
71	19	28.67670364500792	990.6782884310618	7.0	4.0	5.0	4.0	631.0	96.0	30.0	504.0
71	26	2330.514403292181	1236.514403292181	4.0	1.0	0.0	4.0	243.0	6.0	0.0	236.0
71	35	396.6529477196885	1419.0600667408232	11.0	5.0	7.0	8.0	899.0	115.0	48.0	736.0
71	40	357.51822503961967	1513.3851030110934	6.0	4.0	4.0	1.0	631.0	524.0	84.0	23.0
71	47	1320.504	1610.056	6.0	1.0	4.0	4.0	250.0	2.0	112.0	136.0
71	54	836.6878453038674	1706.687845303867	9.0	4.0	7.0	4.0	724.0	112.0	48.0	564.0
71	60	1668.5204081632653	1834.5204081632653	4.0	1.0	1.0	4.0	294.0	9.0	3.0	280.0
71	63	2161.6605744125327	1915.6605744125327	7.0	4.0	0.0	5.0	766.0	640.0	0.0	126.0
72	6	1551.6641791044776	425.6641791044776	7.0	4.0	0.0	4.0	804.0	672.0	0.0	132.0
72	18	838.6524390243902	784.5426829268292	9.0	4.0	8.0	4.0	656.0	88.0	96.0	472.0
72	20	736.7019498607242	884.6894150417827	9.0	4.0	7.0	6.0	718.0	112.0	48.0	558.0
72	31	1670.58357771261	1166.58357771261	6.0	3.0	1.0	4.0	341.0	30.0	3.0	304.0
72	37	524.5592515592516	1242.2681912681912	8.0	3.0	5.0	4.0	481.0	30.0	144.0	304.0
72	45	1620.6660482374768	1566.6660482374768	7.0	4.0	5.0	4.0	539.0	80.0	19.0	440.0
72	50	1802.188311688312	1749.95670995671	12.0	8.0	6.0	4.0	462.0	296.0	90.0	76.0
72	51	2434.575980392157	1756.4485294117646	8.0	3.0	5.0	4.0	408.0	33.0	56.0	316.0
72	54	2388.6587982832616	1816.645922746781	7.0	4.0	6.0	5.0	466.0	64.0	20.0	382.0
73	6	1551.6641791044776	425.6641791044776	7.0	4.0	0.0	4.0	804.0	672.0	0.0	132.0
73	18	838.6524390243902	784.5426829268292	9.0	4.0	8.0	4.0	656.0	88.0	96.0	472.0
73	20	736.7019498607242	884.6894150417827	9.0	4.0	7.0	6.0	718.0	112.0	48.0	558.0
73	31	1670.58357771261	1166.58357771261	6.0	3.0	1.0	4.0	341.0	30.0	3.0	304.0
73	37	524.5592515592516	1242.2681912681912	8.0	3.0	5.0	4.0	481.0	30.0	144.0	304.0
73	45	1620.6660482374768	1566.6660482374768	7.0	4.0	5.0	4.0	539.0	80.0	19.0	440.0
73	50	1802.188311688312	1749.95670995671	12.0	8.0	6.0	4.0	462.0	296.0	90.0	76.0
73	51	2434.575980392157	1756.4485294117646	8.0	3.0	5.0	4.0	408.0	33.0	56.0	316.0
73	54	2388.6587982832616	1816.645922746781	7.0	4.0	6.0	5.0	466.0	64.0	20.0	382.0
74	25	88.64622641509433	904.6462264150944	7.0	4.0	5.0	4.0	424.0	56.0	12.0	356.0
74	28	1182.691899070385	990.6918990703851	9.0	4.0	7.0	4.0	753.0	120.0	49.0	584.0
74	30	2236.68	1018.6861538461538	7.0	4.0	5.0	5.0	650.0	100.0	30.0	520.0
74	32	1250.6672828096118	1030.6709796672828	7.0	4.0	5.0	5.0	541.0	80.0	19.0	442.0
74	33	2238.7124542124543	1036.7124542124543	9.0	4.0	7.0	4.0	1092.0	184.0	96.0	812.0
74	46	930.5072463768116	1238.5072463768115	4.0	1.0	0.0	4.0	138.0	2.0	0.0	136.0
74	57	1779.5180055401663	1451.5124653739613	4.0	4.0	0.0	2.0	361.0	348.0	0.0	13.0
74	62	984.6421568627452	1508.6421568627452	7.0	4.0	5.0	4.0	408.0	52.0	12.0	344.0
74	66	816.7110187110187	1772.7110187110188	9.0	4.0	7.0	5.0	962.0	160.0	80.0	722.0
74	72	361.5165394402036	1845.516539440204	4.0	4.0	0.0	1.0	393.0	380.0	0.0	13.0
75	11	1518.6724137931035	584.6724137931035	7.0	4.0	5.0	4.0	580.0	88.0	24.0	468.0
75	43	1166.6813880126183	1196.6813880126183	7.0	4.0	5.0	4.0	634.0	100.0	30.0	504.0
75	46	118.69411764705882	1320.6941176470589	9.0	4.0	7.0	4.0	765.0	124.0	49.0	592.0
75	56	1130.7067745197169	1648.7067745197169	9.0	4.0	7.0	4.0	989.0	164.0	81.0	744.0
75	63	1352.6448598130842	1786.6448598130842	7.0	4.0	5.0	4.0	428.0	56.0	12.0	360.0
75	68	897.520325203252	1933.520325203252	4.0	4.0	0.0	1.0	492.0	472.0	0.0	20.0
75	72	1820.6542669584248	2016.6542669584248	7.0	4.0	5.0	4.0	457.0	64.0	13.0	380.0
76	2	1586.6386806596702	176.73163418290855	8.0	4.0	6.0	4.0	667.0	80.0	87.0	500.0
76	15	1455.5196850393702	963.51968503937	4.0	4.0	0.0	1.0	508.0	488.0	0.0	20.0
76	16	1950.58357771261	990.58357771261	6.0	3.0	1.0	4.0	341.0	30.0	3.0	304.0
76	23	1210.7156862745098	1216.720965309201	9.0	4.0	8.0	6.0	1326.0	228.0	130.0	968.0
76	24	156.71428571428572	1220.7142857142858	9.0	4.0	7.0	4.0	1176.0	200.0	104.0	872.0
76	29	1108.5135135135135	1310.5135135135135	4.0	1.0	0.0	4.0	222.0	5.0	0.0	216.0
76	34	414.5115207373272	1482.5115207373271	4.0	1.0	0.0	4.0	217.0	4.0	0.0	212.0
76	36	2240.5	1501.0	2.0	0.0	2.0	2.0	36.0	0.0	10.0	26.0
76	40	1812.517361111111	1562.517361111111	4.0	1.0	1.0	4.0	288.0	8.0	2.0	276.0
76	53	2442.6698656429944	1778.666026871401	7.0	4.0	5.0	5.0	521.0	76.0	19.0	426.0
76	58	799.5203094777563	1877.520309477756	4.0	4.0	0.0	1.0	517.0	496.0	0.0	21.0
76	60	213.65891472868216	1885.6614987080104	7.0	4.0	0.0	5.0	774.0	648.0	0.0	126.0
77	2	1586.6386806596702	176.73163418290855	8.0	4.0	6.0	4.0	667.0	80.0	87.0	500.0
77	15	1455.5196850393702	963.51968503937	4.0	4.0	0.0	1.0	508.0	488.0	0.0	20.0
77	16	1950.58357771261	990.58357771261	6.0	3.0	1.0	4.0	341.0	30.0	3.0	304.0
77	23	1210.7156862745098	1216.720965309201	9.0	4.0	8.0	6.0	1326.0	228.0	130.0	968.0
77	24	156.71428571428572	1220.7142857142858	9.0	4.0	7.0	4.0	1176.0	200.0	104.0	872.0
77	29	1108.5135135135135	1310.5135135135135	4.0	1.0	0.0	4.0	222.0	5.0	0.0	216.0
77	34	414.5115207373272	1482.5115207373271	4.0	1.0	0.0	4.0	217.0	4.0	0.0	212.0
77	36	2240.5	1501.0	2.0	0.0	2.0	2.0	36.0	0.0	10.0	26.0
77	40	1812.517361111111	1562.517361111111	4.0	1.0	1.0	4.0	288.0	8.0	2.0	276.0
77	53	2442.6698656429944	1778.666026871401	7.0	4.0	5.0	5.0	521.0	76.0	19.0	426.0
77	58	799.5203094777563	1877.520309477756	4.0	4.0	0.0	1.0	517.0	496.0	0.0	21.0
77	60	213.65891472868216	1885.6614987080104	7.0	4.0	0.0	5.0	774.0	648.0	0.0	126.0
78	11	514.6660482374768	468.6660482374768	7.0	4.0	5.0	4.0	539.0	80.0	19.0	440.0
78	42	2185.5201612903224	1351.520161290323	4.0	4.0	0.0	1.0	496.0	476.0	0.0	20.0
78	47	2114.589743589744	1602.5840455840455	6.0	3.0	1.0	5.0	351.0	30.0	3.0	314.0
78	55	588.6505263157894	1784.6547368421052	7.0	4.0	5.0	5.0	475.0	64.0	13.0	398.0
78	58	1194.7120075046903	1846.7120075046903	9.0	4.0	7.0	4.0	1066.0	180.0	89.0	796.0
78	61	854.6448598130842	1874.644859813084	7.0	4.0	5.0	4.0	428.0	56.0	12.0	360.0
78	63	1480.6600790513835	1928.6600790513835	7.0	4.0	5.0	4.0	506.0	72.0	18.0	416.0
79	13	2374.7021764032074	734.7021764032073	9.0	4.0	7.0	4.0	873.0	144.0	65.0	664.0
79	23	1796.5072463768115	990.2946859903382	6.0	1.0	4.0	4.0	207.0	3.0	44.0	160.0
79	35	571.5206286836935	1371.5206286836935	4.0	4.0	0.0	1.0	509.0	488.0	0.0	21.0
79	39	2136.663479923518	1528.6634799235185	7.0	4.0	5.0	4.0	523.0	76.0	19.0	428.0
79	40	8.514522821576763	1550.4979253112033	4.0	1.0	2.0	4.0	241.0	5.0	7.0	228.0
79	46	850.7154673283706	1702.7154673283706	9.0	4.0	7.0	4.0	1209.0	208.0	105.0	896.0
79	52	357.5210792580101	1829.52107925801	4.0	4.0	0.0	1.0	593.0	568.0	0.0	25.0
79	53	889.6673286991063	1861.6722939424037	7.0	4.0	0.0	6.0	1007.0	828.0	0.0	179.0
79	57	2321.521551724138	1961.5172413793105	4.0	4.0	0.0	2.0	464.0	444.0	0.0	20.0
79	59	2260.575596816976	1984.480106100796	8.0	3.0	5.0	4.0	377.0	30.0	40.0	304.0
80	22	1925.542757417103	955.588132635253	5.0	5.0	0.0	2.0	573.0	527.0	0.0	46.0
80	36	1106.6588921282798	1350.558309037901	9.0	4.0	8.0	4.0	686.0	96.0	94.0	496.0
80	37	54.50887573964497	1364.5029585798816	4.0	1.0	0.0	4.0	169.0	3.0	0.0	164.0
80	39	1608.6916780354709	1408.6916780354709	9.0	4.0	7.0	4.0	733.0	116.0	49.0	568.0
80	45	1530.7097729516288	1480.7097729516288	9.0	4.0	7.0	4.0	1013.0	172.0	81.0	760.0
80	48	710.6330749354005	1516.6330749354006	7.0	4.0	1.0	4.0	387.0	48.0	3.0	332.0
80	63	1164.662162162162	1946.6576576576576	7.0	4.0	5.0	6.0	444.0	60.0	12.0	372.0
81	22	1925.542757417103	955.588132635253	5.0	5.0	0.0	2.0	573.0	527.0	0.0	46.0
81	36	1106.6588921282798	1350.558309037901	9.0	4.0	8.0	4.0	686.0	96.0	94.0	496.0
81	37	54.50887573964497	1364.5029585798816	4.0	1.0	0.0	4.0	169.0	3.0	0.0	164.0
81	39	1608.6916780354709	1408.6916780354709	9.0	4.0	7.0	4.0	733.0	116.0	49.0	568.0
81	45	1530.7097729516288	1480.7097729516288	9.0	4.0	7.0	4.0	1013.0	172.0	81.0	760.0
81	48	710.6330749354005	1516.6330749354006	7.0	4.0	1.0	4.0	387.0	48.0	3.0	332.0
81	63	1164.662162162162	1946.6576576576576	7.0	4.0	5.0	6.0	444.0	60.0	12.0	372.0
82	20	324.707614213198	832.707614213198	9.0	4.0	7.0	4.0	985.0	164.0	81.0	740.0
82	22	2094.5	973.3333333333334	4.0	0.0	4.0	2.0	156.0	0.0	104.0	52.0
82	23	1124.7081632653062	994.708163265306	9.0	4.0	7.0	4.0	980.0	164.0	80.0	736.0
82	26	29.521367521367523	1019.5213675213676	4.0	4.0	0.0	1.0	585.0	560.0	0.0	25.0
82	43	2386.6576576576576	1432.554054054054	9.0	4.0	8.0	4.0	666.0	92.0	94.0	480.0
82	45	2062.713777777778	1476.7137777777778	9.0	4.0	7.0	4.0	1125.0	192.0	97.0	836.0
82	55	1292.513043478261	1722.513043478261	4.0	1.0	0.0	4.0	230.0	5.0	0.0	224.0
83	1	2230.516129032258	176.51612903225808	4.0	1.0	1.0	4.0	279.0	7.0	2.0	268.0
83	24	582.6808199121523	904.6808199121524	7.0	4.0	5.0	4.0	683.0	108.0	31.0	544.0
83	27	1572.5034965034963	951.972027972028	6.0	1.0	4.0	4.0	286.0	2.0	152.0	132.0
83	35	960.6899441340782	1180.6871508379888	9.0	4.0	8.0	4.0	716.0	112.0	52.0	552.0
83	36	1492.7	1188.7	9.0	4.0	7.0	4.0	860.0	140.0	64.0	656.0
83	38	1712.123287671233	1212.5068493150684	6.0	1.0	4.0	4.0	219.0	3.0	84.0	132.0
83	42	1076.7092264678472	1332.7148182665424	9.0	4.0	7.0	6.0	1073.0	180.0	89.0	804.0
83	43	1378.6554621848738	1342.5378151260504	9.0	4.0	8.0	4.0	714.0	96.0	114.0	504.0
83	44	483.51858407079646	1347.5221238938052	4.0	4.0	0.0	2.0	565.0	540.0	0.0	25.0
83	46	1600.6690140845071	1360.6690140845071	7.0	4.0	5.0	4.0	568.0	84.0	24.0	460.0
83	51	1730.6542669584246	1584.6542669584246	7.0	4.0	5.0	4.0	457.0	64.0	13.0	380.0
83	53	1752.703539823009	1694.703539823009	9.0	4.0	7.0	4.0	904.0	148.0	72.0	684.0
83	54	2186.671232876712	1698.6712328767123	7.0	4.0	5.0	4.0	584.0	88.0	24.0	472.0
83	62	1263.5201535508638	1873.520153550864	4.0	4.0	0.0	1.0	521.0	500.0	0.0	21.0
83	68	2080.513043478261	1936.513043478261	4.0	1.0	0.0	4.0	230.0	5.0	0.0	224.0
84	5	14.654266958424508	142.6542669584245	7.0	4.0	5.0	4.0	457.0	64.0	13.0	380.0
84	24	998.6448598130842	1062.6448598130842	7.0	4.0	5.0	4.0	428.0	56.0	12.0	360.0
84	25	2206.5115207373274	1128.5115207373271	4.0	1.0	0.0	4.0	217.0	4.0	0.0	212.0
84	29	2290.58357771261	1272.58357771261	6.0	3.0	1.0	4.0	341.0	30.0	3.0	304.0
84	42	1376.6542669584246	1554.6542669584246	7.0	4.0	5.0	4.0	457.0	64.0	13.0	380.0
84	44	113.07035175879398	1640.532663316583	9.0	3.0	4.0	7.0	398.0	15.0	164.0	218.0
84	47	230.6628895184136	1706.57223796034	9.0	4.0	8.0	4.0	706.0	100.0	94.0	512.0
84	49	2180.687845303868	1714.687845303867	9.0	4.0	7.0	4.0	724.0	112.0	48.0	564.0
84	52	2086.5	1800.0	2.0	0.0	2.0	2.0	50.0	0.0	10.0	40.0
84	56	1838.5	1889.456896551724	4.0	0.0	4.0	2.0	232.0	0.0	212.0	20.0
84	58	1356.647342995169	1910.647342995169	7.0	4.0	5.0	5.0	414.0	52.0	12.0	350.0
84	62	1876.6941813261164	1978.6941813261164	9.0	4.0	7.0	5.0	739.0	116.0	49.0	574.0
84	64	772.6868131868132	2032.7032967032967	9.0	4.0	7.0	6.0	728.0	112.0	48.0	568.0
85	13	478.514403292181	636.5144032921811	4.0	1.0	0.0	4.0	243.0	6.0	0.0	236.0
85	16	144.66862170087975	744.6041055718475	9.0	4.0	8.0	4.0	682.0	100.0	74.0	508.0
85	17	1484.62109375	754.44921875	9.0	4.0	8.0	4.0	512.0	56.0	100.0	356.0
85	28	759.6701244813278	1049.6701244813278	7.0	4.0	0.0	4.0	964.0	800.0	0.0	164.0
85	31	522.5128205128206	1090.5128205128206	4.0	1.0	0.0	4.0	234.0	5.0	0.0	228.0
85	33	2259.520720720721	1135.5207207207206	4.0	4.0	0.0	1.0	555.0	532.0	0.0	23.0
85	38	1618.7124542124543	1314.7124542124543	9.0	4.0	7.0	4.0	1092.0	184.0	96.0	812.0
85	44	264.5178571428572	1560.517857142857	4.0	1.0	1.0	4.0	280.0	8.0	2.0	268.0
85	47	508.6840536512668	1604.6840536512668	7.0	4.0	5.0	4.0	671.0	108.0	31.0	532.0
85	49	1992.703783783784	1678.7037837837838	9.0	4.0	7.0	4.0	925.0	152.0	73.0	700.0
85	53	1992.666019417476	1788.6660194174758	7.0	4.0	5.0	4.0	515.0	76.0	19.0	420.0
85	55	610.6678321678322	1820.667832167832	7.0	4.0	5.0	4.0	572.0	84.0	24.0	464.0
85	63	116.70524017467248	2002.7052401746728	9.0	4.0	7.0	4.0	916.0	152.0	72.0	692.0
85	65	2300.577419354838	2036.5387096774195	5.0	2.0	1.0	5.0	310.0	18.0	3.0	286.0
86	13	478.514403292181	636.5144032921811	4.0	1.0	0.0	4.0	243.0	6.0	0.0	236.0
86	16	144.66862170087975	744.6041055718475	9.0	4.0	8.0	4.0	682.0	100.0	74.0	508.0
86	17	1484.62109375	754.44921875	9.0	4.0	8.0	4.0	512.0	56.0	100.0	356.0
86	28	759.6701244813278	1049.6701244813278	7.0	4.0	0.0	4.0	964.0	800.0	0.0	164.0
86	31	522.5128205128206	1090.5128205128206	4.0	1.0	0.0	4.0	234.0	5.0	0.0	228.0
86	33	2259.520720720721	1135.5207207207206	4.0	4.0	0.0	1.0	555.0	532.0	0.0	23.0
86	38	1618.7124542124543	1314.7124542124543	9.0	4.0	7.0	4.0	1092.0	184.0	96.0	812.0
86	44	264.5178571428572	1560.517857142857	4.0	1.0	1.0	4.0	280.0	8.0	2.0	268.0
86	47	508.6840536512668	1604.6840536512668	7.0	4.0	5.0	4.0	671.0	108.0	31.0	532.0
86	49	1992.703783783784	1678.7037837837838	9.0	4.0	7.0	4.0	925.0	152.0	73.0	700.0
86	53	1992.666019417476	1788.6660194174758	7.0	4.0	5.0	4.0	515.0	76.0	19.0	420.0
86	55	610.6678321678322	1820.667832167832	7.0	4.0	5.0	4.0	572.0	84.0	24.0	464.0
86	63	116.70524017467248	2002.7052401746728	9.0	4.0	7.0	4.0	916.0	152.0	72.0	692.0
86	65	2300.577419354838	2036.5387096774195	5.0	2.0	1.0	5.0	310.0	18.0	3.0	286.0
87	2	402.6700680272109	98.67006802721087	7.0	4.0	5.0	4.0	588.0	88.0	24.0	476.0
87	5	2175.48502994012	267.83682634730536	6.0	4.0	5.0	5.0	668.0	436.0	188.0	44.0
87	11	841.5198329853862	651.5198329853862	4.0	4.0	0.0	1.0	479.0	460.0	0.0	19.0
87	12	1710.7059396299903	654.7069133398247	9.0	4.0	7.0	4.0	1027.0	172.0	82.0	772.0
87	27	1092.7137931034483	1264.7137931034483	9.0	4.0	7.0	4.0	1160.0	196.0	104.0	860.0
87	30	1083.52296819788	1339.729681978799	6.0	4.0	4.0	2.0	566.0	436.0	104.0	26.0
87	44	1892.7	1502.7	9.0	4.0	7.0	4.0	860.0	140.0	64.0	656.0
87	48	92.70806302131604	1576.7275254865615	9.0	4.0	7.0	6.0	1079.0	180.0	89.0	810.0
87	49	2180.6938775510203	1578.7015306122448	9.0	4.0	7.0	6.0	784.0	124.0	56.0	604.0
87	56	124.5	1657.528409090909	4.0	0.0	4.0	2.0	352.0	0.0	332.0	20.0
87	58	2278.7	1690.7	9.0	4.0	7.0	4.0	860.0	140.0	64.0	656.0
87	59	834.6773162939297	1704.6773162939296	7.0	4.0	5.0	4.0	626.0	96.0	30.0	500.0
87	64	1502.691011235955	1870.691011235955	9.0	4.0	7.0	4.0	712.0	112.0	48.0	552.0
87	72	580.662	2006.66	7.0	4.0	5.0	4.0	500.0	72.0	19.0	408.0
88	15	688.5144032921811	598.5144032921811	4.0	1.0	0.0	4.0	243.0	6.0	0.0	236.0
88	25	1090.6727272727271	992.6727272727272	7.0	4.0	5.0	4.0	605.0	92.0	25.0	488.0
88	33	1478.705357142857	1188.705357142857	9.0	4.0	7.0	4.0	896.0	148.0	72.0	676.0
88	45	602.7044444444444	1480.7044444444443	9.0	4.0	7.0	4.0	900.0	148.0	72.0	680.0
88	50	170.6392333709132	1630.4047350620067	9.0	4.0	8.0	4.0	887.0	108.0	239.0	540.0
88	52	1412.5204081632653	1678.5204081632653	4.0	1.0	1.0	4.0	294.0	9.0	3.0	280.0
88	56	1252.5116279069769	1742.506976744186	4.0	1.0	0.0	4.0	215.0	4.0	0.0	208.0
88	59	1248.7103250478012	1750.7093690248566	9.0	4.0	7.0	4.0	1046.0	176.0	89.0	780.0
88	73	1132.680981595092	2018.6779141104291	7.0	4.0	5.0	5.0	652.0	100.0	30.0	522.0
89	15	688.5144032921811	598.5144032921811	4.0	1.0	0.0	4.0	243.0	6.0	0.0	236.0
89	25	1090.6727272727271	992.6727272727272	7.0	4.0	5.0	4.0	605.0	92.0	25.0	488.0
89	33	1478.705357142857	1188.705357142857	9.0	4.0	7.0	4.0	896.0	148.0	72.0	676.0
89	45	602.7044444444444	1480.7044444444443	9.0	4.0	7.0	4.0	900.0	148.0	72.0	680.0
89	50	170.6392333709132	1630.4047350620067	9.0	4.0	8.0	4.0	887.0	108.0	239.0	540.0
89	52	1412.5204081632653	1678.5204081632653	4.0	1.0	1.0	4.0	294.0	9.0	3.0	280.0
89	56	1252.5116279069769	1742.506976744186	4.0	1.0	0.0	4.0	215.0	4.0	0.0	208.0
89	59	1248.7103250478012	1750.7093690248566	9.0	4.0	7.0	4.0	1046.0	176.0	89.0	780.0
89	73	1132.680981595092	2018.6779141104291	7.0	4.0	5.0	5.0	652.0	100.0	30.0	522.0
90	8	2366.6330749354006	458.6330749354005	7.0	4.0	1.0	4.0	387.0	48.0	3.0	332.0
90	15	620.7049180327868	756.7008196721312	9.0	4.0	8.0	4.0	976.0	160.0	88.0	728.0
90	16	140.6958762886598	872.6958762886597	9.0	4.0	7.0	4.0	776.0	124.0	56.0	596.0
90	19	346.67350427350425	916.6717948717948	7.0	4.0	5.0	4.0	585.0	88.0	24.0	472.0
90	21	774.5144032921811	1018.5144032921812	4.0	1.0	0.0	4.0	243.0	6.0	0.0	236.0
90	30	282.5204081632653	1282.5204081632653	4.0	1.0	1.0	4.0	294.0	9.0	3.0	280.0
90	47	1870.692729766804	1752.692729766804	9.0	4.0	7.0	4.0	729.0	116.0	49.0	564.0
90	50	2442.58357771261	1836.58357771261	6.0	3.0	1.0	4.0	341.0	30.0	3.0	304.0
90	58	1182.5176056338028	1944.5176056338028	4.0	1.0	1.0	4.0	284.0	8.0	2.0	272.0
91	8	1870.6791277258567	572.6791277258567	7.0	4.0	5.0	4.0	642.0	100.0	30.0	512.0
91	10	2134.7164556962025	608.7164556962025	9.0	4.0	7.0	4.0	1185.0	204.0	105.0	876.0
91	15	2242.666048237477	976.6660482374768	7.0	4.0	5.0	4.0	539.0	80.0	19.0	440.0
91	21	1694.5204081632653	1036.5204081632653	4.0	1.0	1.0	4.0	294.0	9.0	3.0	280.0
91	26	864.5130434782609	1082.513043478261	4.0	1.0	0.0	4.0	230.0	5.0	0.0	224.0
91	36	1984.508982035928	1306.508982035928	4.0	1.0	0.0	4.0	167.0	3.0	0.0	164.0
91	48	1024.7091254752852	1718.7091254752852	9.0	4.0	7.0	4.0	1052.0	176.0	88.0	788.0
91	49	960.6552511415524	1748.657534246575	7.0	4.0	5.0	4.0	438.0	60.0	13.0	364.0
91	51	66.70912738214643	1902.7091273821463	9.0	4.0	7.0	4.0	997.0	168.0	81.0	748.0
92	8	2030.5072463768115	406.5072463768116	4.0	1.0	0.0	4.0	138.0	2.0	0.0	136.0
92	9	746.5117370892019	436.51173708920186	4.0	1.0	0.0	4.0	213.0	4.0	0.0	208.0
92	11	2348.5117370892017	560.5117370892019	4.0	1.0	0.0	4.0	213.0	4.0	0.0	208.0
92	20	992.6906377204884	844.6906377204884	9.0	4.0	7.0	4.0	737.0	116.0	49.0	572.0
92	22	814.6944190301921	956.6248856358646	11.0	4.0	10.0	4.0	1093.0	172.0	157.0	764.0
92	24	1474.651376146789	1062.651376146789	7.0	4.0	5.0	4.0	436.0	60.0	12.0	364.0
92	32	586.7035398230089	1256.703539823009	9.0	4.0	7.0	4.0	904.0	148.0	72.0	684.0
92	36	76.64622641509433	1338.6462264150944	7.0	4.0	5.0	4.0	424.0	56.0	12.0	356.0
92	37	906.6958762886596	1342.6958762886595	9.0	4.0	7.0	4.0	776.0	124.0	56.0	596.0
92	43	1423.5213675213674	1469.5213675213674	4.0	4.0	0.0	1.0	585.0	560.0	0.0	25.0
92	44	2428.7134615384616	1502.7076923076922	9.0	4.0	7.0	6.0	1040.0	172.0	88.0	780.0
92	59	1469.6650485436894	1859.6650485436892	7.0	4.0	0.0	4.0	824.0	688.0	0.0	136.0
92	64	1984.69587628866	1926.69587628866	9.0	4.0	7.0	4.0	776.0	124.0	56.0	596.0
92	66	862.7017543859649	1980.701754385965	9.0	4.0	7.0	4.0	912.0	148.0	72.0	692.0
93	6	1313.6658932714618	253.66821345707655	7.0	4.0	0.0	5.0	862.0	716.0	0.0	146.0
93	9	798.5117370892019	448.51173708920186	4.0	1.0	0.0	4.0	213.0	4.0	0.0	208.0
93	34	396.5161290322581	1160.516129032258	4.0	1.0	1.0	4.0	279.0	7.0	2.0	268.0
93	47	2322.6600790513835	1586.6600790513835	7.0	4.0	5.0	4.0	506.0	72.0	18.0	416.0
93	50	1772.642685851319	1682.6402877697842	7.0	4.0	5.0	4.0	417.0	52.0	12.0	352.0
93	64	1593.5213675213674	1951.5213675213677	4.0	4.0	0.0	1.0	585.0	560.0	0.0	25.0
93	71	1734.692108667529	2038.6869340232856	9.0	4.0	8.0	4.0	773.0	124.0	57.0	592.0
94	6	1313.6658932714618	253.66821345707655	7.0	4.0	0.0	5.0	862.0	716.0	0.0	146.0
94	9	798.5117370892019	448.51173708920186	4.0	1.0	0.0	4.0	213.0	4.0	0.0	208.0
94	34	396.5161290322581	1160.516129032258	4.0	1.0	1.0	4.0	279.0	7.0	2.0	268.0
94	47	2322.6600790513835	1586.6600790513835	7.0	4.0	5.0	4.0	506.0	72.0	18.0	416.0
94	50	1772.642685851319	1682.6402877697842	7.0	4.0	5.0	4.0	417.0	52.0	12.0	352.0
94	64	1593.5213675213674	1951.5213675213677	4.0	4.0	0.0	1.0	585.0	560.0	0.0	25.0
94	71	1734.692108667529	2038.6869340232856	9.0	4.0	8.0	4.0	773.0	124.0	57.0	592.0
