#frame	event	cm_x	cm_y	size	size_r	size_g	size_b	sum	sum_r	sum_g	sum_b
0	8	1877.5	326.0566037735849	6.0	4.0	4.0	0.0	424.0	188.0	236.0	0.0
0	12	0.5	621.6727272727272	4.0	0.0	4.0	2.0	110.0	0.0	72.0	38.0
0	33	537.5	1336.5	4.0	0.0	4.0	0.0	272.0	0.0	272.0	0.0
0	51	409.5	1850.5	4.0	0.0	4.0	0.0	184.0	0.0	184.0	0.0
0	65	1043.5	2030.5	4.0	0.0	4.0	0.0	308.0	0.0	308.0	0.0
1	8	1877.5	326.0566037735849	6.0	4.0	4.0	0.0	424.0	188.0	236.0	0.0
1	12	0.5	621.6727272727272	4.0	0.0	4.0	2.0	110.0	0.0	72.0	38.0
1	33	537.5	1336.5	4.0	0.0	4.0	0.0	272.0	0.0	272.0	0.0
1	51	409.5	1850.5	4.0	0.0	4.0	0.0	184.0	0.0	184.0	0.0
1	65	1043.5	2030.5	4.0	0.0	4.0	0.0	308.0	0.0	308.0	0.0
2	15	2311.5	598.5	4.0	0.0	4.0	0.0	200.0	0.0	200.0	0.0
2	18	2230.5	693.5	4.0	0.0	4.0	0.0	236.0	0.0	236.0	0.0
2	23	759.5	778.5	4.0	0.0	4.0	0.0	280.0	0.0	280.0	0.0
2	39	1644.5617021276596	1030.2702127659577	8.0	3.0	5.0	4.0	470.0	30.0	141.0	296.0
2	40	159.5	1036.5	4.0	0.0	4.0	0.0	180.0	0.0	180.0	0.0
2	45	1055.4927536231885	1082.5072463768115	4.0	0.0	4.0	0.0	69.0	0.0	69.0	0.0
2	52	1288.708947885939	1300.708947885939	9.0	4.0	7.0	4.0	1017.0	172.0	81.0	764.0
2	61	1527.5	1630.5	4.0	0.0	4.0	0.0	184.0	0.0	184.0	0.0
2	62	827.5	1670.5	4.0	0.0	4.0	0.0	72.0	0.0	72.0	0.0
2	66	335.5	1726.5	4.0	0.0	4.0	0.0	152.0	0.0	152.0	0.0
2	77	2388.5	1871.522222222222	4.0	0.0	4.0	2.0	180.0	0.0	172.0	8.0
3	11	1815.5	500.5	4.0	0.0	4.0	0.0	272.0	0.0	272.0	0.0
3	15	634.6929238985314	660.6929238985314	9.0	4.0	7.0	4.0	749.0	120.0	49.0	580.0
3	16	678.506072874494	710.2145748987854	6.0	1.0	4.0	4.0	247.0	3.0	72.0	172.0
3	21	2266.5	939.4857142857144	4.0	0.0	4.0	2.0	140.0	0.0	136.0	4.0
3	23	1622.682857142857	980.5571428571428	11.0	4.0	10.0	4.0	1400.0	208.0	296.0	896.0
3	24	682.5	1003.5	4.0	0.0	4.0	0.0	72.0	0.0	72.0	0.0
3	25	14.5	1041.5	4.0	0.0	4.0	0.0	136.0	0.0	136.0	0.0
3	33	266.699535962877	1230.6983758700696	9.0	4.0	7.0	4.0	862.0	140.0	65.0	656.0
3	39	1616.7039055404175	1294.6712079927338	11.0	4.0	10.0	4.0	1101.0	180.0	125.0	796.0
3	49	729.5	1410.5	4.0	0.0	4.0	0.0	244.0	0.0	244.0	0.0
3	58	979.5079365079364	1561.6507936507935	6.0	4.0	4.0	2.0	252.0	212.0	33.0	6.0
3	63	351.5	1640.5	4.0	0.0	4.0	0.0	264.0	0.0	264.0	0.0
3	67	220.5	1743.5	4.0	0.0	4.0	0.0	72.0	0.0	72.0	0.0
3	69	1454.6849925705794	1802.6879643387813	7.0	4.0	5.0	5.0	673.0	108.0	31.0	534.0
3	72	1950.705357142857	1874.705357142857	9.0	4.0	7.0	4.0	896.0	148.0	72.0	676.0
3	78	207.5	1938.5	4.0	0.0	4.0	0.0	180.0	0.0	180.0	0.0
4	10	1842.5	413.5	4.0	0.0	4.0	0.0	200.0	0.0	200.0	0.0
4	14	892.5	481.5058139534884	4.0	0.0	4.0	2.0	344.0	0.0	340.0	4.0
4	20	426.6918990703852	604.6918990703851	9.0	4.0	7.0	4.0	753.0	120.0	49.0	584.0
4	31	272.3758573388203	844.4670781893004	14.0	8.0	12.0	6.0	1458.0	340.0	390.0	728.0
4	46	318.5	1255.5	4.0	0.0	4.0	0.0	280.0	0.0	280.0	0.0
4	48	2200.692729766804	1320.692729766804	9.0	4.0	7.0	4.0	729.0	116.0	49.0	564.0
4	66	1307.4886363636365	1812.5	4.0	0.0	4.0	2.0	176.0	0.0	172.0	4.0
4	68	1552.682962962963	1832.682962962963	7.0	4.0	5.0	4.0	675.0	108.0	31.0	536.0
4	77	2141.5	1960.5	4.0	0.0	4.0	0.0	308.0	0.0	308.0	0.0
5	10	1842.5	413.5	4.0	0.0	4.0	0.0	200.0	0.0	200.0	0.0
5	14	892.5	481.5058139534884	4.0	0.0	4.0	2.0	344.0	0.0	340.0	4.0
5	20	426.6918990703852	604.6918990703851	9.0	4.0	7.0	4.0	753.0	120.0	49.0	584.0
5	31	272.3758573388203	844.4670781893004	14.0	8.0	12.0	6.0	1458.0	340.0	390.0	728.0
5	46	318.5	1255.5	4.0	0.0	4.0	0.0	280.0	0.0	280.0	0.0
5	48	2200.692729766804	1320.692729766804	9.0	4.0	7.0	4.0	729.0	116.0	49.0	564.0
5	66	1307.4886363636365	1812.5	4.0	0.0	4.0	2.0	176.0	0.0	172.0	4.0
5	68	1552.682962962963	1832.682962962963	7.0	4.0	5.0	4.0	675.0	108.0	31.0	536.0
5	77	2141.5	1960.5	4.0	0.0	4.0	0.0	308.0	0.0	308.0	0.0
6	17	2121.5	842.5	4.0	0.0	4.0	0.0	256.0	0.0	256.0	0.0
6	22	1650.7031070195628	1044.7031070195628	9.0	4.0	7.0	4.0	869.0	144.0	65.0	660.0
6	29	1742.5	1209.5	4.0	0.0	4.0	0.0	256.0	0.0	256.0	0.0
6	30	1452.692729766804	1210.692729766804	9.0	4.0	7.0	4.0	729.0	116.0	49.0	564.0
6	36	1157.9910313901346	1341.4717488789238	7.0	4.0	6.0	5.0	1115.0	548.0	465.0	102.0
6	39	119.51724137931036	1415.7689655172414	6.0	4.0	4.0	2.0	580.0	424.0	136.0	20.0
6	66	1730.5	1849.5	4.0	0.0	4.0	0.0	72.0	0.0	72.0	0.0
6	77	156.5	2039.5	4.0	0.0	4.0	0.0	276.0	0.0	276.0	0.0
7	26	1090.5	979.5	4.0	0.0	4.0	0.0	136.0	0.0	136.0	0.0
7	34	226.5	1327.5	4.0	0.0	4.0	0.0	200.0	0.0	200.0	0.0
7	51	2052.5	1673.5	4.0	0.0	4.0	0.0	204.0	0.0	204.0	0.0
7	56	2263.129559748428	1754.3069182389936	8.0	6.0	6.0	4.0	795.0	174.0	336.0	284.0
7	63	144.5	1925.5	4.0	0.0	4.0	0.0	272.0	0.0	272.0	0.0
8	2	1897.5	32.5	4.0	0.0	4.0	0.0	200.0	0.0	200.0	0.0
8	16	2186.6704260651627	644.452380952381	11.0	4.0	10.0	4.0	1596.0	216.0	460.0	920.0
8	24	2285.5	830.5	4.0	0.0	4.0	0.0	256.0	0.0	256.0	0.0
8	40	761.5	1186.5	4.0	0.0	4.0	0.0	276.0	0.0	276.0	0.0
8	60	908.5	1645.5808383233532	4.0	0.0	4.0	2.0	334.0	0.0	280.0	54.0
8	68	1282.5	1849.5	4.0	0.0	4.0	0.0	288.0	0.0	288.0	0.0
8	72	748.5	1925.5	4.0	0.0	4.0	0.0	72.0	0.0	72.0	0.0
8	77	1822.5	2045.957446808511	6.0	0.0	6.0	2.0	94.0	0.0	90.0	4.0
9	2	1897.5	32.5	4.0	0.0	4.0	0.0	200.0	0.0	200.0	0.0
9	16	2186.6704260651627	644.452380952381	11.0	4.0	10.0	4.0	1596.0	216.0	460.0	920.0
9	24	2285.5	830.5	4.0	0.0	4.0	0.0	256.0	0.0	256.0	0.0
9	40	761.5	1186.5	4.0	0.0	4.0	0.0	276.0	0.0	276.0	0.0
9	60	908.5	1645.5808383233532	4.0	0.0	4.0	2.0	334.0	0.0	280.0	54.0
9	68	1282.5	1849.5	4.0	0.0	4.0	0.0	288.0	0.0	288.0	0.0
9	72	748.5	1925.5	4.0	0.0	4.0	0.0	72.0	0.0	72.0	0.0
9	77	1822.5	2045.957446808511	6.0	0.0	6.0	2.0	94.0	0.0	90.0	4.0
10	14	1860.6963064295485	664.6963064295486	9.0	4.0	7.0	5.0	731.0	116.0	49.0	566.0
10	19	1642.5	851.5	4.0	0.0	4.0	0.0	136.0	0.0	136.0	0.0
10	35	2443.5061728395062	1236.5061728395062	4.0	0.0	4.0	0.0	81.0	0.0	81.0	0.0
10	56	1830.5	1979.5	4.0	0.0	4.0	0.0	248.0	0.0	248.0	0.0
11	4	808.6385068762279	234.5599214145383	9.0	4.0	8.0	4.0	509.0	64.0	53.0	392.0
11	15	1120.598820058997	836.2551622418879	9.0	4.0	8.0	4.0	678.0	60.0	246.0	372.0
11	22	869.5	1008.5	4.0	0.0	4.0	0.0	72.0	0.0	72.0	0.0
11	24	2410.509394572025	1044.0668058455117	6.0	1.0	5.0	4.0	479.0	7.0	215.0	256.0
11	29	613.5	1218.5	4.0	0.0	4.0	0.0	204.0	0.0	204.0	0.0
11	33	2032.5	1283.5	4.0	0.0	4.0	0.0	200.0	0.0	200.0	0.0
11	41	890.6838487972509	1462.610538373425	11.0	4.0	10.0	4.0	873.0	132.0	121.0	620.0
11	49	100.66156462585036	1596.608843537415	9.0	5.0	8.0	5.0	588.0	87.0	51.0	450.0
11	58	1954.721464465183	1756.721464465183	9.0	4.0	7.0	4.0	1393.0	244.0	129.0	1020.0
11	65	1901.5061728395065	1828.5061728395065	4.0	0.0	4.0	0.0	81.0	0.0	81.0	0.0
11	67	1490.5064935064936	1879.4935064935064	4.0	0.0	4.0	0.0	77.0	0.0	77.0	0.0
12	6	805.5	310.5	4.0	0.0	4.0	0.0	136.0	0.0	136.0	0.0
12	33	457.5	1042.5	4.0	0.0	4.0	0.0	204.0	0.0	204.0	0.0
12	40	2423.5	1128.5	4.0	0.0	4.0	0.0	136.0	0.0	136.0	0.0
12	50	689.1824104234528	1376.8045602605864	7.0	0.0	7.0	3.0	307.0	0.0	301.0	6.0
12	64	313.5	1710.5	4.0	0.0	4.0	0.0	248.0	0.0	248.0	0.0
12	68	2320.5	1851.4901960784316	4.0	0.0	4.0	2.0	204.0	0.0	200.0	4.0
12	70	1780.5	1933.5	4.0	0.0	4.0	0.0	136.0	0.0	136.0	0.0
13	6	805.5	310.5	4.0	0.0	4.0	0.0	136.0	0.0	136.0	0.0
13	33	457.5	1042.5	4.0	0.0	4.0	0.0	204.0	0.0	204.0	0.0
13	40	2423.5	1128.5	4.0	0.0	4.0	0.0	136.0	0.0	136.0	0.0
13	50	689.1824104234528	1376.8045602605864	7.0	0.0	7.0	3.0	307.0	0.0	301.0	6.0
13	64	313.5	1710.5	4.0	0.0	4.0	0.0	248.0	0.0	248.0	0.0
13	68	2320.5	1851.4901960784316	4.0	0.0	4.0	2.0	204.0	0.0	200.0	4.0
13	70	1780.5	1933.5	4.0	0.0	4.0	0.0	136.0	0.0	136.0	0.0
14	10	1420.5	303.5	4.0	0.0	4.0	0.0	276.0	0.0	276.0	0.0
14	25	1414.5	766.8396226415094	6.0	0.0	4.0	4.0	212.0	0.0	72.0	140.0
14	47	1241.5	1256.0573770491803	6.0	4.0	4.0	0.0	244.0	108.0	136.0	0.0
14	51	174.6529284164859	1298.4479392624728	11.0	4.0	10.0	4.0	922.0	116.0	238.0	568.0
14	53	1715.5	1322.5	4.0	0.0	4.0	0.0	180.0	0.0	180.0	0.0
14	55	1433.5	1328.3673469387754	6.0	4.0	4.0	0.0	392.0	52.0	340.0	0.0
14	56	2252.691678035471	1370.6916780354709	9.0	4.0	7.0	4.0	733.0	116.0	49.0	568.0
14	59	2334.7091273821466	1438.7091273821463	9.0	4.0	7.0	4.0	997.0	168.0	81.0	748.0
14	72	857.5	1728.4928229665072	4.0	2.0	4.0	0.0	418.0	6.0	412.0	0.0
14	89	458.5	2021.5	4.0	0.0	4.0	0.0	216.0	0.0	216.0	0.0
15	11	470.6562986003111	422.696734059098	8.0	4.0	6.0	4.0	643.0	88.0	51.0	504.0
15	15	496.5	451.5	4.0	0.0	4.0	0.0	288.0	0.0	288.0	0.0
15	37	518.7012542759408	1130.7012542759408	9.0	4.0	7.0	4.0	877.0	144.0	65.0	668.0
15	57	1428.4985835694051	1655.5467422096317	4.0	0.0	4.0	2.0	353.0	0.0	321.0	32.0
15	60	1114.5	1737.5	4.0	0.0	4.0	0.0	136.0	0.0	136.0	0.0
15	61	885.5	1781.8622047244094	6.0	4.0	4.0	0.0	508.0	324.0	184.0	0.0
15	66	2142.0062761506274	1880.278242677824	8.0	5.0	5.0	5.0	478.0	116.0	135.0	226.0
15	70	30.5	1937.5	4.0	0.0	4.0	0.0	152.0	0.0	152.0	0.0
15	71	2306.7076142131978	1960.707614213198	9.0	4.0	7.0	4.0	985.0	164.0	81.0	740.0
16	19	408.3619047619048	746.5142857142857	6.0	1.0	5.0	4.0	315.0	7.0	51.0	256.0
16	29	1169.5	1134.5	4.0	0.0	4.0	0.0	180.0	0.0	180.0	0.0
16	33	1198.5	1173.5	4.0	0.0	4.0	0.0	248.0	0.0	248.0	0.0
16	46	2113.501661129568	1428.4983388704318	4.0	0.0	4.0	0.0	301.0	0.0	301.0	0.0
17	19	408.3619047619048	746.5142857142857	6.0	1.0	5.0	4.0	315.0	7.0	51.0	256.0
17	29	1169.5	1134.5	4.0	0.0	4.0	0.0	180.0	0.0	180.0	0.0
17	33	1198.5	1173.5	4.0	0.0	4.0	0.0	248.0	0.0	248.0	0.0
17	46	2113.501661129568	1428.4983388704318	4.0	0.0	4.0	0.0	301.0	0.0	301.0	0.0
18	14	700.7066402378592	576.7066402378592	9.0	4.0	7.0	4.0	1009.0	168.0	81.0	760.0
18	27	590.5	923.5	4.0	0.0	4.0	0.0	172.0	0.0	172.0	0.0
18	28	152.5	993.5	4.0	0.0	4.0	0.0	180.0	0.0	180.0	0.0
18	54	315.5	1564.5	4.0	0.0	4.0	0.0	172.0	0.0	172.0	0.0
18	56	857.5	1602.5	4.0	0.0	4.0	0.0	236.0	0.0	236.0	0.0
18	64	302.5	1727.5	4.0	0.0	4.0	0.0	216.0	0.0	216.0	0.0
18	66	48.5672268907563	1776.2920168067226	8.0	3.0	5.0	5.0	476.0	30.0	133.0	310.0
18	78	409.5	2000.5	4.0	0.0	4.0	0.0	200.0	0.0	200.0	0.0
18	79	1041.5	2004.0806451612905	6.0	4.0	4.0	0.0	372.0	156.0	216.0	0.0
19	11	712.5	561.5	4.0	0.0	4.0	0.0	280.0	0.0	280.0	0.0
19	38	1262.5	1267.5	4.0	0.0	4.0	0.0	172.0	0.0	172.0	0.0
19	43	2089.5	1386.486111111111	4.0	2.0	4.0	0.0	288.0	8.0	280.0	0.0
19	47	1806.7066402378596	1562.7125867195243	9.0	4.0	7.0	6.0	1009.0	168.0	81.0	760.0
19	61	776.5	1783.490909090909	4.0	0.0	4.0	2.0	220.0	0.0	216.0	4.0
20	0	95.5	0.5	4.0	0.0	4.0	0.0	352.0	0.0	352.0	0.0
20	9	2112.7130203720108	298.71302037201065	9.0	4.0	7.0	4.0	1129.0	192.0	97.0	840.0
20	11	1263.5	494.5	4.0	0.0	4.0	0.0	364.0	0.0	364.0	0.0
20	17	1984.69220246238	572.6908344733242	9.0	4.0	7.0	4.0	731.0	116.0	50.0	564.0
20	21	945.5	952.5	4.0	0.0	4.0	0.0	244.0	0.0	244.0	0.0
20	24	1127.590281612369	1032.4030922142465	18.0	12.0	17.0	8.0	1811.0	364.0	699.0	748.0
20	34	2268.513586956521	1314.2853260869565	6.0	1.0	5.0	4.0	368.0	8.0	87.0	272.0
20	36	1685.5	1322.5	4.0	0.0	4.0	0.0	244.0	0.0	244.0	0.0
20	38	701.2644178454842	1358.1240478781283	9.0	6.0	7.0	4.0	919.0	314.0	429.0	176.0
20	41	1507.5	1380.235294117647	6.0	4.0	4.0	0.0	272.0	72.0	200.0	0.0
20	53	461.5	1628.5	4.0	0.0	4.0	0.0	336.0	0.0	336.0	0.0
20	54	399.4935064935065	1686.5064935064936	4.0	0.0	4.0	0.0	77.0	0.0	77.0	0.0
20	55	2081.5	1700.5	4.0	0.0	4.0	0.0	152.0	0.0	152.0	0.0
20	56	1710.7179125528914	1704.700282087447	11.0	4.0	10.0	4.0	1418.0	244.0	154.0	1020.0
20	57	496.5	1731.5142857142855	4.0	0.0	4.0	2.0	140.0	0.0	136.0	4.0
20	58	1819.5	1732.5	4.0	0.0	4.0	0.0	204.0	0.0	204.0	0.0
21	0	95.5	0.5	4.0	0.0	4.0	0.0	352.0	0.0	352.0	0.0
21	9	2112.7130203720108	298.71302037201065	9.0	4.0	7.0	4.0	1129.0	192.0	97.0	840.0
21	11	1263.5	494.5	4.0	0.0	4.0	0.0	364.0	0.0	364.0	0.0
21	17	1984.69220246238	572.6908344733242	9.0	4.0	7.0	4.0	731.0	116.0	50.0	564.0
21	21	945.5	952.5	4.0	0.0	4.0	0.0	244.0	0.0	244.0	0.0
21	24	1127.590281612369	1032.4030922142465	18.0	12.0	17.0	8.0	1811.0	364.0	699.0	748.0
21	34	2268.513586956521	1314.2853260869565	6.0	1.0	5.0	4.0	368.0	8.0	87.0	272.0
21	36	1685.5	1322.5	4.0	0.0	4.0	0.0	244.0	0.0	244.0	0.0
21	38	701.2644178454842	1358.1240478781283	9.0	6.0	7.0	4.0	919.0	314.0	429.0	176.0
21	41	1507.5	1380.235294117647	6.0	4.0	4.0	0.0	272.0	72.0	200.0	0.0
21	53	461.5	1628.5	4.0	0.0	4.0	0.0	336.0	0.0	336.0	0.0
21	54	399.4935064935065	1686.5064935064936	4.0	0.0	4.0	0.0	77.0	0.0	77.0	0.0
21	55	2081.5	1700.5	4.0	0.0	4.0	0.0	152.0	0.0	152.0	0.0
21	56	1710.7179125528914	1704.700282087447	11.0	4.0	10.0	4.0	1418.0	244.0	154.0	1020.0
21	57	496.5	1731.5142857142855	4.0	0.0	4.0	2.0	140.0	0.0	136.0	4.0
21	58	1819.5	1732.5	4.0	0.0	4.0	0.0	204.0	0.0	204.0	0.0
22	7	1024.5	421.5212765957447	4.0	0.0	4.0	2.0	188.0	0.0	180.0	8.0
22	24	170.7031070195627	980.7031070195628	9.0	4.0	7.0	4.0	869.0	144.0	65.0	660.0
22	35	1138.5	1267.5	4.0	0.0	4.0	0.0	172.0	0.0	172.0	0.0
22	41	1026.502564102564	1395.8461538461538	6.0	1.0	4.0	4.0	390.0	2.0	256.0	132.0
22	42	1296.5159705159706	1402.2678132678134	6.0	1.0	5.0	4.0	407.0	9.0	105.0	292.0
22	47	1339.5	1478.5	4.0	0.0	4.0	0.0	336.0	0.0	336.0	0.0
22	73	1078.5	1829.5	4.0	0.0	4.0	0.0	300.0	0.0	300.0	0.0
22	78	1884.7091273821463	1906.7091273821463	9.0	4.0	7.0	4.0	997.0	168.0	81.0	748.0
23	4	1904.5	361.5	4.0	0.0	4.0	0.0	204.0	0.0	204.0	0.0
23	22	1573.4938271604938	980.5	4.0	0.0	4.0	2.0	324.0	0.0	320.0	4.0
23	27	2360.514534883721	1140.3517441860463	6.0	1.0	5.0	4.0	344.0	8.0	59.0	276.0
23	29	1793.5	1230.5	4.0	0.0	4.0	0.0	328.0	0.0	328.0	0.0
23	41	962.5	1685.5	4.0	0.0	4.0	0.0	172.0	0.0	172.0	0.0
23	43	638.6920583468395	1698.6053484602917	11.0	4.0	10.0	6.0	1234.0	188.0	210.0	836.0
23	50	1056.71226831421	1836.71226831421	9.0	4.0	7.0	4.0	1133.0	192.0	97.0	844.0
24	15	1953.5	742.5	4.0	0.0	4.0	0.0	276.0	0.0	276.0	0.0
24	19	1841.5	844.5	4.0	0.0	4.0	0.0	236.0	0.0	236.0	0.0
24	38	39.5	1336.5	4.0	0.0	4.0	0.0	204.0	0.0	204.0	0.0
24	53	440.569536423841	1680.373068432671	8.0	3.0	5.0	4.0	453.0	33.0	93.0	324.0
24	54	63.5	1700.5	4.0	0.0	4.0	0.0	136.0	0.0	136.0	0.0
24	57	872.5	1753.5	4.0	0.0	4.0	0.0	244.0	0.0	244.0	0.0
24	58	2100.5	1753.5	4.0	0.0	4.0	0.0	236.0	0.0	236.0	0.0
24	68	556.5	1865.5	4.0	0.0	4.0	0.0	264.0	0.0	264.0	0.0
24	69	1284.6951379763468	1870.6951379763468	9.0	4.0	7.0	4.0	761.0	124.0	49.0	588.0
24	72	867.5	1916.5095541401276	4.0	2.0	4.0	0.0	314.0	6.0	308.0	0.0
25	15	1953.5	742.5	4.0	0.0	4.0	0.0	276.0	0.0	276.0	0.0
25	19	1841.5	844.5	4.0	0.0	4.0	0.0	236.0	0.0	236.0	0.0
25	38	39.5	1336.5	4.0	0.0	4.0	0.0	204.0	0.0	204.0	0.0
25	53	440.569536423841	1680.373068432671	8.0	3.0	5.0	4.0	453.0	33.0	93.0	324.0
25	54	63.5	1700.5	4.0	0.0	4.0	0.0	136.0	0.0	136.0	0.0
25	57	872.5	1753.5	4.0	0.0	4.0	0.0	244.0	0.0	244.0	0.0
25	58	2100.5	1753.5	4.0	0.0	4.0	0.0	236.0	0.0	236.0	0.0
25	68	556.5	1865.5	4.0	0.0	4.0	0.0	264.0	0.0	264.0	0.0
25	69	1284.6951379763468	1870.6951379763468	9.0	4.0	7.0	4.0	761.0	124.0	49.0	588.0
25	72	867.5	1916.5095541401276	4.0	2.0	4.0	0.0	314.0	6.0	308.0	0.0
26	7	95.76506024096386	426.3192771084337	9.0	4.0	7.0	0.0	332.0	148.0	184.0	0.0
26	20	1058.4878048780488	859.5121951219512	4.0	0.0	4.0	0.0	41.0	0.0	41.0	0.0
26	38	2230.700340522134	1322.7071509648126	9.0	4.0	7.0	6.0	881.0	144.0	65.0	672.0
26	39	157.4972375690608	1358.5027624309391	4.0	0.0	4.0	0.0	181.0	0.0	181.0	0.0
26	42	2296.5	1381.5646258503402	4.0	0.0	4.0	2.0	294.0	0.0	256.0	38.0
26	76	1638.6984126984128	2008.6996336996335	9.0	4.0	7.0	4.0	819.0	132.0	58.0	628.0
27	5	8.492307692307692	439.5076923076923	4.0	0.0	4.0	0.0	65.0	0.0	65.0	0.0
27	9	1399.5	680.5	4.0	0.0	4.0	0.0	172.0	0.0	172.0	0.0
27	19	66.5	1011.5514705882352	4.0	0.0	4.0	2.0	272.0	0.0	244.0	28.0
27	32	1831.5	1298.5	4.0	0.0	4.0	0.0	264.0	0.0	264.0	0.0
27	40	532.6335697399527	1516.5697399527187	9.0	4.0	5.0	4.0	423.0	52.0	31.0	336.0
27	48	2318.5	1711.5	4.0	0.0	4.0	0.0	248.0	0.0	248.0	0.0
27	64	2216.5	2009.5	4.0	0.0	4.0	0.0	180.0	0.0	180.0	0.0
27	67	84.70677451971689	2016.7067745197169	9.0	4.0	7.0	4.0	989.0	164.0	81.0	744.0
28	18	2157.5	486.5	4.0	0.0	4.0	0.0	296.0	0.0	296.0	0.0
28	24	1652.5	687.5	4.0	0.0	4.0	0.0	180.0	0.0	180.0	0.0
28	53	2197.4882352941177	1354.5	4.0	0.0	4.0	2.0	340.0	0.0	332.0	8.0
28	58	2075.494318181818	1486.5	4.0	0.0	4.0	2.0	352.0	0.0	348.0	4.0
28	80	689.5	1818.5	4.0	0.0	4.0	0.0	236.0	0.0	236.0	0.0
28	81	1012.5135951661632	1836.356495468278	6.0	1.0	5.0	4.0	331.0	7.0	55.0	268.0
29	18	2157.5	486.5	4.0	0.0	4.0	0.0	296.0	0.0	296.0	0.0
29	24	1652.5	687.5	4.0	0.0	4.0	0.0	180.0	0.0	180.0	0.0
29	53	2197.4882352941177	1354.5	4.0	0.0	4.0	2.0	340.0	0.0	332.0	8.0
29	58	2075.494318181818	1486.5	4.0	0.0	4.0	2.0	352.0	0.0	348.0	4.0
29	80	689.5	1818.5	4.0	0.0	4.0	0.0	236.0	0.0	236.0	0.0
29	81	1012.5135951661632	1836.356495468278	6.0	1.0	5.0	4.0	331.0	7.0	55.0	268.0
30	4	1023.5	306.5	4.0	0.0	4.0	0.0	236.0	0.0	236.0	0.0
30	13	1510.5106382978724	654.1229314420804	6.0	1.0	5.0	4.0	423.0	7.0	167.0	248.0
30	14	1576.5	687.5	4.0	0.0	4.0	0.0	280.0	0.0	280.0	0.0
30	17	1458.5	757.5	4.0	0.0	4.0	0.0	172.0	0.0	172.0	0.0
30	18	170.7012542759407	760.7012542759408	9.0	4.0	7.0	4.0	877.0	144.0	65.0	668.0
30	19	116.5	773.5034965034965	4.0	0.0	4.0	0.0	286.0	0.0	284.0	0.0
30	21	1614.7115215479332	842.716798592788	9.0	4.0	7.0	6.0	1137.0	192.0	97.0	848.0
30	22	104.6953642384106	880.6953642384105	9.0	4.0	7.0	5.0	755.0	120.0	49.0	586.0
30	27	78.57591623036649	1040.4685863874345	8.0	3.0	5.0	6.0	382.0	30.0	33.0	316.0
30	29	348.68188512518407	1046.6818851251842	7.0	4.0	5.0	4.0	679.0	108.0	31.0	540.0
30	33	1699.5	1136.5	4.0	0.0	4.0	0.0	328.0	0.0	328.0	0.0
30	35	422.5	1141.5	4.0	0.0	4.0	0.0	328.0	0.0	328.0	0.0
30	42	2268.706774519717	1270.7067745197169	9.0	4.0	7.0	4.0	989.0	164.0	81.0	744.0
30	53	46.5	1485.5	4.0	0.0	4.0	0.0	236.0	0.0	236.0	0.0
30	54	576.5	1489.532894736842	4.0	0.0	4.0	2.0	304.0	0.0	284.0	20.0
30	66	445.5	1744.5	4.0	0.0	4.0	0.0	288.0	0.0	288.0	0.0
30	74	711.5	1856.5	4.0	0.0	4.0	0.0	172.0	0.0	172.0	0.0
30	79	1138.5	1975.5	4.0	0.0	4.0	0.0	332.0	0.0	332.0	0.0
31	12	820.5	729.5	4.0	0.0	4.0	0.0	284.0	0.0	284.0	0.0
31	20	2204.721464465183	868.7214644651831	9.0	4.0	7.0	4.0	1393.0	244.0	129.0	1020.0
31	23	474.5	897.5059523809524	4.0	0.0	4.0	2.0	336.0	0.0	332.0	4.0
31	24	751.5121107266436	901.787197231834	6.0	4.0	4.0	2.0	578.0	412.0	152.0	14.0
31	42	1003.5	1376.5	4.0	0.0	4.0	0.0	332.0	0.0	332.0	0.0
31	52	684.6840536512668	1636.6840536512668	7.0	4.0	5.0	4.0	671.0	108.0	31.0	532.0
31	63	2074.713777777778	1886.7137777777775	9.0	4.0	7.0	4.0	1125.0	192.0	97.0	836.0
31	68	561.5	1940.5	4.0	0.0	4.0	0.0	200.0	0.0	200.0	0.0
31	69	1119.5	1940.5	4.0	0.0	4.0	0.0	264.0	0.0	264.0	0.0
31	72	2324.5770171149143	1956.4572127139363	8.0	3.0	5.0	4.0	409.0	33.0	53.0	320.0
31	78	2361.5	2012.5	4.0	0.0	4.0	0.0	204.0	0.0	204.0	0.0
32	26	1866.716317991632	946.7138075313808	9.0	4.0	7.0	4.0	1195.0	204.0	105.0	884.0
32	34	1128.5	1157.5	4.0	0.0	4.0	0.0	364.0	0.0	364.0	0.0
32	56	1558.5	1721.5098039215686	4.0	0.0	4.0	2.0	204.0	0.0	200.0	4.0
32	68	580.7021764032073	1856.7021764032077	9.0	4.0	7.0	4.0	873.0	144.0	65.0	664.0
32	72	790.5	1911.493055555556	4.0	0.0	4.0	2.0	288.0	0.0	284.0	4.0
32	77	2074.5	1971.5	4.0	0.0	4.0	0.0	272.0	0.0	272.0	0.0
33	26	1866.716317991632	946.7138075313808	9.0	4.0	7.0	4.0	1195.0	204.0	105.0	884.0
33	34	1128.5	1157.5	4.0	0.0	4.0	0.0	364.0	0.0	364.0	0.0
33	56	1558.5	1721.5098039215686	4.0	0.0	4.0	2.0	204.0	0.0	200.0	4.0
33	68	580.7021764032073	1856.7021764032077	9.0	4.0	7.0	4.0	873.0	144.0	65.0	664.0
33	72	790.5	1911.493055555556	4.0	0.0	4.0	2.0	288.0	0.0	284.0	4.0
33	77	2074.5	1971.5	4.0	0.0	4.0	0.0	272.0	0.0	272.0	0.0
34	18	909.5	756.5	4.0	0.0	4.0	0.0	280.0	0.0	280.0	0.0
34	21	437.5031055900621	848.4968944099379	4.0	0.0	4.0	0.0	161.0	0.0	161.0	0.0
34	30	338.5	1143.5	4.0	0.0	4.0	0.0	216.0	0.0	216.0	0.0
34	32	2167.5	1300.5	4.0	0.0	4.0	0.0	72.0	0.0	72.0	0.0
35	27	320.5	1217.5	4.0	0.0	4.0	0.0	284.0	0.0	284.0	0.0
35	33	50.50299401197605	1445.8922155688622	6.0	1.0	4.0	4.0	334.0	2.0	204.0	128.0
35	34	2015.5	1460.5	4.0	0.0	4.0	0.0	340.0	0.0	340.0	0.0
35	48	1933.5	1722.5	4.0	0.0	4.0	0.0	276.0	0.0	276.0	0.0
35	57	1006.5131578947368	1942.2710526315789	6.0	1.0	5.0	4.0	380.0	8.0	95.0	276.0
36	11	410.5	683.5142857142857	4.0	0.0	4.0	2.0	140.0	0.0	136.0	4.0
36	27	240.5	1109.508064516129	4.0	0.0	4.0	2.0	248.0	0.0	244.0	4.0
36	31	728.5	1237.5	4.0	0.0	4.0	0.0	344.0	0.0	344.0	0.0
36	39	490.50931677018633	1418.0538302277432	6.0	1.0	5.0	4.0	483.0	7.0	223.0	252.0
36	40	1562.5	1427.5071428571428	4.0	0.0	4.0	2.0	280.0	0.0	276.0	4.0
36	64	1020.5032119914348	1797.9122055674518	6.0	1.0	4.0	4.0	467.0	3.0	276.0	188.0
36	66	553.5	1818.5	4.0	0.0	4.0	0.0	180.0	0.0	180.0	0.0
36	72	1712.498480243161	1905.498480243161	4.0	0.0	4.0	0.0	329.0	0.0	329.0	0.0
36	81	1274.6678635547576	1988.666068222621	7.0	4.0	5.0	4.0	557.0	84.0	20.0	452.0
37	11	410.5	683.5142857142857	4.0	0.0	4.0	2.0	140.0	0.0	136.0	4.0
37	27	240.5	1109.508064516129	4.0	0.0	4.0	2.0	248.0	0.0	244.0	4.0
37	31	728.5	1237.5	4.0	0.0	4.0	0.0	344.0	0.0	344.0	0.0
37	39	490.50931677018633	1418.0538302277432	6.0	1.0	5.0	4.0	483.0	7.0	223.0	252.0
37	40	1562.5	1427.5071428571428	4.0	0.0	4.0	2.0	280.0	0.0	276.0	4.0
37	64	1020.5032119914348	1797.9122055674518	6.0	1.0	4.0	4.0	467.0	3.0	276.0	188.0
37	66	553.5	1818.5	4.0	0.0	4.0	0.0	180.0	0.0	180.0	0.0
37	72	1712.498480243161	1905.498480243161	4.0	0.0	4.0	0.0	329.0	0.0	329.0	0.0
37	81	1274.6678635547576	1988.666068222621	7.0	4.0	5.0	4.0	557.0	84.0	20.0	452.0
38	34	200.6414342629482	1240.5597609561753	9.0	4.0	8.0	4.0	502.0	64.0	54.0	384.0
38	39	1558.6745843230403	1278.5593824228029	11.0	4.0	10.0	5.0	842.0	116.0	146.0	580.0
38	44	1831.5	1384.5	4.0	0.0	4.0	0.0	328.0	0.0	328.0	0.0
38	45	1905.5	1394.5	4.0	0.0	4.0	0.0	280.0	0.0	280.0	0.0
38	48	431.5	1484.5	4.0	0.0	4.0	0.0	320.0	0.0	320.0	0.0
38	53	498.7124887690925	1582.7124887690925	9.0	4.0	7.0	4.0	1113.0	188.0	97.0	828.0
38	63	1260.5	1751.5060975609756	4.0	0.0	4.0	2.0	328.0	0.0	324.0	4.0
38	67	2012.513119533528	1876.3265306122448	6.0	1.0	5.0	4.0	343.0	7.0	67.0	268.0
38	72	1742.5026737967914	1926.7994652406417	6.0	0.0	4.0	4.0	374.0	0.0	113.0	260.0
38	79	736.5	2046.0	6.0	0.0	6.0	0.0	276.0	0.0	276.0	0.0
39	8	770.7161825726141	308.7161825726141	9.0	4.0	7.0	4.0	1205.0	208.0	105.0	892.0
39	10	1054.5	431.5	4.0	0.0	4.0	0.0	184.0	0.0	184.0	0.0
39	14	908.3739130434784	556.104347826087	5.0	0.0	4.0	3.0	115.0	0.0	33.0	81.0
39	15	1691.5094339622642	573.7452830188679	6.0	4.0	4.0	2.0	318.0	240.0	72.0	6.0
39	32	1780.5	1207.5	4.0	0.0	4.0	0.0	72.0	0.0	72.0	0.0
39	51	1774.5	1549.5	4.0	0.0	4.0	0.0	152.0	0.0	152.0	0.0
39	60	1018.5	1705.5	4.0	0.0	4.0	0.0	288.0	0.0	288.0	0.0
39	79	457.5	1944.5	4.0	0.0	4.0	0.0	152.0	0.0	152.0	0.0
40	8	945.5	312.5	4.0	0.0	4.0	0.0	272.0	0.0	272.0	0.0
40	14	320.50230414746545	700.7488479262673	6.0	0.0	4.0	4.0	434.0	0.0	109.0	324.0
40	34	1991.5	1150.5	4.0	0.0	4.0	0.0	216.0	0.0	216.0	0.0
40	36	1468.711727842435	1216.711727842435	9.0	4.0	7.0	4.0	1117.0	188.0	97.0	832.0
40	37	2074.5	1231.5	4.0	0.0	4.0	0.0	284.0	0.0	284.0	0.0
40	38	1524.721464465183	1236.721464465183	9.0	4.0	7.0	4.0	1393.0	244.0	129.0	1020.0
40	40	2129.5	1302.5384615384614	4.0	2.0	4.0	0.0	78.0	6.0	72.0	0.0
40	45	576.5048678720445	1446.8901251738523	6.0	0.0	5.0	4.0	719.0	0.0	287.0	432.0
40	47	1768.5	1525.5	4.0	0.0	4.0	0.0	272.0	0.0	272.0	0.0
40	53	1180.7142857142858	1588.7142857142858	9.0	4.0	7.0	4.0	1141.0	196.0	97.0	848.0
40	57	331.5	1646.5	4.0	0.0	4.0	0.0	152.0	0.0	152.0	0.0
40	75	1943.5	1922.26	6.0	4.0	4.0	0.0	200.0	48.0	152.0	0.0
41	8	945.5	312.5	4.0	0.0	4.0	0.0	272.0	0.0	272.0	0.0
41	14	320.50230414746545	700.7488479262673	6.0	0.0	4.0	4.0	434.0	0.0	109.0	324.0
41	34	1991.5	1150.5	4.0	0.0	4.0	0.0	216.0	0.0	216.0	0.0
41	36	1468.711727842435	1216.711727842435	9.0	4.0	7.0	4.0	1117.0	188.0	97.0	832.0
41	37	2074.5	1231.5	4.0	0.0	4.0	0.0	284.0	0.0	284.0	0.0
41	38	1524.721464465183	1236.721464465183	9.0	4.0	7.0	4.0	1393.0	244.0	129.0	1020.0
41	40	2129.5	1302.5384615384614	4.0	2.0	4.0	0.0	78.0	6.0	72.0	0.0
41	45	576.5048678720445	1446.8901251738523	6.0	0.0	5.0	4.0	719.0	0.0	287.0	432.0
41	47	1768.5	1525.5	4.0	0.0	4.0	0.0	272.0	0.0	272.0	0.0
41	53	1180.7142857142858	1588.7142857142858	9.0	4.0	7.0	4.0	1141.0	196.0	97.0	848.0
41	57	331.5	1646.5	4.0	0.0	4.0	0.0	152.0	0.0	152.0	0.0
41	75	1943.5	1922.26	6.0	4.0	4.0	0.0	200.0	48.0	152.0	0.0
42	9	839.5	506.5	4.0	0.0	4.0	0.0	280.0	0.0	280.0	0.0
42	17	1563.5	652.5	4.0	0.0	4.0	0.0	136.0	0.0	136.0	0.0
42	25	2029.5	926.5	4.0	0.0	4.0	0.0	324.0	0.0	324.0	0.0
42	37	976.5	1277.5106382978724	4.0	0.0	4.0	2.0	188.0	0.0	184.0	4.0
42	49	2177.502824858757	1568.1638418079096	6.0	4.0	4.0	1.0	354.0	116.0	236.0	2.0
42	60	1840.8470290771177	1828.6371681415928	8.0	4.0	6.0	4.0	791.0	96.0	191.0	504.0
42	67	1037.5	1986.0384615384612	6.0	4.0	4.0	0.0	520.0	240.0	280.0	0.0
43	7	1890.7041619797528	468.7041619797525	9.0	4.0	7.0	4.0	889.0	144.0	72.0	672.0
43	8	1613.5	668.5	4.0	0.0	4.0	0.0	288.0	0.0	288.0	0.0
43	11	2225.5	756.4623655913979	4.0	2.0	4.0	0.0	186.0	14.0	172.0	0.0
43	25	1522.5	1231.5	4.0	0.0	4.0	0.0	348.0	0.0	348.0	0.0
43	31	878.5	1339.5	4.0	0.0	4.0	0.0	264.0	0.0	264.0	0.0
43	50	1328.512676056338	1638.2535211267605	6.0	1.0	5.0	4.0	355.0	7.0	95.0	252.0
43	60	1141.5	1840.5	4.0	0.0	4.0	0.0	256.0	0.0	256.0	0.0
43	61	109.5045871559633	1898.5045871559632	4.0	0.0	4.0	0.0	218.0	0.0	218.0	0.0
44	13	1589.5035971223022	678.2302158273382	6.0	4.0	4.0	1.0	278.0	72.0	204.0	2.0
44	38	264.7117278424351	1416.711727842435	9.0	4.0	7.0	4.0	1117.0	188.0	97.0	832.0
44	44	1102.682962962963	1534.682962962963	7.0	4.0	5.0	4.0	675.0	108.0	31.0	536.0
44	47	2058.5030674846626	1634.7331288343555	6.0	0.0	4.0	4.0	326.0	0.0	77.0	248.0
44	51	1666.5	1687.5	4.0	0.0	4.0	0.0	236.0	0.0	236.0	0.0
44	52	599.1370558375635	1691.502538071066	6.0	4.0	4.0	0.0	197.0	124.0	72.0	0.0
44	53	305.5	1696.5	4.0	0.0	4.0	0.0	300.0	0.0	300.0	0.0
44	59	695.5	1750.5	4.0	0.0	4.0	0.0	184.0	0.0	184.0	0.0
44	60	1390.57	1752.66	9.0	6.0	8.0	4.0	700.0	106.0	90.0	504.0
44	76	796.6846715328467	2036.6846715328468	7.0	4.0	5.0	5.0	685.0	108.0	31.0	546.0
44	77	1422.744022503516	2044.8677918424755	9.0	6.0	6.0	4.0	711.0	156.0	35.0	520.0
44	78	1692.5	2046.0	6.0	0.0	6.0	0.0	126.0	0.0	126.0	0.0
45	13	1589.5035971223022	678.2302158273382	6.0	4.0	4.0	1.0	278.0	72.0	204.0	2.0
45	38	264.7117278424351	1416.711727842435	9.0	4.0	7.0	4.0	1117.0	188.0	97.0	832.0
45	44	1102.682962962963	1534.682962962963	7.0	4.0	5.0	4.0	675.0	108.0	31.0	536.0
45	47	2058.5030674846626	1634.7331288343555	6.0	0.0	4.0	4.0	326.0	0.0	77.0	248.0
45	51	1666.5	1687.5	4.0	0.0	4.0	0.0	236.0	0.0	236.0	0.0
45	52	599.1370558375635	1691.502538071066	6.0	4.0	4.0	0.0	197.0	124.0	72.0	0.0
45	53	305.5	1696.5	4.0	0.0	4.0	0.0	300.0	0.0	300.0	0.0
45	59	695.5	1750.5	4.0	0.0	4.0	0.0	184.0	0.0	184.0	0.0
45	60	1390.57	1752.66	9.0	6.0	8.0	4.0	700.0	106.0	90.0	504.0
45	76	796.6846715328467	2036.6846715328468	7.0	4.0	5.0	5.0	685.0	108.0	31.0	546.0
45	77	1422.744022503516	2044.8677918424755	9.0	6.0	6.0	4.0	711.0	156.0	35.0	520.0
45	78	1692.5	2046.0	6.0	0.0	6.0	0.0	126.0	0.0	126.0	0.0
46	20	2283.5	986.5	4.0	0.0	4.0	0.0	236.0	0.0	236.0	0.0
46	33	1459.5	1384.5	4.0	0.0	4.0	0.0	244.0	0.0	244.0	0.0
46	57	764.7137777777778	1840.7137777777775	9.0	4.0	7.0	4.0	1125.0	192.0	97.0	836.0
46	61	1546.5	1867.5	4.0	0.0	4.0	0.0	216.0	0.0	216.0	0.0
47	31	2298.5	1093.5	4.0	0.0	4.0	0.0	72.0	0.0	72.0	0.0
47	32	1962.7087062652563	1138.672904800651	11.0	4.0	10.0	4.0	1229.0	204.0	149.0	876.0
47	37	1640.554258241758	1366.6847527472528	11.0	6.0	10.0	4.0	1456.0	234.0	298.0	924.0
47	47	450.5	1607.5	4.0	0.0	4.0	0.0	152.0	0.0	152.0	0.0
47	61	1746.5	1853.5	4.0	0.0	4.0	0.0	236.0	0.0	236.0	0.0
47	70	2310.455314009662	2041.340579710145	12.0	9.0	8.0	8.0	828.0	175.0	27.0	624.0
48	14	346.5	467.5	4.0	0.0	4.0	0.0	136.0	0.0	136.0	0.0
48	15	1662.5	479.5	4.0	0.0	4.0	0.0	248.0	0.0	248.0	0.0
48	28	1776.6779911373708	1062.695716395864	8.0	4.0	6.0	4.0	677.0	108.0	37.0	532.0
48	37	1996.681885125184	1338.6818851251842	7.0	4.0	5.0	4.0	679.0	108.0	31.0	540.0
48	38	785.5	1408.5	4.0	0.0	4.0	0.0	136.0	0.0	136.0	0.0
48	45	234.68081991215223	1678.6808199121522	7.0	4.0	5.0	4.0	683.0	108.0	31.0	544.0
48	55	1426.6926229508197	1868.6618852459017	11.0	6.0	10.0	4.0	976.0	166.0	98.0	712.0
49	14	346.5	467.5	4.0	0.0	4.0	0.0	136.0	0.0	136.0	0.0
49	15	1662.5	479.5	4.0	0.0	4.0	0.0	248.0	0.0	248.0	0.0
49	28	1776.6779911373708	1062.695716395864	8.0	4.0	6.0	4.0	677.0	108.0	37.0	532.0
49	37	1996.681885125184	1338.6818851251842	7.0	4.0	5.0	4.0	679.0	108.0	31.0	540.0
49	38	785.5	1408.5	4.0	0.0	4.0	0.0	136.0	0.0	136.0	0.0
49	45	234.68081991215223	1678.6808199121522	7.0	4.0	5.0	4.0	683.0	108.0	31.0	544.0
49	55	1426.6926229508197	1868.6618852459017	11.0	6.0	10.0	4.0	976.0	166.0	98.0	712.0
50	8	1717.5	608.5	4.0	0.0	4.0	0.0	172.0	0.0	172.0	0.0
50	9	1806.5023474178404	611.8075117370892	6.0	1.0	4.0	6.0	426.0	2.0	284.0	140.0
50	19	2372.5525423728814	1019.7593220338985	5.0	0.0	4.0	3.0	295.0	0.0	204.0	90.0
50	20	1768.1138461538462	1028.876923076923	11.0	4.0	9.0	6.0	650.0	68.0	174.0	408.0
50	31	1636.5	1237.5	4.0	0.0	4.0	0.0	280.0	0.0	280.0	0.0
50	32	1752.7178881008667	1248.7178881008667	9.0	4.0	7.0	4.0	1269.0	220.0	113.0	936.0
50	44	25.5	1472.5	4.0	0.0	4.0	0.0	276.0	0.0	276.0	0.0
50	57	452.5	1641.5967741935483	4.0	0.0	4.0	2.0	248.0	0.0	200.0	48.0
50	79	584.5	1989.5	4.0	0.0	4.0	0.0	136.0	0.0	136.0	0.0
51	6	1682.625	262.55528846153845	9.0	4.0	5.0	4.0	416.0	48.0	33.0	332.0
51	7	1422.7027027027027	274.7027027027027	9.0	4.0	7.0	4.0	888.0	144.0	72.0	672.0
51	8	602.5137614678899	332.3669724770642	6.0	1.0	5.0	4.0	327.0	7.0	51.0	268.0
51	9	735.5	418.5	4.0	0.0	4.0	0.0	256.0	0.0	256.0	0.0
51	10	258.33081444164566	420.9504617968094	13.0	8.0	10.0	8.0	1191.0	472.0	105.0	614.0
51	11	530.7031070195627	440.7031070195627	9.0	4.0	7.0	4.0	869.0	144.0	65.0	660.0
51	31	788.5	995.5	4.0	0.0	4.0	0.0	184.0	0.0	184.0	0.0
51	34	2033.4941176470588	1028.5	4.0	0.0	4.0	2.0	340.0	0.0	336.0	4.0
51	42	2002.5142857142855	1200.3678571428572	6.0	1.0	4.0	4.0	280.0	6.0	41.0	232.0
51	50	1426.6490384615386	1474.4651442307693	9.0	4.0	8.0	4.0	832.0	108.0	184.0	540.0
51	51	390.5	1477.5	4.0	0.0	4.0	0.0	256.0	0.0	256.0	0.0
51	52	2429.5	1492.5	4.0	0.0	4.0	0.0	244.0	0.0	244.0	0.0
51	55	924.6840536512668	1542.6840536512668	7.0	4.0	5.0	4.0	671.0	108.0	31.0	532.0
51	79	339.491935483871	1878.5	4.0	0.0	4.0	2.0	248.0	0.0	244.0	4.0
52	6	2153.5	396.5	4.0	0.0	4.0	0.0	280.0	0.0	280.0	0.0
52	10	2170.6748251748254	590.513986013986	11.0	4.0	10.0	4.0	1144.0	160.0	264.0	720.0
52	20	365.5	966.5	4.0	0.0	4.0	0.0	152.0	0.0	152.0	0.0
52	29	1148.5	1251.605504587156	4.0	0.0	4.0	2.0	218.0	0.0	172.0	46.0
52	40	496.5024154589372	1500.9057971014493	6.0	0.0	4.0	4.0	414.0	0.0	169.0	244.0
52	62	1998.5	1831.5061728395065	4.0	0.0	4.0	2.0	324.0	0.0	320.0	4.0
52	67	2315.5	1900.5	4.0	0.0	4.0	0.0	184.0	0.0	184.0	0.0
52	73	1175.4942528735633	1976.5	4.0	0.0	4.0	2.0	348.0	0.0	344.0	4.0
53	6	2153.5	396.5	4.0	0.0	4.0	0.0	280.0	0.0	280.0	0.0
53	10	2170.6748251748254	590.513986013986	11.0	4.0	10.0	4.0	1144.0	160.0	264.0	720.0
53	20	365.5	966.5	4.0	0.0	4.0	0.0	152.0	0.0	152.0	0.0
53	29	1148.5	1251.605504587156	4.0	0.0	4.0	2.0	218.0	0.0	172.0	46.0
53	40	496.5024154589372	1500.9057971014493	6.0	0.0	4.0	4.0	414.0	0.0	169.0	244.0
53	62	1998.5	1831.5061728395065	4.0	0.0	4.0	2.0	324.0	0.0	320.0	4.0
53	67	2315.5	1900.5	4.0	0.0	4.0	0.0	184.0	0.0	184.0	0.0
53	73	1175.4942528735633	1976.5	4.0	0.0	4.0	2.0	348.0	0.0	344.0	4.0
54	9	522.5081081081081	426.06216216216217	6.0	1.0	4.0	4.0	370.0	4.0	165.0	200.0
54	13	2066.694117647058	614.6941176470589	9.0	4.0	7.0	4.0	765.0	124.0	49.0	592.0
54	15	1155.5	632.5	4.0	0.0	4.0	0.0	284.0	0.0	284.0	0.0
54	18	2087.5	714.5	4.0	0.0	4.0	0.0	152.0	0.0	152.0	0.0
54	30	742.5	1341.5	4.0	0.0	4.0	0.0	296.0	0.0	296.0	0.0
54	44	367.5	1604.5	4.0	0.0	4.0	0.0	380.0	0.0	380.0	0.0
54	52	1881.5	1840.5	4.0	0.0	4.0	0.0	296.0	0.0	296.0	0.0
55	5	1264.5	321.5	4.0	0.0	4.0	0.0	152.0	0.0	152.0	0.0
55	11	2383.5	590.5	4.0	0.0	4.0	0.0	276.0	0.0	276.0	0.0
55	15	424.6085192697769	738.3955375253549	9.0	4.0	5.0	4.0	493.0	48.0	109.0	332.0
55	22	1260.5	1105.5	4.0	0.0	4.0	0.0	300.0	0.0	300.0	0.0
55	25	265.5	1164.5	4.0	0.0	4.0	0.0	136.0	0.0	136.0	0.0
55	35	658.5	1409.55	4.0	0.0	4.0	2.0	80.0	0.0	72.0	8.0
55	36	1246.5	1437.5	4.0	0.0	4.0	0.0	280.0	0.0	280.0	0.0
55	42	1779.5	1520.5	4.0	0.0	4.0	0.0	332.0	0.0	332.0	0.0
55	51	2030.7137777777775	1728.7137777777778	9.0	4.0	7.0	4.0	1125.0	192.0	97.0	836.0
55	54	1670.6438679245282	1732.627358490566	7.0	4.0	6.0	5.0	424.0	52.0	22.0	350.0
55	56	2388.5	1763.5	4.0	0.0	4.0	0.0	136.0	0.0	136.0	0.0
55	76	1918.5	2031.5	4.0	0.0	4.0	0.0	300.0	0.0	300.0	0.0
56	4	834.4957264957264	135.51282051282053	4.0	0.0	4.0	2.0	117.0	0.0	113.0	4.0
56	11	1701.5	356.5	4.0	0.0	4.0	0.0	264.0	0.0	264.0	0.0
56	22	1769.086720867209	753.3523035230352	7.0	4.0	6.0	6.0	369.0	196.0	103.0	70.0
56	29	1790.5	969.5520833333334	4.0	0.0	4.0	2.0	192.0	0.0	172.0	20.0
56	30	2180.5	987.5	4.0	0.0	4.0	0.0	152.0	0.0	152.0	0.0
56	34	69.5	1046.5	4.0	0.0	4.0	0.0	368.0	0.0	368.0	0.0
56	41	1261.5	1206.2	6.0	4.0	4.0	0.0	400.0	120.0	280.0	0.0
56	57	862.5	1633.5	4.0	0.0	4.0	0.0	172.0	0.0	172.0	0.0
56	60	717.5	1694.5	4.0	0.0	4.0	0.0	200.0	0.0	200.0	0.0
56	63	726.5775401069519	1782.5	8.0	3.0	5.0	4.0	374.0	30.0	33.0	308.0
56	64	683.5	1782.5	4.0	0.0	4.0	0.0	172.0	0.0	172.0	0.0
56	77	301.5	1959.946043165468	6.0	4.0	4.0	0.0	556.0	308.0	248.0	0.0
57	4	834.4957264957264	135.51282051282053	4.0	0.0	4.0	2.0	117.0	0.0	113.0	4.0
57	11	1701.5	356.5	4.0	0.0	4.0	0.0	264.0	0.0	264.0	0.0
57	22	1769.086720867209	753.3523035230352	7.0	4.0	6.0	6.0	369.0	196.0	103.0	70.0
57	29	1790.5	969.5520833333334	4.0	0.0	4.0	2.0	192.0	0.0	172.0	20.0
57	30	2180.5	987.5	4.0	0.0	4.0	0.0	152.0	0.0	152.0	0.0
57	34	69.5	1046.5	4.0	0.0	4.0	0.0	368.0	0.0	368.0	0.0
57	41	1261.5	1206.2	6.0	4.0	4.0	0.0	400.0	120.0	280.0	0.0
57	57	862.5	1633.5	4.0	0.0	4.0	0.0	172.0	0.0	172.0	0.0
57	60	717.5	1694.5	4.0	0.0	4.0	0.0	200.0	0.0	200.0	0.0
57	63	726.5775401069519	1782.5	8.0	3.0	5.0	4.0	374.0	30.0	33.0	308.0
57	64	683.5	1782.5	4.0	0.0	4.0	0.0	172.0	0.0	172.0	0.0
57	77	301.5	1959.946043165468	6.0	4.0	4.0	0.0	556.0	308.0	248.0	0.0
58	5	902.5140388768898	298.1663066954644	6.0	1.0	5.0	4.0	463.0	9.0	165.0	288.0
58	17	799.5	892.5	4.0	0.0	4.0	0.0	284.0	0.0	284.0	0.0
58	20	936.5	917.5	4.0	0.0	4.0	0.0	216.0	0.0	216.0	0.0
58	27	256.5041782729805	1090.025069637883	6.0	1.0	4.0	4.0	359.0	3.0	172.0	184.0
58	35	91.5	1244.5	4.0	0.0	4.0	0.0	308.0	0.0	308.0	0.0
58	40	1252.5	1371.6136363636365	4.0	0.0	4.0	2.0	176.0	0.0	136.0	40.0
58	44	400.5	1409.4923076923078	4.0	0.0	4.0	2.0	260.0	0.0	256.0	4.0
58	50	631.5	1500.5	4.0	0.0	4.0	0.0	328.0	0.0	328.0	0.0
58	60	1428.5	1679.4931506849316	4.0	0.0	4.0	2.0	292.0	0.0	288.0	4.0
58	69	762.5	1837.5	4.0	0.0	4.0	0.0	72.0	0.0	72.0	0.0
59	13	648.5	659.5	4.0	0.0	4.0	0.0	236.0	0.0	236.0	0.0
59	23	2314.5	967.5	4.0	0.0	4.0	0.0	344.0	0.0	344.0	0.0
59	40	2017.5	1508.5	4.0	0.0	4.0	0.0	308.0	0.0	308.0	0.0
59	42	2313.5	1588.5	4.0	0.0	4.0	0.0	320.0	0.0	320.0	0.0
59	52	1883.5	1776.5	4.0	0.0	4.0	0.0	172.0	0.0	172.0	0.0
59	63	779.4848484848485	1982.5151515151515	4.0	0.0	4.0	0.0	33.0	0.0	33.0	0.0
60	13	648.5	659.5	4.0	0.0	4.0	0.0	236.0	0.0	236.0	0.0
60	23	2314.5	967.5	4.0	0.0	4.0	0.0	344.0	0.0	344.0	0.0
60	40	2017.5	1508.5	4.0	0.0	4.0	0.0	308.0	0.0	308.0	0.0
60	42	2313.5	1588.5	4.0	0.0	4.0	0.0	320.0	0.0	320.0	0.0
60	52	1883.5	1776.5	4.0	0.0	4.0	0.0	172.0	0.0	172.0	0.0
60	63	779.4848484848485	1982.5151515151515	4.0	0.0	4.0	0.0	33.0	0.0	33.0	0.0
61	33	2221.5	1406.4788732394366	4.0	2.0	4.0	0.0	142.0	6.0	136.0	0.0
61	37	456.6929238985314	1658.6929238985313	9.0	4.0	7.0	4.0	749.0	120.0	49.0	580.0
61	44	1812.5	1735.5	4.0	0.0	4.0	0.0	204.0	0.0	204.0	0.0
61	46	550.6977660972404	1792.6977660972404	9.0	4.0	7.0	8.0	761.0	120.0	49.0	592.0
61	49	2258.5	1895.5	4.0	0.0	4.0	0.0	72.0	0.0	72.0	0.0
62	54	1482.5	1573.5	4.0	0.0	4.0	0.0	236.0	0.0	236.0	0.0
62	65	72.5	1787.5	4.0	0.0	4.0	0.0	296.0	0.0	296.0	0.0
62	70	2442.5	1853.5	4.0	0.0	4.0	0.0	244.0	0.0	244.0	0.0
62	73	2276.9367741935484	1878.3606451612904	12.0	8.0	10.0	4.0	1550.0	416.0	438.0	696.0
63	26	638.4935064935065	1061.4545454545455	4.0	0.0	4.0	2.0	77.0	0.0	69.0	8.0
63	27	2081.4941860465115	1088.5	4.0	0.0	4.0	2.0	344.0	0.0	340.0	4.0
63	28	816.7035398230089	1090.703539823009	9.0	4.0	7.0	4.0	904.0	148.0	72.0	684.0
63	29	1155.4891304347825	1104.5	4.0	0.0	4.0	2.0	184.0	0.0	180.0	4.0
63	31	2271.336661120355	1177.8624514697726	13.0	8.0	4.0	8.0	1803.0	1068.0	180.0	552.0
63	32	1582.5	1211.5	4.0	0.0	4.0	0.0	384.0	0.0	384.0	0.0
63	37	876.5	1427.5059523809523	4.0	0.0	4.0	2.0	336.0	0.0	332.0	4.0
63	43	1773.5	1520.5	4.0	0.0	4.0	0.0	180.0	0.0	180.0	0.0
63	46	557.5	1598.036842105263	6.0	4.0	4.0	0.0	380.0	176.0	204.0	0.0
63	47	706.5	1615.5	4.0	0.0	4.0	0.0	200.0	0.0	200.0	0.0
63	54	377.5	1762.5	4.0	0.0	4.0	0.0	320.0	0.0	320.0	0.0
63	55	142.70912738214645	1796.7091273821463	9.0	4.0	7.0	4.0	997.0	168.0	81.0	748.0
63	58	1201.4971098265896	1825.8092485549128	6.0	4.0	4.0	0.0	346.0	240.0	106.0	0.0
63	59	469.5	1836.5	4.0	0.0	4.0	0.0	200.0	0.0	200.0	0.0
64	7	1553.5098039215686	382.0392156862745	6.0	4.0	4.0	0.0	102.0	48.0	54.0	0.0
64	15	1134.5	615.4736842105264	4.0	0.0	4.0	2.0	76.0	0.0	72.0	4.0
64	18	1934.7	684.6975308641976	9.0	4.0	7.0	4.0	810.0	132.0	58.0	620.0
64	26	418.6084828711256	858.3344208809135	9.0	4.0	8.0	4.0	613.0	60.0	181.0	372.0
64	33	2229.5	1040.5	4.0	0.0	4.0	0.0	244.0	0.0	244.0	0.0
64	47	196.7017543859649	1314.701754385965	9.0	4.0	7.0	4.0	912.0	148.0	72.0	692.0
64	54	1022.7157802964256	1402.7210113339145	9.0	4.0	7.0	7.0	1147.0	196.0	97.0	854.0
64	64	1924.65	1548.4875	9.0	4.0	8.0	7.0	720.0	92.0	134.0	494.0
64	67	1116.6641074856043	1620.662188099808	7.0	4.0	5.0	4.0	521.0	76.0	20.0	424.0
64	79	1932.5	1837.5526315789475	4.0	0.0	4.0	2.0	228.0	0.0	204.0	24.0
64	89	1115.5	1948.5	4.0	0.0	4.0	0.0	244.0	0.0	244.0	0.0
65	7	1553.5098039215686	382.0392156862745	6.0	4.0	4.0	0.0	102.0	48.0	54.0	0.0
65	15	1134.5	615.4736842105264	4.0	0.0	4.0	2.0	76.0	0.0	72.0	4.0
65	18	1934.7	684.6975308641976	9.0	4.0	7.0	4.0	810.0	132.0	58.0	620.0
65	26	418.6084828711256	858.3344208809135	9.0	4.0	8.0	4.0	613.0	60.0	181.0	372.0
65	33	2229.5	1040.5	4.0	0.0	4.0	0.0	244.0	0.0	244.0	0.0
65	47	196.7017543859649	1314.701754385965	9.0	4.0	7.0	4.0	912.0	148.0	72.0	692.0
65	54	1022.7157802964256	1402.7210113339145	9.0	4.0	7.0	7.0	1147.0	196.0	97.0	854.0
65	64	1924.65	1548.4875	9.0	4.0	8.0	7.0	720.0	92.0	134.0	494.0
65	67	1116.6641074856043	1620.662188099808	7.0	4.0	5.0	4.0	521.0	76.0	20.0	424.0
65	79	1932.5	1837.5526315789475	4.0	0.0	4.0	2.0	228.0	0.0	204.0	24.0
65	89	1115.5	1948.5	4.0	0.0	4.0	0.0	244.0	0.0	244.0	0.0
66	6	270.5	665.5	4.0	0.0	4.0	0.0	264.0	0.0	264.0	0.0
66	23	1009.5	1134.5	4.0	0.0	4.0	0.0	344.0	0.0	344.0	0.0
66	30	1533.5	1286.5	4.0	0.0	4.0	0.0	284.0	0.0	284.0	0.0
66	36	2080.5	1339.5	4.0	0.0	4.0	0.0	284.0	0.0	284.0	0.0
66	41	834.4972375690608	1453.4972375690609	4.0	0.0	4.0	0.0	181.0	0.0	181.0	0.0
66	46	2423.5	1574.5	4.0	0.0	4.0	0.0	284.0	0.0	284.0	0.0
66	51	568.5	1627.4916666666666	4.0	0.0	4.0	2.0	240.0	0.0	236.0	4.0
66	62	1478.5	1969.5	4.0	0.0	4.0	0.0	172.0	0.0	172.0	0.0
67	23	2248.7027027027025	1166.7027027027027	9.0	4.0	7.0	4.0	888.0	144.0	72.0	672.0
67	28	2240.5	1241.5	4.0	0.0	4.0	0.0	152.0	0.0	152.0	0.0
67	44	629.5	1622.1764705882354	6.0	4.0	4.0	0.0	272.0	88.0	184.0	0.0
67	56	2207.5	1774.55	4.0	2.0	4.0	0.0	80.0	8.0	72.0	0.0
67	62	1549.5	1934.5	4.0	0.0	4.0	0.0	72.0	0.0	72.0	0.0
68	14	555.0844155844156	694.1948051948052	12.0	8.0	10.0	4.0	1848.0	764.0	452.0	632.0
68	20	273.5	944.5251798561152	4.0	2.0	4.0	0.0	278.0	14.0	264.0	0.0
68	25	1878.5	1087.5	4.0	0.0	4.0	0.0	272.0	0.0	272.0	0.0
68	39	1389.5	1526.6601307189542	6.0	6.0	4.0	0.0	306.0	58.0	248.0	0.0
68	43	2123.502824858757	1646.502824858757	4.0	0.0	4.0	0.0	177.0	0.0	177.0	0.0
68	59	1879.508875739645	1791.7307692307693	6.0	4.0	4.0	2.0	338.0	260.0	72.0	6.0
68	63	2006.5	1939.5	4.0	0.0	4.0	0.0	248.0	0.0	248.0	0.0
68	66	877.5	1966.5	4.0	0.0	4.0	0.0	136.0	0.0	136.0	0.0
69	14	555.0844155844156	694.1948051948052	12.0	8.0	10.0	4.0	1848.0	764.0	452.0	632.0
69	20	273.5	944.5251798561152	4.0	2.0	4.0	0.0	278.0	14.0	264.0	0.0
69	25	1878.5	1087.5	4.0	0.0	4.0	0.0	272.0	0.0	272.0	0.0
69	39	1389.5	1526.6601307189542	6.0	6.0	4.0	0.0	306.0	58.0	248.0	0.0
69	43	2123.502824858757	1646.502824858757	4.0	0.0	4.0	0.0	177.0	0.0	177.0	0.0
69	59	1879.508875739645	1791.7307692307693	6.0	4.0	4.0	2.0	338.0	260.0	72.0	6.0
69	63	2006.5	1939.5	4.0	0.0	4.0	0.0	248.0	0.0	248.0	0.0
69	66	877.5	1966.5	4.0	0.0	4.0	0.0	136.0	0.0	136.0	0.0
70	0	712.6931359353971	12.69313593539704	9.0	4.0	7.0	5.0	743.0	116.0	49.0	578.0
70	11	273.5	426.5	4.0	0.0	4.0	0.0	72.0	0.0	72.0	0.0
70	15	1233.5	480.5	4.0	0.0	4.0	0.0	136.0	0.0	136.0	0.0
70	19	552.5	621.5	4.0	0.0	4.0	0.0	248.0	0.0	248.0	0.0
70	35	2148.5	1159.5	4.0	0.0	4.0	0.0	172.0	0.0	172.0	0.0
70	38	618.5168539325842	1220.501872659176	4.0	1.0	3.0	4.0	267.0	7.0	11.0	248.0
70	40	558.5	1253.5	4.0	0.0	4.0	0.0	272.0	0.0	272.0	0.0
70	45	1482.5	1391.5	4.0	0.0	4.0	0.0	72.0	0.0	72.0	0.0
70	48	2131.5	1476.117283950617	6.0	4.0	4.0	0.0	324.0	124.0	200.0	0.0
70	50	836.5	1587.5079365079366	4.0	0.0	4.0	2.0	252.0	0.0	248.0	4.0
70	60	1218.716182572614	1832.716182572614	9.0	4.0	7.0	4.0	1205.0	208.0	105.0	892.0
70	72	2248.5	2005.5	4.0	0.0	4.0	0.0	336.0	0.0	336.0	0.0
70	75	2170.5	2043.4791666666667	4.0	0.0	4.0	2.0	192.0	0.0	184.0	8.0
71	34	1736.504132231405	1404.030303030303	6.0	1.0	4.0	4.0	363.0	3.0	172.0	188.0
71	56	2087.5	1744.5	4.0	0.0	4.0	0.0	300.0	0.0	300.0	0.0
71	69	321.5	2026.5	4.0	0.0	4.0	0.0	216.0	0.0	216.0	0.0
72	8	2142.5	449.4923076923077	4.0	0.0	4.0	2.0	260.0	0.0	256.0	4.0
72	22	1937.5	892.5	4.0	0.0	4.0	0.0	244.0	0.0	244.0	0.0
72	25	5.5	920.5	4.0	0.0	4.0	0.0	72.0	0.0	72.0	0.0
72	26	746.2870967741935	951.6677419354838	7.0	3.0	7.0	0.0	310.0	21.0	289.0	0.0
72	32	215.5	1174.5	4.0	0.0	4.0	0.0	200.0	0.0	200.0	0.0
72	40	128.5	1373.5	4.0	0.0	4.0	0.0	280.0	0.0	280.0	0.0
72	50	1802.188311688312	1749.95670995671	12.0	8.0	6.0	4.0	462.0	296.0	90.0	76.0
72	54	2388.6587982832616	1816.645922746781	7.0	4.0	6.0	5.0	466.0	64.0	20.0	382.0
72	60	2184.5	1955.4857142857145	4.0	0.0	4.0	2.0	140.0	0.0	136.0	4.0
73	8	2142.5	449.4923076923077	4.0	0.0	4.0	2.0	260.0	0.0	256.0	4.0
73	22	1937.5	892.5	4.0	0.0	4.0	0.0	244.0	0.0	244.0	0.0
73	25	5.5	920.5	4.0	0.0	4.0	0.0	72.0	0.0	72.0	0.0
73	26	746.2870967741935	951.6677419354838	7.0	3.0	7.0	0.0	310.0	21.0	289.0	0.0
73	32	215.5	1174.5	4.0	0.0	4.0	0.0	200.0	0.0	200.0	0.0
73	40	128.5	1373.5	4.0	0.0	4.0	0.0	280.0	0.0	280.0	0.0
73	50	1802.188311688312	1749.95670995671	12.0	8.0	6.0	4.0	462.0	296.0	90.0	76.0
73	54	2388.6587982832616	1816.645922746781	7.0	4.0	6.0	5.0	466.0	64.0	20.0	382.0
73	60	2184.5	1955.4857142857145	4.0	0.0	4.0	2.0	140.0	0.0	136.0	4.0
74	20	322.5	733.5	4.0	0.0	4.0	0.0	72.0	0.0	72.0	0.0
74	28	1182.691899070385	990.6918990703851	9.0	4.0	7.0	4.0	753.0	120.0	49.0	584.0
74	75	767.5	1922.5	4.0	0.0	4.0	0.0	256.0	0.0	256.0	0.0
74	77	1047.5	1942.5118110236224	4.0	2.0	4.0	0.0	254.0	6.0	248.0	0.0
74	85	1496.5	2039.5070422535207	4.0	0.0	4.0	2.0	284.0	0.0	280.0	4.0
75	7	598.5	497.5	4.0	0.0	4.0	0.0	372.0	0.0	372.0	0.0
75	39	185.5	1123.8777777777775	6.0	4.0	4.0	0.0	360.0	224.0	136.0	0.0
75	44	246.5	1307.5	4.0	0.0	4.0	0.0	276.0	0.0	276.0	0.0
75	45	377.5	1314.5	4.0	0.0	4.0	0.0	216.0	0.0	216.0	0.0
75	46	118.69411764705882	1320.6941176470589	9.0	4.0	7.0	4.0	765.0	124.0	49.0	592.0
75	56	1130.7067745197169	1648.7067745197169	9.0	4.0	7.0	4.0	989.0	164.0	81.0	744.0
76	2	1586.6386806596702	176.73163418290855	8.0	4.0	6.0	4.0	667.0	80.0	87.0	500.0
76	4	802.6219931271478	258.4209621993127	9.0	4.0	8.0	4.0	582.0	64.0	130.0	388.0
76	22	1457.5	1200.5	4.0	0.0	4.0	0.0	136.0	0.0	136.0	0.0
76	23	1210.7156862745098	1216.720965309201	9.0	4.0	8.0	6.0	1326.0	228.0	130.0	968.0
76	46	803.5	1692.5	4.0	0.0	4.0	0.0	152.0	0.0	152.0	0.0
76	50	785.5	1770.5	4.0	0.0	4.0	0.0	72.0	0.0	72.0	0.0
76	51	855.5	1774.5	4.0	0.0	4.0	0.0	180.0	0.0	180.0	0.0
76	54	707.5	1784.5	4.0	0.0	4.0	0.0	288.0	0.0	288.0	0.0
76	66	789.503144654088	1949.8490566037733	6.0	4.0	4.0	0.0	318.0	208.0	110.0	0.0
76	69	1432.5	1969.5	4.0	0.0	4.0	0.0	172.0	0.0	172.0	0.0
76	73	974.5	2039.5	4.0	0.0	4.0	0.0	332.0	0.0	332.0	0.0
77	2	1586.6386806596702	176.73163418290855	8.0	4.0	6.0	4.0	667.0	80.0	87.0	500.0
77	4	802.6219931271478	258.4209621993127	9.0	4.0	8.0	4.0	582.0	64.0	130.0	388.0
77	22	1457.5	1200.5	4.0	0.0	4.0	0.0	136.0	0.0	136.0	0.0
77	23	1210.7156862745098	1216.720965309201	9.0	4.0	8.0	6.0	1326.0	228.0	130.0	968.0
77	46	803.5	1692.5	4.0	0.0	4.0	0.0	152.0	0.0	152.0	0.0
77	50	785.5	1770.5	4.0	0.0	4.0	0.0	72.0	0.0	72.0	0.0
77	51	855.5	1774.5	4.0	0.0	4.0	0.0	180.0	0.0	180.0	0.0
77	54	707.5	1784.5	4.0	0.0	4.0	0.0	288.0	0.0	288.0	0.0
77	66	789.503144654088	1949.8490566037733	6.0	4.0	4.0	0.0	318.0	208.0	110.0	0.0
77	69	1432.5	1969.5	4.0	0.0	4.0	0.0	172.0	0.0	172.0	0.0
77	73	974.5	2039.5	4.0	0.0	4.0	0.0	332.0	0.0	332.0	0.0
78	20	2382.5	809.5	4.0	0.0	4.0	0.0	320.0	0.0	320.0	0.0
78	33	494.5	1181.4929577464789	4.0	0.0	4.0	2.0	284.0	0.0	280.0	4.0
78	36	2346.5	1223.5	4.0	0.0	4.0	0.0	172.0	0.0	172.0	0.0
78	37	565.5017301038063	1236.5017301038065	4.0	0.0	4.0	0.0	289.0	0.0	289.0	0.0
78	43	195.49772727272727	1426.8727272727272	6.0	6.0	4.0	3.0	440.0	170.0	264.0	6.0
78	51	1631.5	1678.5	4.0	0.0	4.0	0.0	336.0	0.0	336.0	0.0
78	53	1374.5	1749.5	4.0	0.0	4.0	0.0	272.0	0.0	272.0	0.0
78	56	751.5	1786.5	4.0	0.0	4.0	0.0	152.0	0.0	152.0	0.0
78	65	1291.5	1948.5	4.0	0.0	4.0	0.0	300.0	0.0	300.0	0.0
79	10	1381.5	600.5	4.0	0.0	4.0	0.0	216.0	0.0	216.0	0.0
79	13	2374.7021764032074	734.7021764032073	9.0	4.0	7.0	4.0	873.0	144.0	65.0	664.0
79	16	471.5	836.5	4.0	0.0	4.0	0.0	216.0	0.0	216.0	0.0
79	17	1918.501976284585	841.498023715415	4.0	0.0	4.0	0.0	253.0	0.0	253.0	0.0
79	33	2442.5	1347.603448275862	4.0	0.0	4.0	2.0	232.0	0.0	184.0	48.0
79	38	1585.5	1470.5	4.0	0.0	4.0	0.0	180.0	0.0	180.0	0.0
79	46	850.7154673283706	1702.7154673283706	9.0	4.0	7.0	4.0	1209.0	208.0	105.0	896.0
79	55	1571.5	1914.5	4.0	0.0	4.0	0.0	344.0	0.0	344.0	0.0
80	19	1411.5	876.1323529411765	6.0	4.0	4.0	0.0	272.0	100.0	172.0	0.0
80	36	1106.6588921282798	1350.558309037901	9.0	4.0	8.0	4.0	686.0	96.0	94.0	496.0
80	39	1608.6916780354709	1408.6916780354709	9.0	4.0	7.0	4.0	733.0	116.0	49.0	568.0
80	45	1530.7097729516288	1480.7097729516288	9.0	4.0	7.0	4.0	1013.0	172.0	81.0	760.0
80	47	2056.5	1499.4916666666666	4.0	0.0	4.0	2.0	240.0	0.0	236.0	4.0
81	19	1411.5	876.1323529411765	6.0	4.0	4.0	0.0	272.0	100.0	172.0	0.0
81	36	1106.6588921282798	1350.558309037901	9.0	4.0	8.0	4.0	686.0	96.0	94.0	496.0
81	39	1608.6916780354709	1408.6916780354709	9.0	4.0	7.0	4.0	733.0	116.0	49.0	568.0
81	45	1530.7097729516288	1480.7097729516288	9.0	4.0	7.0	4.0	1013.0	172.0	81.0	760.0
81	47	2056.5	1499.4916666666666	4.0	0.0	4.0	2.0	240.0	0.0	236.0	4.0
82	6	1657.5	318.5	4.0	0.0	4.0	0.0	236.0	0.0	236.0	0.0
82	20	324.707614213198	832.707614213198	9.0	4.0	7.0	4.0	985.0	164.0	81.0	740.0
82	32	1650.5	1241.5	4.0	0.0	4.0	0.0	300.0	0.0	300.0	0.0
82	40	2122.5	1377.5033112582782	4.0	0.0	4.0	0.0	302.0	0.0	300.0	0.0
82	43	2386.6576576576576	1432.554054054054	9.0	4.0	8.0	4.0	666.0	92.0	94.0	480.0
82	45	2062.713777777778	1476.7137777777778	9.0	4.0	7.0	4.0	1125.0	192.0	97.0	836.0
82	54	417.5	1722.483870967742	4.0	2.0	4.0	0.0	186.0	6.0	180.0	0.0
82	56	1523.5	1724.5	4.0	0.0	4.0	0.0	352.0	0.0	352.0	0.0
82	66	1323.5	1924.5	4.0	0.0	4.0	0.0	300.0	0.0	300.0	0.0
83	14	564.495238095238	691.495238095238	4.0	0.0	4.0	0.0	105.0	0.0	105.0	0.0
83	24	582.6808199121523	904.6808199121524	7.0	4.0	5.0	4.0	683.0	108.0	31.0	544.0
83	27	1572.5034965034963	951.972027972028	6.0	1.0	4.0	4.0	286.0	2.0	152.0	132.0
83	28	1240.5	957.5	4.0	0.0	4.0	0.0	348.0	0.0	348.0	0.0
83	43	1378.6554621848738	1342.5378151260504	9.0	4.0	8.0	4.0	714.0	96.0	114.0	504.0
83	49	2.5	1555.5	4.0	0.0	4.0	0.0	204.0	0.0	204.0	0.0
83	53	1752.703539823009	1694.703539823009	9.0	4.0	7.0	4.0	904.0	148.0	72.0	684.0
83	55	1063.5	1722.5	4.0	0.0	4.0	0.0	180.0	0.0	180.0	0.0
83	65	2159.5	1916.1333333333332	6.0	4.0	4.0	0.0	240.0	88.0	152.0	0.0
84	47	230.6628895184136	1706.57223796034	9.0	4.0	8.0	4.0	706.0	100.0	94.0	512.0
84	62	1876.6941813261164	1978.6941813261164	9.0	4.0	7.0	5.0	739.0	116.0	49.0	574.0
84	63	222.5	2007.5	4.0	0.0	4.0	0.0	72.0	0.0	72.0	0.0
85	16	144.66862170087975	744.6041055718475	9.0	4.0	8.0	4.0	682.0	100.0	74.0	508.0
85	30	1844.5	1087.4935897435898	4.0	0.0	4.0	2.0	312.0	0.0	308.0	4.0
85	35	1224.5	1225.5	4.0	0.0	4.0	0.0	204.0	0.0	204.0	0.0
85	47	508.6840536512668	1604.6840536512668	7.0	4.0	5.0	4.0	671.0	108.0	31.0	532.0
85	50	1178.5	1691.5	4.0	0.0	4.0	0.0	288.0	0.0	288.0	0.0
85	56	2370.5	1861.5	4.0	0.0	4.0	0.0	72.0	0.0	72.0	0.0
85	58	887.5	1928.5	4.0	0.0	4.0	0.0	272.0	0.0	272.0	0.0
85	63	116.70524017467248	2002.7052401746728	9.0	4.0	7.0	4.0	916.0	152.0	72.0	692.0
85	64	2422.6225165562914	2036.5033112582785	9.0	4.0	5.0	4.0	453.0	52.0	58.0	340.0
86	16	144.66862170087975	744.6041055718475	9.0	4.0	8.0	4.0	682.0	100.0	74.0	508.0
86	30	1844.5	1087.4935897435898	4.0	0.0	4.0	2.0	312.0	0.0	308.0	4.0
86	35	1224.5	1225.5	4.0	0.0	4.0	0.0	204.0	0.0	204.0	0.0
86	47	508.6840536512668	1604.6840536512668	7.0	4.0	5.0	4.0	671.0	108.0	31.0	532.0
86	50	1178.5	1691.5	4.0	0.0	4.0	0.0	288.0	0.0	288.0	0.0
86	56	2370.5	1861.5	4.0	0.0	4.0	0.0	72.0	0.0	72.0	0.0
86	58	887.5	1928.5	4.0	0.0	4.0	0.0	272.0	0.0	272.0	0.0
86	63	116.70524017467248	2002.7052401746728	9.0	4.0	7.0	4.0	916.0	152.0	72.0	692.0
86	64	2422.6225165562914	2036.5033112582785	9.0	4.0	5.0	4.0	453.0	52.0	58.0	340.0
87	9	1088.5	613.5	4.0	0.0	4.0	0.0	368.0	0.0	368.0	0.0
87	10	766.5	631.5	4.0	0.0	4.0	0.0	204.0	0.0	204.0	0.0
87	12	1710.7059396299903	654.7069133398247	9.0	4.0	7.0	4.0	1027.0	172.0	82.0	772.0
87	21	1293.5	1068.5	4.0	0.0	4.0	0.0	180.0	0.0	180.0	0.0
87	26	579.4827586206897	1258.4827586206898	4.0	0.0	4.0	0.0	58.0	0.0	58.0	0.0
87	28	1382.5	1265.5060240963855	4.0	0.0	4.0	2.0	332.0	0.0	328.0	4.0
87	31	1609.5092024539877	1389.739263803681	6.0	4.0	4.0	2.0	326.0	248.0	72.0	6.0
87	52	1590.5	1611.5	4.0	0.0	4.0	0.0	172.0	0.0	172.0	0.0
87	56	124.5	1657.528409090909	4.0	0.0	4.0	2.0	352.0	0.0	332.0	20.0
87	61	1780.5	1777.5	4.0	0.0	4.0	0.0	300.0	0.0	300.0	0.0
87	70	1513.5	1978.5	4.0	0.0	4.0	0.0	264.0	0.0	264.0	0.0
88	13	2419.5	494.5	4.0	0.0	4.0	0.0	288.0	0.0	288.0	0.0
88	16	2192.5	663.5	4.0	0.0	4.0	0.0	256.0	0.0	256.0	0.0
88	20	1313.5	806.5	4.0	0.0	4.0	0.0	136.0	0.0	136.0	0.0
88	27	478.5	1063.493333333333	4.0	0.0	4.0	2.0	300.0	0.0	296.0	4.0
88	32	2300.5	1179.5	4.0	0.0	4.0	0.0	284.0	0.0	284.0	0.0
88	33	1478.705357142857	1188.705357142857	9.0	4.0	7.0	4.0	896.0	148.0	72.0	676.0
88	45	602.7044444444444	1480.7044444444443	9.0	4.0	7.0	4.0	900.0	148.0	72.0	680.0
88	50	170.6392333709132	1630.4047350620067	9.0	4.0	8.0	4.0	887.0	108.0	239.0	540.0
88	53	866.5022222222223	1685.497777777778	4.0	0.0	4.0	0.0	225.0	0.0	225.0	0.0
88	63	1915.4857142857145	1852.5	4.0	0.0	4.0	2.0	140.0	0.0	136.0	4.0
88	66	476.5	1905.375	4.0	0.0	4.0	2.0	96.0	0.0	72.0	24.0
88	72	727.5023923444976	2014.5023923444976	4.0	0.0	4.0	0.0	209.0	0.0	209.0	0.0
89	13	2419.5	494.5	4.0	0.0	4.0	0.0	288.0	0.0	288.0	0.0
89	16	2192.5	663.5	4.0	0.0	4.0	0.0	256.0	0.0	256.0	0.0
89	20	1313.5	806.5	4.0	0.0	4.0	0.0	136.0	0.0	136.0	0.0
89	27	478.5	1063.493333333333	4.0	0.0	4.0	2.0	300.0	0.0	296.0	4.0
89	32	2300.5	1179.5	4.0	0.0	4.0	0.0	284.0	0.0	284.0	0.0
89	33	1478.705357142857	1188.705357142857	9.0	4.0	7.0	4.0	896.0	148.0	72.0	676.0
89	45	602.7044444444444	1480.7044444444443	9.0	4.0	7.0	4.0	900.0	148.0	72.0	680.0
89	50	170.6392333709132	1630.4047350620067	9.0	4.0	8.0	4.0	887.0	108.0	239.0	540.0
89	53	866.5022222222223	1685.497777777778	4.0	0.0	4.0	0.0	225.0	0.0	225.0	0.0
89	63	1915.4857142857145	1852.5	4.0	0.0	4.0	2.0	140.0	0.0	136.0	4.0
89	66	476.5	1905.375	4.0	0.0	4.0	2.0	96.0	0.0	72.0	24.0
89	72	727.5023923444976	2014.5023923444976	4.0	0.0	4.0	0.0	209.0	0.0	209.0	0.0
90	29	1207.5	1274.5	4.0	0.0	4.0	0.0	296.0	0.0	296.0	0.0
90	32	1843.5	1302.5	4.0	0.0	4.0	0.0	264.0	0.0	264.0	0.0
90	35	599.5	1470.5	4.0	0.0	4.0	0.0	332.0	0.0	332.0	0.0
90	44	1154.5	1667.5	4.0	0.0	4.0	0.0	216.0	0.0	216.0	0.0
90	47	1870.692729766804	1752.692729766804	9.0	4.0	7.0	4.0	729.0	116.0	49.0	564.0
91	10	2134.7164556962025	608.7164556962025	9.0	4.0	7.0	4.0	1185.0	204.0	105.0	876.0
91	30	221.4933333333333	1148.5	4.0	0.0	4.0	2.0	300.0	0.0	296.0	4.0
91	33	663.5	1256.5	4.0	0.0	4.0	0.0	308.0	0.0	308.0	0.0
91	35	345.5	1306.5	4.0	0.0	4.0	0.0	136.0	0.0	136.0	0.0
91	43	1548.5	1537.5	4.0	0.0	4.0	0.0	184.0	0.0	184.0	0.0
91	51	66.70912738214643	1902.7091273821463	9.0	4.0	7.0	4.0	997.0	168.0	81.0	748.0
91	54	83.5	1926.5	4.0	0.0	4.0	0.0	244.0	0.0	244.0	0.0
92	20	992.6906377204884	844.6906377204884	9.0	4.0	7.0	4.0	737.0	116.0	49.0	572.0
92	26	1409.5	1080.5	4.0	0.0	4.0	0.0	360.0	0.0	360.0	0.0
92	27	222.5	1099.5	4.0	0.0	4.0	0.0	244.0	0.0	244.0	0.0
92	28	736.5	1135.561403508772	4.0	0.0	4.0	2.0	228.0	0.0	200.0	28.0
92	32	586.7035398230089	1256.703539823009	9.0	4.0	7.0	4.0	904.0	148.0	72.0	684.0
92	40	1719.5	1438.5	4.0	0.0	4.0	0.0	368.0	0.0	368.0	0.0
92	45	1677.5	1518.5	4.0	0.0	4.0	0.0	152.0	0.0	152.0	0.0
92	54	674.5018315018315	1767.5018315018317	4.0	0.0	4.0	0.0	273.0	0.0	273.0	0.0
92	66	862.7017543859649	1980.701754385965	9.0	4.0	7.0	4.0	912.0	148.0	72.0	692.0
92	69	760.5	2031.5	4.0	0.0	4.0	0.0	280.0	0.0	280.0	0.0
93	3	1449.5	208.5	4.0	0.0	4.0	0.0	172.0	0.0	172.0	0.0
93	18	783.5	719.933962264151	6.0	4.0	4.0	0.0	424.0	240.0	184.0	0.0
93	44	1759.4930555555557	1432.5	4.0	0.0	4.0	2.0	288.0	0.0	284.0	4.0
93	49	467.5	1674.5	4.0	0.0	4.0	0.0	172.0	0.0	172.0	0.0
93	51	2014.5	1689.5	4.0	0.0	4.0	0.0	288.0	0.0	288.0	0.0
93	57	1962.5	1869.5	4.0	0.0	4.0	0.0	276.0	0.0	276.0	0.0
93	60	2352.5	1935.5277777777776	4.0	0.0	4.0	2.0	144.0	0.0	136.0	8.0
94	3	1449.5	208.5	4.0	0.0	4.0	0.0	172.0	0.0	172.0	0.0
94	18	783.5	719.933962264151	6.0	4.0	4.0	0.0	424.0	240.0	184.0	0.0
94	44	1759.4930555555557	1432.5	4.0	0.0	4.0	2.0	288.0	0.0	284.0	4.0
94	49	467.5	1674.5	4.0	0.0	4.0	0.0	172.0	0.0	172.0	0.0
94	51	2014.5	1689.5	4.0	0.0	4.0	0.0	288.0	0.0	288.0	0.0
94	57	1962.5	1869.5	4.0	0.0	4.0	0.0	276.0	0.0	276.0	0.0
94	60	2352.5	1935.5277777777776	4.0	0.0	4.0	2.0	144.0	0.0	136.0	8.0
