#frame	event	cm_x	cm_y	size	size_r	size_g	size_b	sum	sum_r	sum_g	sum_b
0	22	1037.5180722891566	923.5180722891566	4.0	4.0	0.0	1.0	415.0	400.0	0.0	15.0
0	29	565.5072463768116	1221.5072463768115	4.0	4.0	0.0	1.0	207.0	204.0	0.0	3.0
0	34	903.5216637781627	1371.521663778163	4.0	4.0	0.0	1.0	577.0	552.0	0.0	25.0
0	35	1703.5114503816794	1457.5114503816794	4.0	4.0	0.0	1.0	262.0	256.0	0.0	6.0
0	62	21.51304347826087	1995.513043478261	4.0	4.0	0.0	1.0	345.0	336.0	0.0	9.0
1	22	1037.5180722891566	923.5180722891566	4.0	4.0	0.0	1.0	415.0	400.0	0.0	15.0
1	29	565.5072463768116	1221.5072463768115	4.0	4.0	0.0	1.0	207.0	204.0	0.0	3.0
1	34	903.5216637781627	1371.521663778163	4.0	4.0	0.0	1.0	577.0	552.0	0.0	25.0
1	35	1703.5114503816794	1457.5114503816794	4.0	4.0	0.0	1.0	262.0	256.0	0.0	6.0
1	62	21.51304347826087	1995.513043478261	4.0	4.0	0.0	1.0	345.0	336.0	0.0	9.0
2	27	1495.5	895.5228426395939	4.0	4.0	0.0	3.0	394.0	368.0	0.0	26.0
2	28	897.508547008547	897.5042735042736	4.0	4.0	0.0	1.0	234.0	228.0	0.0	4.0
2	29	2215.508896797153	927.508896797153	4.0	4.0	0.0	1.0	281.0	276.0	0.0	5.0
2	58	0.0	1537.5	2.0	2.0	0.0	0.0	38.0	38.0	0.0	0.0
2	60	1723.5	1603.9528301886792	6.0	4.0	4.0	0.0	424.0	232.0	192.0	0.0
2	64	527.5125448028674	1719.5125448028673	4.0	4.0	0.0	1.0	279.0	272.0	0.0	7.0
2	72	685.5183486238532	1807.5183486238527	4.0	4.0	0.0	1.0	436.0	420.0	0.0	16.0
3	15	634.6929238985314	660.6929238985314	9.0	4.0	7.0	4.0	749.0	120.0	49.0	580.0
3	41	349.5	1301.8902439024391	6.0	4.0	4.0	0.0	328.0	200.0	128.0	0.0
3	58	979.5079365079364	1561.6507936507935	6.0	4.0	4.0	2.0	252.0	212.0	33.0	6.0
3	60	2271.88	1605.88	7.0	5.0	0.0	4.0	450.0	282.0	0.0	168.0
3	64	397.50892857142856	1679.508928571429	4.0	4.0	0.0	1.0	224.0	220.0	0.0	4.0
3	70	541.5119617224881	1833.5023923444976	4.0	4.0	0.0	2.0	209.0	204.0	0.0	5.0
3	77	1449.512880562061	1937.512880562061	4.0	4.0	0.0	2.0	427.0	408.0	0.0	19.0
3	80	1719.6704936854192	2003.6704936854192	7.0	5.0	0.0	4.0	871.0	727.0	0.0	144.0
3	84	2279.5185995623638	2043.5185995623635	4.0	4.0	0.0	1.0	457.0	440.0	0.0	17.0
4	6	1853.508650519031	255.5155709342561	4.0	4.0	0.0	2.0	289.0	280.0	0.0	9.0
4	18	809.5198329853862	501.51983298538624	4.0	4.0	0.0	1.0	479.0	460.0	0.0	19.0
4	20	426.6918990703852	604.6918990703851	9.0	4.0	7.0	4.0	753.0	120.0	49.0	584.0
4	28	2369.5216637781627	763.5216637781629	4.0	4.0	0.0	1.0	577.0	552.0	0.0	25.0
4	40	587.5168831168832	1129.516883116883	4.0	4.0	0.0	1.0	385.0	372.0	0.0	13.0
4	48	2200.692729766804	1320.692729766804	9.0	4.0	7.0	4.0	729.0	116.0	49.0	564.0
4	65	1569.5207547169812	1811.5207547169807	4.0	4.0	0.0	1.0	530.0	508.0	0.0	22.0
5	6	1853.508650519031	255.5155709342561	4.0	4.0	0.0	2.0	289.0	280.0	0.0	9.0
5	18	809.5198329853862	501.51983298538624	4.0	4.0	0.0	1.0	479.0	460.0	0.0	19.0
5	20	426.6918990703852	604.6918990703851	9.0	4.0	7.0	4.0	753.0	120.0	49.0	584.0
5	28	2369.5216637781627	763.5216637781629	4.0	4.0	0.0	1.0	577.0	552.0	0.0	25.0
5	40	587.5168831168832	1129.516883116883	4.0	4.0	0.0	1.0	385.0	372.0	0.0	13.0
5	48	2200.692729766804	1320.692729766804	9.0	4.0	7.0	4.0	729.0	116.0	49.0	564.0
5	65	1569.5207547169812	1811.5207547169807	4.0	4.0	0.0	1.0	530.0	508.0	0.0	22.0
6	9	1367.522222222222	575.5185185185185	4.0	4.0	0.0	2.0	540.0	516.0	0.0	24.0
6	22	1650.7031070195628	1044.7031070195628	9.0	4.0	7.0	4.0	869.0	144.0	65.0	660.0
6	30	1452.692729766804	1210.692729766804	9.0	4.0	7.0	4.0	729.0	116.0	49.0	564.0
6	32	1585.5174129353234	1259.5174129353234	4.0	4.0	0.0	1.0	402.0	388.0	0.0	14.0
6	36	1157.9910313901346	1341.4717488789238	7.0	4.0	6.0	5.0	1115.0	548.0	465.0	102.0
6	39	119.51724137931036	1415.7689655172414	6.0	4.0	4.0	2.0	580.0	424.0	136.0	20.0
6	41	2425.505882352941	1421.513725490196	4.0	4.0	0.0	2.0	255.0	248.0	0.0	7.0
6	55	349.488	1749.52	4.0	4.0	0.0	1.0	125.0	120.0	0.0	4.0
6	68	2317.5148514851485	1871.5148514851485	4.0	4.0	0.0	2.0	404.0	388.0	0.0	16.0
6	73	1997.6624365482232	1931.6624365482232	7.0	4.0	0.0	4.0	788.0	660.0	0.0	128.0
7	4	1797.5033112582782	323.771523178808	6.0	4.0	4.0	0.0	302.0	220.0	80.0	0.0
7	5	1823.521023765996	327.52102376599635	4.0	4.0	0.0	1.0	547.0	524.0	0.0	23.0
7	7	827.5122807017544	377.50877192982455	4.0	4.0	0.0	1.0	285.0	276.0	0.0	7.0
7	12	688.6773162939297	608.6773162939297	7.0	4.0	5.0	4.0	626.0	96.0	30.0	500.0
7	16	1099.5201535508638	807.5201535508637	4.0	4.0	0.0	1.0	521.0	500.0	0.0	21.0
7	21	2077.5204460966543	899.5204460966543	4.0	4.0	0.0	1.0	538.0	516.0	0.0	22.0
7	29	2277.504424778761	1149.513274336283	4.0	4.0	0.0	2.0	226.0	220.0	0.0	6.0
7	36	2269.518181818182	1347.5181818181818	4.0	4.0	0.0	1.0	440.0	424.0	0.0	16.0
7	39	265.5222929936306	1407.5222929936306	4.0	4.0	0.0	1.0	628.0	600.0	0.0	28.0
7	41	517.5086206896551	1471.5086206896551	4.0	4.0	0.0	1.0	232.0	228.0	0.0	4.0
7	43	1547.5208711433756	1477.5208711433756	4.0	4.0	0.0	1.0	551.0	528.0	0.0	23.0
7	56	2263.129559748428	1754.3069182389936	8.0	6.0	6.0	4.0	795.0	174.0	336.0	284.0
7	59	1505.5181818181818	1861.5181818181816	4.0	4.0	0.0	1.0	440.0	424.0	0.0	16.0
8	13	1369.5	547.5	4.0	4.0	0.0	0.0	112.0	112.0	0.0	0.0
8	15	1109.5121951219512	635.5121951219512	4.0	4.0	0.0	1.0	287.0	280.0	0.0	7.0
8	23	537.5089285714286	811.5089285714286	4.0	4.0	0.0	1.0	224.0	220.0	0.0	4.0
8	26	69.66274509803921	931.6614379084969	7.0	4.0	0.0	4.0	765.0	640.0	0.0	124.0
8	39	83.51186440677967	1179.5118644067798	4.0	4.0	0.0	1.0	295.0	288.0	0.0	7.0
8	43	2353.506976744186	1229.506976744186	4.0	4.0	0.0	1.0	215.0	212.0	0.0	3.0
8	44	1115.509881422925	1245.509881422925	4.0	4.0	0.0	1.0	253.0	248.0	0.0	5.0
8	47	1523.6650943396226	1319.6650943396226	7.0	4.0	0.0	4.0	848.0	708.0	0.0	140.0
8	52	701.6616161616162	1519.6616161616162	7.0	4.0	0.0	4.0	792.0	664.0	0.0	128.0
8	54	1197.5105740181268	1571.5166163141994	4.0	4.0	0.0	2.0	331.0	320.0	0.0	11.0
8	56	241.51893095768372	1585.5189309576838	4.0	4.0	0.0	1.0	449.0	432.0	0.0	17.0
8	66	417.51079136690646	1833.708633093525	6.0	4.0	4.0	2.0	278.0	220.0	52.0	6.0
8	69	241.52059925093636	1887.5205992509364	4.0	4.0	0.0	1.0	534.0	512.0	0.0	22.0
8	70	1489.4871794871794	1913.8846153846157	6.0	4.0	4.0	2.0	156.0	96.0	56.0	4.0
9	13	1369.5	547.5	4.0	4.0	0.0	0.0	112.0	112.0	0.0	0.0
9	15	1109.5121951219512	635.5121951219512	4.0	4.0	0.0	1.0	287.0	280.0	0.0	7.0
9	23	537.5089285714286	811.5089285714286	4.0	4.0	0.0	1.0	224.0	220.0	0.0	4.0
9	26	69.66274509803921	931.6614379084969	7.0	4.0	0.0	4.0	765.0	640.0	0.0	124.0
9	39	83.51186440677967	1179.5118644067798	4.0	4.0	0.0	1.0	295.0	288.0	0.0	7.0
9	43	2353.506976744186	1229.506976744186	4.0	4.0	0.0	1.0	215.0	212.0	0.0	3.0
9	44	1115.509881422925	1245.509881422925	4.0	4.0	0.0	1.0	253.0	248.0	0.0	5.0
9	47	1523.6650943396226	1319.6650943396226	7.0	4.0	0.0	4.0	848.0	708.0	0.0	140.0
9	52	701.6616161616162	1519.6616161616162	7.0	4.0	0.0	4.0	792.0	664.0	0.0	128.0
9	54	1197.5105740181268	1571.5166163141994	4.0	4.0	0.0	2.0	331.0	320.0	0.0	11.0
9	56	241.51893095768372	1585.5189309576838	4.0	4.0	0.0	1.0	449.0	432.0	0.0	17.0
9	66	417.51079136690646	1833.708633093525	6.0	4.0	4.0	2.0	278.0	220.0	52.0	6.0
9	69	241.52059925093636	1887.5205992509364	4.0	4.0	0.0	1.0	534.0	512.0	0.0	22.0
9	70	1489.4871794871794	1913.8846153846157	6.0	4.0	4.0	2.0	156.0	96.0	56.0	4.0
10	5	2337.5214285714287	435.5214285714285	4.0	4.0	0.0	1.0	560.0	536.0	0.0	24.0
10	14	1860.6963064295485	664.6963064295486	9.0	4.0	7.0	5.0	731.0	116.0	49.0	566.0
10	18	1183.514986376022	849.5149863760219	4.0	4.0	0.0	1.0	367.0	356.0	0.0	11.0
10	22	2065.5204460966543	933.5204460966544	4.0	4.0	0.0	1.0	538.0	516.0	0.0	22.0
10	54	625.5116279069767	1939.5174418604647	4.0	4.0	0.0	2.0	344.0	332.0	0.0	12.0
11	19	399.5	936.8	6.0	6.0	4.0	0.0	150.0	54.0	96.0	0.0
11	32	2179.511278195489	1259.5112781954888	4.0	4.0	0.0	1.0	266.0	260.0	0.0	6.0
11	35	868.6773162939297	1334.6773162939296	7.0	4.0	5.0	4.0	626.0	96.0	30.0	500.0
11	42	1769.5	1481.5	4.0	4.0	0.0	0.0	96.0	96.0	0.0	0.0
11	49	100.66156462585036	1596.608843537415	9.0	5.0	8.0	5.0	588.0	87.0	51.0	450.0
11	53	51.51893095768374	1665.5189309576838	4.0	4.0	0.0	1.0	449.0	432.0	0.0	17.0
11	56	1793.5131578947369	1689.5131578947369	4.0	4.0	0.0	1.0	304.0	296.0	0.0	8.0
11	58	1954.721464465183	1756.721464465183	9.0	4.0	7.0	4.0	1393.0	244.0	129.0	1020.0
11	60	607.6634615384615	1793.6634615384614	7.0	4.0	0.0	4.0	832.0	696.0	0.0	136.0
11	66	2309.5	1859.5	4.0	4.0	0.0	0.0	96.0	96.0	0.0	0.0
11	76	1219.6617647058824	2007.6617647058824	7.0	4.0	0.0	4.0	816.0	684.0	0.0	132.0
12	2	901.6730769230768	115.67628205128206	7.0	4.0	2.0	4.0	1248.0	1020.0	8.0	220.0
12	16	467.5220700152207	669.5220700152207	4.0	4.0	0.0	1.0	657.0	628.0	0.0	29.0
12	42	53.66346153846154	1159.6634615384614	7.0	4.0	0.0	4.0	832.0	696.0	0.0	136.0
12	49	1311.5084745762713	1347.5084745762713	4.0	4.0	0.0	1.0	236.0	232.0	0.0	4.0
12	51	609.5149863760219	1391.514986376022	4.0	4.0	0.0	1.0	367.0	356.0	0.0	11.0
12	60	1897.5153203342616	1541.5153203342618	4.0	4.0	0.0	1.0	359.0	348.0	0.0	11.0
13	2	901.6730769230768	115.67628205128206	7.0	4.0	2.0	4.0	1248.0	1020.0	8.0	220.0
13	16	467.5220700152207	669.5220700152207	4.0	4.0	0.0	1.0	657.0	628.0	0.0	29.0
13	42	53.66346153846154	1159.6634615384614	7.0	4.0	0.0	4.0	832.0	696.0	0.0	136.0
13	49	1311.5084745762713	1347.5084745762713	4.0	4.0	0.0	1.0	236.0	232.0	0.0	4.0
13	51	609.5149863760219	1391.514986376022	4.0	4.0	0.0	1.0	367.0	356.0	0.0	11.0
13	60	1897.5153203342616	1541.5153203342618	4.0	4.0	0.0	1.0	359.0	348.0	0.0	11.0
14	19	2083.521472392638	529.517382413088	4.0	4.0	0.0	2.0	489.0	468.0	0.0	21.0
14	35	1295.508928571429	1005.5089285714286	4.0	4.0	0.0	1.0	224.0	220.0	0.0	4.0
14	51	174.6529284164859	1298.4479392624728	11.0	4.0	10.0	4.0	922.0	116.0	238.0	568.0
14	56	2252.691678035471	1370.6916780354709	9.0	4.0	7.0	4.0	733.0	116.0	49.0	568.0
14	59	2334.7091273821466	1438.7091273821463	9.0	4.0	7.0	4.0	997.0	168.0	81.0	748.0
14	68	1317.5154394299288	1649.420427553444	6.0	4.0	4.0	1.0	421.0	368.0	40.0	13.0
14	70	357.5126050420168	1693.4957983193278	4.0	4.0	0.0	1.0	119.0	116.0	0.0	2.0
14	75	36.67619047619048	1780.6761904761904	7.0	4.0	5.0	4.0	630.0	96.0	30.0	504.0
14	76	1411.5042735042734	1831.5042735042732	4.0	4.0	0.0	2.0	234.0	228.0	0.0	6.0
15	3	1126.6719492868465	74.49841521394612	11.0	6.0	10.0	4.0	1262.0	182.0	304.0	776.0
15	22	154.67699836867862	750.6769983686786	7.0	4.0	5.0	4.0	613.0	96.0	25.0	492.0
15	26	2287.512367491166	855.5123674911661	4.0	4.0	0.0	1.0	283.0	276.0	0.0	7.0
15	37	518.7012542759408	1130.7012542759408	9.0	4.0	7.0	4.0	877.0	144.0	65.0	668.0
15	48	1121.5075757575758	1463.5151515151515	4.0	4.0	0.0	2.0	264.0	256.0	0.0	8.0
15	50	1823.514619883041	1519.514619883041	4.0	4.0	0.0	1.0	342.0	332.0	0.0	10.0
15	54	1677.504132231405	1625.504132231405	4.0	4.0	0.0	0.0	121.0	120.0	0.0	0.0
15	56	1423.5140186915887	1647.5140186915887	4.0	4.0	0.0	1.0	321.0	312.0	0.0	9.0
15	59	1623.5115384615383	1677.5076923076922	4.0	4.0	0.0	1.0	260.0	252.0	0.0	6.0
15	61	885.5	1781.8622047244094	6.0	4.0	4.0	0.0	508.0	324.0	184.0	0.0
15	65	2160.681300813008	1874.681300813008	7.0	4.0	5.0	5.0	615.0	96.0	25.0	494.0
15	66	2142.0062761506274	1880.278242677824	8.0	5.0	5.0	5.0	478.0	116.0	135.0	226.0
15	73	1399.5	2015.8149606299207	6.0	4.0	4.0	0.0	508.0	348.0	160.0	0.0
16	17	1747.5108359133128	707.5170278637771	4.0	4.0	0.0	2.0	323.0	312.0	0.0	11.0
16	25	1607.5116279069769	1027.5116279069769	4.0	4.0	0.0	1.0	258.0	252.0	0.0	6.0
16	34	2161.5183486238534	1181.5183486238532	4.0	4.0	0.0	1.0	436.0	420.0	0.0	16.0
16	41	2153.518930957684	1303.5189309576838	4.0	4.0	0.0	1.0	449.0	432.0	0.0	17.0
16	49	2035.5170068027207	1561.5170068027212	4.0	4.0	0.0	1.0	441.0	424.0	0.0	16.0
16	51	1945.5115511551155	1669.5115511551155	4.0	4.0	0.0	1.0	303.0	296.0	0.0	7.0
16	55	1813.5198487712669	1775.5198487712669	4.0	4.0	0.0	1.0	529.0	508.0	0.0	21.0
17	17	1747.5108359133128	707.5170278637771	4.0	4.0	0.0	2.0	323.0	312.0	0.0	11.0
17	25	1607.5116279069769	1027.5116279069769	4.0	4.0	0.0	1.0	258.0	252.0	0.0	6.0
17	34	2161.5183486238534	1181.5183486238532	4.0	4.0	0.0	1.0	436.0	420.0	0.0	16.0
17	41	2153.518930957684	1303.5189309576838	4.0	4.0	0.0	1.0	449.0	432.0	0.0	17.0
17	49	2035.5170068027207	1561.5170068027212	4.0	4.0	0.0	1.0	441.0	424.0	0.0	16.0
17	51	1945.5115511551155	1669.5115511551155	4.0	4.0	0.0	1.0	303.0	296.0	0.0	7.0
17	55	1813.5198487712669	1775.5198487712669	4.0	4.0	0.0	1.0	529.0	508.0	0.0	21.0
18	4	275.52102376599635	123.52102376599636	4.0	4.0	0.0	1.0	547.0	524.0	0.0	23.0
18	13	1911.507692307692	565.5115384615384	4.0	4.0	0.0	1.0	260.0	252.0	0.0	6.0
18	14	700.7066402378592	576.7066402378592	9.0	4.0	7.0	4.0	1009.0	168.0	81.0	760.0
18	29	1733.518987341772	1019.518987341772	4.0	4.0	0.0	1.0	474.0	456.0	0.0	18.0
18	46	510.6635687732342	1412.6691449814127	7.0	5.0	5.0	4.0	538.0	83.0	19.0	436.0
18	51	891.5208711433756	1523.5208711433756	4.0	4.0	0.0	1.0	551.0	528.0	0.0	23.0
18	71	2394.678018575851	1878.6780185758516	7.0	4.0	5.0	4.0	646.0	100.0	30.0	516.0
18	72	628.6910112359551	1882.691011235955	9.0	4.0	7.0	4.0	712.0	112.0	48.0	552.0
18	73	2381.5205992509364	1891.5205992509364	4.0	4.0	0.0	1.0	534.0	512.0	0.0	22.0
18	74	2383.657216494845	1931.659793814433	7.0	4.0	2.0	4.0	776.0	648.0	4.0	124.0
18	77	1005.5210237659963	1971.521023765996	4.0	4.0	0.0	1.0	547.0	524.0	0.0	23.0
18	80	195.51971326164875	2029.505376344086	4.0	4.0	0.0	2.0	279.0	268.0	0.0	11.0
19	13	1651.4965986394557	697.4965986394558	4.0	4.0	0.0	1.0	147.0	144.0	0.0	2.0
19	21	2223.515320334262	905.5153203342618	4.0	4.0	0.0	1.0	359.0	348.0	0.0	11.0
19	28	2063.5	1035.5102040816328	4.0	4.0	0.0	0.0	98.0	96.0	0.0	0.0
19	40	453.5117056856187	1315.5117056856188	4.0	4.0	0.0	1.0	299.0	292.0	0.0	7.0
19	42	361.51983298538624	1337.5198329853863	4.0	4.0	0.0	1.0	479.0	460.0	0.0	19.0
19	44	1947.513725490196	1387.5058823529412	4.0	4.0	0.0	2.0	255.0	248.0	0.0	7.0
19	47	1806.7066402378596	1562.7125867195243	9.0	4.0	7.0	6.0	1009.0	168.0	81.0	760.0
19	50	2045.5042735042732	1587.5042735042734	4.0	4.0	0.0	0.0	117.0	116.0	0.0	0.0
19	62	2107.659793814433	1791.659793814433	7.0	4.0	0.0	4.0	776.0	652.0	0.0	124.0
19	64	260.67699836867865	1870.6769983686784	7.0	4.0	5.0	4.0	613.0	96.0	25.0	492.0
19	69	1040.7116788321168	1922.7116788321168	9.0	4.0	7.0	4.0	1096.0	184.0	96.0	816.0
19	75	1431.5	2025.5	4.0	4.0	0.0	0.0	96.0	96.0	0.0	0.0
20	6	1699.6642685851318	213.66187050359716	7.0	4.0	0.0	5.0	834.0	696.0	0.0	138.0
20	13	1833.509881422925	515.5098814229249	4.0	4.0	0.0	1.0	253.0	248.0	0.0	5.0
20	16	1453.5127272727273	551.5127272727273	4.0	4.0	0.0	1.0	275.0	268.0	0.0	7.0
20	17	1984.69220246238	572.6908344733242	9.0	4.0	7.0	4.0	731.0	116.0	50.0	564.0
20	26	35.51260504201681	1111.4957983193278	4.0	4.0	0.0	1.0	119.0	116.0	0.0	2.0
20	31	507.5073891625616	1249.5073891625616	4.0	4.0	0.0	1.0	203.0	200.0	0.0	3.0
20	33	1875.6624365482232	1313.6624365482232	7.0	4.0	0.0	4.0	788.0	660.0	0.0	128.0
20	35	1467.5202205882354	1321.5183823529412	4.0	4.0	0.0	1.0	544.0	520.0	0.0	22.0
20	38	701.2644178454842	1358.1240478781283	9.0	6.0	7.0	4.0	919.0	314.0	429.0	176.0
20	50	1769.5115511551155	1593.5115511551155	4.0	4.0	0.0	1.0	303.0	296.0	0.0	7.0
20	52	1837.517391304348	1623.517391304348	4.0	4.0	0.0	2.0	460.0	440.0	0.0	20.0
20	56	1710.7179125528914	1704.700282087447	11.0	4.0	10.0	4.0	1418.0	244.0	154.0	1020.0
20	62	1797.52	1751.52	4.0	4.0	0.0	1.0	525.0	504.0	0.0	21.0
20	63	765.5168831168832	1793.516883116883	4.0	4.0	0.0	1.0	385.0	372.0	0.0	13.0
20	64	247.50520833333331	1797.5208333333333	4.0	4.0	2.0	1.0	192.0	184.0	6.0	2.0
20	65	629.5220949263503	1797.5220949263503	4.0	4.0	0.0	1.0	611.0	584.0	0.0	27.0
20	72	2286.7113783533764	1938.7113783533764	9.0	4.0	7.0	4.0	1081.0	184.0	89.0	808.0
20	79	1326.69211514393	2032.70337922403	9.0	6.0	7.0	4.0	799.0	134.0	57.0	608.0
21	6	1699.6642685851318	213.66187050359716	7.0	4.0	0.0	5.0	834.0	696.0	0.0	138.0
21	13	1833.509881422925	515.5098814229249	4.0	4.0	0.0	1.0	253.0	248.0	0.0	5.0
21	16	1453.5127272727273	551.5127272727273	4.0	4.0	0.0	1.0	275.0	268.0	0.0	7.0
21	17	1984.69220246238	572.6908344733242	9.0	4.0	7.0	4.0	731.0	116.0	50.0	564.0
21	26	35.51260504201681	1111.4957983193278	4.0	4.0	0.0	1.0	119.0	116.0	0.0	2.0
21	31	507.5073891625616	1249.5073891625616	4.0	4.0	0.0	1.0	203.0	200.0	0.0	3.0
21	33	1875.6624365482232	1313.6624365482232	7.0	4.0	0.0	4.0	788.0	660.0	0.0	128.0
21	35	1467.5202205882354	1321.5183823529412	4.0	4.0	0.0	1.0	544.0	520.0	0.0	22.0
21	38	701.2644178454842	1358.1240478781283	9.0	6.0	7.0	4.0	919.0	314.0	429.0	176.0
21	50	1769.5115511551155	1593.5115511551155	4.0	4.0	0.0	1.0	303.0	296.0	0.0	7.0
21	52	1837.517391304348	1623.517391304348	4.0	4.0	0.0	2.0	460.0	440.0	0.0	20.0
21	56	1710.7179125528914	1704.700282087447	11.0	4.0	10.0	4.0	1418.0	244.0	154.0	1020.0
21	62	1797.52	1751.52	4.0	4.0	0.0	1.0	525.0	504.0	0.0	21.0
21	63	765.5168831168832	1793.516883116883	4.0	4.0	0.0	1.0	385.0	372.0	0.0	13.0
21	64	247.50520833333331	1797.5208333333333	4.0	4.0	2.0	1.0	192.0	184.0	6.0	2.0
21	65	629.5220949263503	1797.5220949263503	4.0	4.0	0.0	1.0	611.0	584.0	0.0	27.0
21	72	2286.7113783533764	1938.7113783533764	9.0	4.0	7.0	4.0	1081.0	184.0	89.0	808.0
21	79	1326.69211514393	2032.70337922403	9.0	6.0	7.0	4.0	799.0	134.0	57.0	608.0
22	17	1429.5117056856188	775.5117056856187	4.0	4.0	0.0	1.0	299.0	292.0	0.0	7.0
22	19	373.51932773109246	855.5210084033613	4.0	4.0	0.0	1.0	595.0	568.0	0.0	25.0
22	22	757.5	929.5	4.0	4.0	0.0	0.0	100.0	100.0	0.0	0.0
22	24	170.7031070195627	980.7031070195628	9.0	4.0	7.0	4.0	869.0	144.0	65.0	660.0
22	28	2143.5180722891564	1101.5180722891566	4.0	4.0	0.0	1.0	415.0	400.0	0.0	15.0
22	31	2169.521885521885	1149.5218855218857	4.0	4.0	0.0	1.0	594.0	568.0	0.0	26.0
22	33	1869.5217391304348	1191.5217391304348	4.0	4.0	0.0	1.0	598.0	572.0	0.0	26.0
22	40	381.5118644067797	1309.5118644067798	4.0	4.0	0.0	1.0	295.0	288.0	0.0	7.0
22	50	497.51953125	1489.7421875	6.0	4.0	4.0	2.0	512.0	388.0	104.0	20.0
22	54	981.52	1523.52	4.0	4.0	0.0	1.0	525.0	504.0	0.0	21.0
22	62	699.5078125	1643.703125	6.0	4.0	4.0	2.0	256.0	204.0	48.0	4.0
22	78	1884.7091273821463	1906.7091273821463	9.0	4.0	7.0	4.0	997.0	168.0	81.0	748.0
22	83	1943.508928571429	1975.508928571429	4.0	4.0	0.0	1.0	224.0	220.0	0.0	4.0
22	86	1233.51875	2005.51875	4.0	4.0	0.0	1.0	480.0	460.0	0.0	19.0
22	88	66.74051593323217	2044.8512898330805	9.0	6.0	6.0	5.0	659.0	138.0	29.0	492.0
23	24	269.5080213903743	1071.5080213903743	4.0	4.0	0.0	1.0	187.0	184.0	0.0	3.0
23	26	1855.5108108108109	1121.5189189189189	4.0	4.0	0.0	2.0	370.0	356.0	0.0	14.0
23	28	1139.5058823529412	1161.5058823529412	4.0	4.0	0.0	1.0	170.0	168.0	0.0	2.0
23	31	2323.516709511568	1409.516709511568	4.0	4.0	0.0	1.0	389.0	376.0	0.0	13.0
23	35	21.520325203252032	1535.520325203252	4.0	4.0	0.0	1.0	492.0	472.0	0.0	20.0
23	44	1785.5	1705.5	4.0	4.0	0.0	0.0	96.0	96.0	0.0	0.0
23	53	1587.513966480447	1861.513966480447	4.0	4.0	0.0	1.0	358.0	348.0	0.0	10.0
24	6	493.6795952782462	401.6888701517706	7.0	5.0	3.0	5.0	1186.0	965.0	8.0	210.0
24	7	1613.5223420647148	435.52234206471496	4.0	4.0	0.0	1.0	649.0	620.0	0.0	29.0
24	32	1509.5072463768115	1167.5072463768115	4.0	4.0	0.0	1.0	207.0	204.0	0.0	3.0
24	49	1809.503448275862	1555.503448275862	4.0	4.0	0.0	0.0	145.0	144.0	0.0	0.0
24	56	2425.512195121951	1739.5121951219512	4.0	4.0	0.0	1.0	287.0	280.0	0.0	7.0
24	79	173.521815008726	2011.521815008726	4.0	4.0	0.0	1.0	573.0	548.0	0.0	25.0
25	6	493.6795952782462	401.6888701517706	7.0	5.0	3.0	5.0	1186.0	965.0	8.0	210.0
25	7	1613.5223420647148	435.52234206471496	4.0	4.0	0.0	1.0	649.0	620.0	0.0	29.0
25	32	1509.5072463768115	1167.5072463768115	4.0	4.0	0.0	1.0	207.0	204.0	0.0	3.0
25	49	1809.503448275862	1555.503448275862	4.0	4.0	0.0	0.0	145.0	144.0	0.0	0.0
25	56	2425.512195121951	1739.5121951219512	4.0	4.0	0.0	1.0	287.0	280.0	0.0	7.0
25	79	173.521815008726	2011.521815008726	4.0	4.0	0.0	1.0	573.0	548.0	0.0	25.0
26	3	2116.680250783699	154.68025078369905	7.0	4.0	5.0	4.0	638.0	100.0	30.0	508.0
26	10	663.5098814229249	583.5098814229249	4.0	4.0	0.0	1.0	253.0	248.0	0.0	5.0
26	27	527.52	1135.5234782608695	4.0	4.0	0.0	2.0	575.0	548.0	0.0	27.0
26	34	1290.676923076923	1266.676923076923	7.0	4.0	5.0	4.0	650.0	100.0	30.0	520.0
26	38	2230.700340522134	1322.7071509648126	9.0	4.0	7.0	6.0	881.0	144.0	65.0	672.0
26	46	813.6627634660422	1473.6651053864168	7.0	4.0	0.0	5.0	854.0	712.0	0.0	142.0
26	47	1061.6674008810571	1473.6674008810571	7.0	4.0	0.0	4.0	908.0	756.0	0.0	152.0
26	52	585.5	1559.5	4.0	4.0	0.0	0.0	100.0	100.0	0.0	0.0
26	64	1479.5163727959698	1841.5163727959696	4.0	4.0	0.0	1.0	397.0	384.0	0.0	13.0
26	65	1421.5189309576838	1851.518930957684	4.0	4.0	0.0	1.0	449.0	432.0	0.0	17.0
27	30	1803.5108359133128	1285.812693498452	6.0	4.0	4.0	2.0	646.0	444.0	188.0	14.0
27	42	909.5128205128206	1531.5128205128206	4.0	4.0	0.0	1.0	312.0	304.0	0.0	8.0
27	52	1175.516709511568	1847.516709511568	4.0	4.0	0.0	1.0	389.0	376.0	0.0	13.0
28	19	1881.508928571429	499.50892857142856	4.0	4.0	0.0	1.0	224.0	220.0	0.0	4.0
28	40	1255.5149700598802	1185.5149700598802	4.0	4.0	0.0	1.0	334.0	324.0	0.0	10.0
28	41	2227.5150753768844	1217.5150753768844	4.0	4.0	0.0	1.0	398.0	384.0	0.0	13.0
28	42	663.527397260274	1237.6917808219175	6.0	4.0	4.0	2.0	584.0	472.0	80.0	32.0
28	45	2091.516806722689	1293.5210084033613	4.0	4.0	0.0	2.0	476.0	456.0	0.0	20.0
28	54	1081.516883116883	1405.516883116883	4.0	4.0	0.0	1.0	385.0	372.0	0.0	13.0
28	60	847.5195071868583	1491.5195071868584	4.0	4.0	0.0	1.0	487.0	468.0	0.0	19.0
28	70	2035.51186440678	1601.5118644067798	4.0	4.0	0.0	1.0	295.0	288.0	0.0	7.0
28	72	1535.5206286836935	1661.5206286836935	4.0	4.0	0.0	1.0	509.0	488.0	0.0	21.0
28	77	681.6633663366337	1783.6633663366338	7.0	4.0	0.0	4.0	808.0	676.0	0.0	132.0
28	78	2075.5114503816794	1793.5114503816794	4.0	4.0	0.0	1.0	262.0	256.0	0.0	6.0
29	19	1881.508928571429	499.50892857142856	4.0	4.0	0.0	1.0	224.0	220.0	0.0	4.0
29	40	1255.5149700598802	1185.5149700598802	4.0	4.0	0.0	1.0	334.0	324.0	0.0	10.0
29	41	2227.5150753768844	1217.5150753768844	4.0	4.0	0.0	1.0	398.0	384.0	0.0	13.0
29	42	663.527397260274	1237.6917808219175	6.0	4.0	4.0	2.0	584.0	472.0	80.0	32.0
29	45	2091.516806722689	1293.5210084033613	4.0	4.0	0.0	2.0	476.0	456.0	0.0	20.0
29	54	1081.516883116883	1405.516883116883	4.0	4.0	0.0	1.0	385.0	372.0	0.0	13.0
29	60	847.5195071868583	1491.5195071868584	4.0	4.0	0.0	1.0	487.0	468.0	0.0	19.0
29	70	2035.51186440678	1601.5118644067798	4.0	4.0	0.0	1.0	295.0	288.0	0.0	7.0
29	72	1535.5206286836935	1661.5206286836935	4.0	4.0	0.0	1.0	509.0	488.0	0.0	21.0
29	77	681.6633663366337	1783.6633663366338	7.0	4.0	0.0	4.0	808.0	676.0	0.0	132.0
29	78	2075.5114503816794	1793.5114503816794	4.0	4.0	0.0	1.0	262.0	256.0	0.0	6.0
30	2	285.5072463768116	237.5072463768116	4.0	4.0	0.0	1.0	207.0	204.0	0.0	3.0
30	10	431.5	543.9344262295082	6.0	4.0	4.0	0.0	488.0	276.0	212.0	0.0
30	18	170.7012542759407	760.7012542759408	9.0	4.0	7.0	4.0	877.0	144.0	65.0	668.0
30	22	104.6953642384106	880.6953642384105	9.0	4.0	7.0	5.0	755.0	120.0	49.0	586.0
30	37	475.5218855218855	1175.5218855218857	4.0	4.0	0.0	1.0	594.0	568.0	0.0	26.0
30	39	1525.6623036649214	1219.6623036649214	7.0	4.0	0.0	4.0	764.0	640.0	0.0	124.0
30	56	2143.504132231405	1605.504132231405	4.0	4.0	0.0	0.0	121.0	120.0	0.0	0.0
30	59	1703.5178997613366	1683.5178997613366	4.0	4.0	0.0	1.0	419.0	404.0	0.0	15.0
30	60	2441.514705882353	1685.5073529411766	4.0	4.0	0.0	2.0	272.0	264.0	0.0	8.0
30	76	1773.5080213903743	1923.5080213903743	4.0	4.0	0.0	1.0	187.0	184.0	0.0	3.0
30	82	2134.7008547008545	1998.6136752136752	9.0	7.0	8.0	4.0	585.0	105.0	32.0	448.0
31	20	2204.721464465183	868.7214644651831	9.0	4.0	7.0	4.0	1393.0	244.0	129.0	1020.0
31	24	751.5121107266436	901.787197231834	6.0	4.0	4.0	2.0	578.0	412.0	152.0	14.0
31	32	1865.504424778761	1195.504424778761	4.0	4.0	0.0	2.0	226.0	220.0	0.0	6.0
31	39	2415.656488549618	1337.6590330788804	7.0	4.0	0.0	5.0	786.0	660.0	0.0	126.0
31	41	247.51637279596977	1349.5163727959698	4.0	4.0	0.0	1.0	397.0	384.0	0.0	13.0
31	44	659.5149863760219	1447.514986376022	4.0	4.0	0.0	1.0	367.0	356.0	0.0	11.0
31	45	1977.5205183585315	1463.5183585313175	4.0	4.0	0.0	1.0	463.0	444.0	0.0	18.0
31	50	1955.5124653739613	1559.5180055401663	4.0	4.0	0.0	2.0	361.0	348.0	0.0	13.0
31	64	2115.520467836257	1889.5204678362568	4.0	4.0	0.0	1.0	513.0	492.0	0.0	21.0
31	76	637.5198412698413	2009.5198412698408	4.0	4.0	0.0	1.0	504.0	484.0	0.0	20.0
32	18	1379.516709511568	583.5167095115681	4.0	4.0	0.0	1.0	389.0	376.0	0.0	13.0
32	20	2423.671517671517	597.6694386694387	7.0	4.0	0.0	5.0	962.0	796.0	0.0	166.0
32	26	1866.716317991632	946.7138075313808	9.0	4.0	7.0	4.0	1195.0	204.0	105.0	884.0
32	27	207.51254480286735	983.5125448028674	4.0	4.0	0.0	1.0	279.0	272.0	0.0	7.0
32	37	1859.5177304964536	1201.517730496454	4.0	4.0	0.0	1.0	423.0	408.0	0.0	15.0
32	52	1211.51966873706	1589.51966873706	4.0	4.0	0.0	1.0	483.0	464.0	0.0	19.0
32	68	580.7021764032073	1856.7021764032077	9.0	4.0	7.0	4.0	873.0	144.0	65.0	664.0
32	73	1923.5147928994083	1913.5147928994083	4.0	4.0	0.0	1.0	338.0	328.0	0.0	10.0
32	76	675.5206286836935	1959.5206286836933	4.0	4.0	0.0	1.0	509.0	488.0	0.0	21.0
33	18	1379.516709511568	583.5167095115681	4.0	4.0	0.0	1.0	389.0	376.0	0.0	13.0
33	20	2423.671517671517	597.6694386694387	7.0	4.0	0.0	5.0	962.0	796.0	0.0	166.0
33	26	1866.716317991632	946.7138075313808	9.0	4.0	7.0	4.0	1195.0	204.0	105.0	884.0
33	27	207.51254480286735	983.5125448028674	4.0	4.0	0.0	1.0	279.0	272.0	0.0	7.0
33	37	1859.5177304964536	1201.517730496454	4.0	4.0	0.0	1.0	423.0	408.0	0.0	15.0
33	52	1211.51966873706	1589.51966873706	4.0	4.0	0.0	1.0	483.0	464.0	0.0	19.0
33	68	580.7021764032073	1856.7021764032077	9.0	4.0	7.0	4.0	873.0	144.0	65.0	664.0
33	73	1923.5147928994083	1913.5147928994083	4.0	4.0	0.0	1.0	338.0	328.0	0.0	10.0
33	76	675.5206286836935	1959.5206286836933	4.0	4.0	0.0	1.0	509.0	488.0	0.0	21.0
34	24	1835.514619883041	985.514619883041	4.0	4.0	0.0	1.0	342.0	332.0	0.0	10.0
34	26	1607.521875	1029.521875	4.0	4.0	0.0	1.0	640.0	612.0	0.0	28.0
34	29	1697.6614583333333	1097.6614583333333	7.0	4.0	0.0	4.0	768.0	644.0	0.0	124.0
34	31	1183.6623376623377	1281.65974025974	7.0	4.0	0.0	5.0	770.0	644.0	0.0	126.0
34	41	1238.7116788321168	1578.7116788321168	9.0	4.0	7.0	4.0	1096.0	184.0	96.0	816.0
34	48	1803.5147928994083	1739.5147928994083	4.0	4.0	0.0	1.0	338.0	328.0	0.0	10.0
34	49	1831.516883116883	1755.516883116883	4.0	4.0	0.0	1.0	385.0	372.0	0.0	13.0
34	50	775.6722846441947	1763.6722846441949	7.0	4.0	0.0	4.0	1068.0	884.0	0.0	184.0
34	60	469.52016129032256	1917.520161290323	4.0	4.0	0.0	1.0	496.0	476.0	0.0	20.0
34	61	2017.5	1937.8125	6.0	4.0	4.0	0.0	384.0	264.0	120.0	0.0
35	32	805.506329113924	1393.2151898734178	6.0	4.0	4.0	1.0	316.0	220.0	92.0	4.0
35	47	973.5044247787612	1691.495575221239	4.0	4.0	0.0	0.0	113.0	112.0	0.0	0.0
35	51	539.5232198142415	1787.517027863777	4.0	4.0	0.0	3.0	646.0	612.0	0.0	34.0
36	3	1779.514619883041	345.5146198830409	4.0	4.0	0.0	1.0	342.0	332.0	0.0	10.0
36	19	7.522522522522522	889.5225225225225	4.0	4.0	0.0	1.0	666.0	636.0	0.0	30.0
36	32	25.5	1259.5	4.0	4.0	0.0	0.0	96.0	96.0	0.0	0.0
36	48	81.51401869158879	1521.5140186915887	4.0	4.0	0.0	1.0	321.0	312.0	0.0	9.0
36	49	2267.52	1535.52	4.0	4.0	0.0	1.0	525.0	504.0	0.0	21.0
36	53	203.5118644067797	1609.5118644067798	4.0	4.0	0.0	1.0	295.0	288.0	0.0	7.0
36	58	2247.519650655022	1679.519650655022	4.0	4.0	0.0	1.0	458.0	440.0	0.0	18.0
36	59	1399.5084745762713	1725.5084745762713	4.0	4.0	0.0	1.0	236.0	232.0	0.0	4.0
36	71	1223.5	1899.5	4.0	4.0	0.0	0.0	100.0	100.0	0.0	0.0
36	76	1829.5198329853863	1971.5198329853863	4.0	4.0	0.0	1.0	479.0	460.0	0.0	19.0
37	3	1779.514619883041	345.5146198830409	4.0	4.0	0.0	1.0	342.0	332.0	0.0	10.0
37	19	7.522522522522522	889.5225225225225	4.0	4.0	0.0	1.0	666.0	636.0	0.0	30.0
37	32	25.5	1259.5	4.0	4.0	0.0	0.0	96.0	96.0	0.0	0.0
37	48	81.51401869158879	1521.5140186915887	4.0	4.0	0.0	1.0	321.0	312.0	0.0	9.0
37	49	2267.52	1535.52	4.0	4.0	0.0	1.0	525.0	504.0	0.0	21.0
37	53	203.5118644067797	1609.5118644067798	4.0	4.0	0.0	1.0	295.0	288.0	0.0	7.0
37	58	2247.519650655022	1679.519650655022	4.0	4.0	0.0	1.0	458.0	440.0	0.0	18.0
37	59	1399.5084745762713	1725.5084745762713	4.0	4.0	0.0	1.0	236.0	232.0	0.0	4.0
37	71	1223.5	1899.5	4.0	4.0	0.0	0.0	100.0	100.0	0.0	0.0
37	76	1829.5198329853863	1971.5198329853863	4.0	4.0	0.0	1.0	479.0	460.0	0.0	19.0
38	22	1587.5194805194806	1015.5194805194806	4.0	4.0	0.0	1.0	462.0	444.0	0.0	18.0
38	25	1649.519650655022	1087.519650655022	4.0	4.0	0.0	1.0	458.0	440.0	0.0	18.0
38	33	2005.521023765996	1221.5210237659962	4.0	4.0	0.0	1.0	547.0	524.0	0.0	23.0
38	39	1558.6745843230403	1278.5593824228029	11.0	4.0	10.0	5.0	842.0	116.0	146.0	580.0
38	52	2067.6702127659573	1559.6702127659576	7.0	4.0	0.0	4.0	940.0	780.0	0.0	160.0
38	59	1605.513333333333	1669.51	4.0	4.0	0.0	1.0	300.0	292.0	0.0	7.0
38	62	1487.6695652173912	1729.6695652173912	7.0	4.0	0.0	4.0	920.0	764.0	0.0	156.0
38	78	1989.520325203252	2043.520325203252	4.0	4.0	0.0	1.0	492.0	472.0	0.0	20.0
39	21	153.5098814229249	897.5098814229249	4.0	4.0	0.0	1.0	253.0	248.0	0.0	5.0
39	24	1763.5204678362572	989.5204678362574	4.0	4.0	0.0	1.0	513.0	492.0	0.0	21.0
39	31	1003.5125448028674	1171.5125448028673	4.0	4.0	0.0	1.0	279.0	272.0	0.0	7.0
39	34	1251.6681415929204	1239.6681415929204	7.0	4.0	0.0	4.0	904.0	752.0	0.0	152.0
39	39	879.5123674911661	1301.512367491166	4.0	4.0	0.0	1.0	283.0	276.0	0.0	7.0
39	40	829.5	1343.8775510204082	6.0	4.0	4.0	0.0	392.0	244.0	148.0	0.0
39	47	215.52248062015505	1473.522480620155	4.0	4.0	0.0	1.0	645.0	616.0	0.0	29.0
39	48	457.5177304964539	1473.517730496454	4.0	4.0	0.0	1.0	423.0	408.0	0.0	15.0
39	53	1179.5059760956176	1617.5059760956176	4.0	4.0	0.0	2.0	251.0	244.0	0.0	7.0
39	56	2121.507462686567	1667.5149253731342	4.0	4.0	0.0	2.0	268.0	260.0	0.0	8.0
39	61	1889.659793814433	1705.659793814433	7.0	4.0	0.0	4.0	776.0	652.0	0.0	124.0
39	78	75.48979591836735	1943.5102040816328	4.0	4.0	0.0	1.0	98.0	96.0	0.0	2.0
40	5	71.66176470588235	229.66176470588235	7.0	4.0	0.0	4.0	816.0	684.0	0.0	132.0
40	6	2015.5058823529407	293.5058823529412	4.0	4.0	0.0	1.0	170.0	168.0	0.0	2.0
40	24	273.51984126984127	907.5198412698412	4.0	4.0	0.0	1.0	504.0	484.0	0.0	20.0
40	28	1975.67004048583	1015.67004048583	7.0	4.0	0.0	4.0	988.0	820.0	0.0	168.0
40	35	451.5098814229249	1179.509881422925	4.0	4.0	0.0	1.0	253.0	248.0	0.0	5.0
40	38	1524.721464465183	1236.721464465183	9.0	4.0	7.0	4.0	1393.0	244.0	129.0	1020.0
40	48	885.6633663366337	1559.6633663366338	7.0	4.0	0.0	4.0	808.0	676.0	0.0	132.0
40	64	303.5220700152207	1789.5220700152206	4.0	4.0	0.0	1.0	657.0	628.0	0.0	29.0
40	65	631.4915254237288	1791.5254237288136	4.0	4.0	2.0	1.0	118.0	112.0	4.0	2.0
40	79	179.52029520295204	1989.520295202952	4.0	4.0	0.0	1.0	542.0	520.0	0.0	22.0
41	5	71.66176470588235	229.66176470588235	7.0	4.0	0.0	4.0	816.0	684.0	0.0	132.0
41	6	2015.5058823529407	293.5058823529412	4.0	4.0	0.0	1.0	170.0	168.0	0.0	2.0
41	24	273.51984126984127	907.5198412698412	4.0	4.0	0.0	1.0	504.0	484.0	0.0	20.0
41	28	1975.67004048583	1015.67004048583	7.0	4.0	0.0	4.0	988.0	820.0	0.0	168.0
41	35	451.5098814229249	1179.509881422925	4.0	4.0	0.0	1.0	253.0	248.0	0.0	5.0
41	38	1524.721464465183	1236.721464465183	9.0	4.0	7.0	4.0	1393.0	244.0	129.0	1020.0
41	48	885.6633663366337	1559.6633663366338	7.0	4.0	0.0	4.0	808.0	676.0	0.0	132.0
41	64	303.5220700152207	1789.5220700152206	4.0	4.0	0.0	1.0	657.0	628.0	0.0	29.0
41	65	631.4915254237288	1791.5254237288136	4.0	4.0	2.0	1.0	118.0	112.0	4.0	2.0
41	79	179.52029520295204	1989.520295202952	4.0	4.0	0.0	1.0	542.0	520.0	0.0	22.0
42	5	933.5118644067796	209.5118644067797	4.0	4.0	0.0	1.0	295.0	288.0	0.0	7.0
42	15	1973.5	621.5	4.0	4.0	0.0	0.0	96.0	96.0	0.0	0.0
42	33	1819.521663778163	1151.521663778163	4.0	4.0	0.0	1.0	577.0	552.0	0.0	25.0
42	35	1523.52	1247.52	4.0	4.0	0.0	1.0	475.0	456.0	0.0	19.0
42	43	1053.508928571429	1333.508928571429	4.0	4.0	0.0	1.0	224.0	220.0	0.0	4.0
42	49	2177.502824858757	1568.1638418079096	6.0	4.0	4.0	1.0	354.0	116.0	236.0	2.0
42	50	575.5	1575.5	4.0	4.0	0.0	0.0	96.0	96.0	0.0	0.0
42	52	253.5084745762712	1629.5084745762713	4.0	4.0	0.0	1.0	236.0	232.0	0.0	4.0
42	55	2279.5114503816794	1667.5114503816794	4.0	4.0	0.0	1.0	262.0	256.0	0.0	6.0
42	59	2161.5131578947367	1777.5131578947369	4.0	4.0	0.0	1.0	304.0	296.0	0.0	8.0
42	60	1840.8470290771177	1828.6371681415928	8.0	4.0	6.0	4.0	791.0	96.0	191.0	504.0
43	6	545.5111111111111	453.5111111111111	4.0	4.0	0.0	1.0	270.0	264.0	0.0	6.0
43	7	1890.7041619797528	468.7041619797525	9.0	4.0	7.0	4.0	889.0	144.0	72.0	672.0
43	14	1183.5206349206348	867.5238095238095	4.0	4.0	0.0	2.0	630.0	600.0	0.0	30.0
43	18	1065.5204678362572	977.5204678362574	4.0	4.0	0.0	1.0	513.0	492.0	0.0	21.0
43	19	321.4901960784314	1035.4901960784314	4.0	4.0	0.0	1.0	102.0	100.0	0.0	2.0
43	30	767.6659574468085	1335.6617021276595	7.0	4.0	2.0	4.0	940.0	776.0	8.0	156.0
43	40	1311.5073891625616	1491.5073891625616	4.0	4.0	0.0	1.0	203.0	200.0	0.0	3.0
43	48	37.49122807017544	1621.491228070175	4.0	4.0	0.0	1.0	114.0	112.0	0.0	2.0
43	58	895.6673819742489	1825.6673819742489	7.0	4.0	0.0	4.0	932.0	776.0	0.0	156.0
43	63	1809.5225225225224	1931.5225225225224	4.0	4.0	0.0	1.0	666.0	636.0	0.0	30.0
44	12	985.6726618705036	675.6726618705036	7.0	4.0	0.0	4.0	1112.0	920.0	0.0	192.0
44	19	1693.5180265654649	845.5218216318785	4.0	4.0	0.0	2.0	527.0	504.0	0.0	23.0
44	27	2219.517730496454	1071.517730496454	4.0	4.0	0.0	1.0	423.0	408.0	0.0	15.0
44	28	2021.522240527183	1087.522240527183	4.0	4.0	0.0	1.0	607.0	580.0	0.0	27.0
44	33	2179.508620689656	1321.5086206896551	4.0	4.0	0.0	1.0	232.0	228.0	0.0	4.0
44	35	1115.508928571429	1341.508928571429	4.0	4.0	0.0	1.0	224.0	220.0	0.0	4.0
44	55	1237.5172413793102	1715.5172413793102	4.0	4.0	0.0	1.0	435.0	420.0	0.0	15.0
44	60	1390.57	1752.66	9.0	6.0	8.0	4.0	700.0	106.0	90.0	504.0
45	12	985.6726618705036	675.6726618705036	7.0	4.0	0.0	4.0	1112.0	920.0	0.0	192.0
45	19	1693.5180265654649	845.5218216318785	4.0	4.0	0.0	2.0	527.0	504.0	0.0	23.0
45	27	2219.517730496454	1071.517730496454	4.0	4.0	0.0	1.0	423.0	408.0	0.0	15.0
45	28	2021.522240527183	1087.522240527183	4.0	4.0	0.0	1.0	607.0	580.0	0.0	27.0
45	33	2179.508620689656	1321.5086206896551	4.0	4.0	0.0	1.0	232.0	228.0	0.0	4.0
45	35	1115.508928571429	1341.508928571429	4.0	4.0	0.0	1.0	224.0	220.0	0.0	4.0
45	55	1237.5172413793102	1715.5172413793102	4.0	4.0	0.0	1.0	435.0	420.0	0.0	15.0
45	60	1390.57	1752.66	9.0	6.0	8.0	4.0	700.0	106.0	90.0	504.0
46	10	2061.521951219512	649.5219512195122	4.0	4.0	0.0	1.0	615.0	588.0	0.0	27.0
46	12	529.5111111111111	769.5111111111111	4.0	4.0	0.0	1.0	270.0	264.0	0.0	6.0
46	15	507.5211267605634	811.5211267605633	4.0	4.0	0.0	1.0	568.0	544.0	0.0	24.0
46	26	1387.5100401606426	1091.5100401606426	4.0	4.0	0.0	1.0	249.0	244.0	0.0	5.0
46	39	142.67731629392972	1472.6773162939296	7.0	4.0	5.0	4.0	626.0	96.0	30.0	500.0
46	59	823.5	1849.5	4.0	4.0	0.0	0.0	96.0	96.0	0.0	0.0
46	65	1833.470588235294	1963.5294117647056	4.0	4.0	0.0	1.0	119.0	112.0	0.0	7.0
47	3	595.5098039215686	205.37908496732027	6.0	4.0	4.0	1.0	306.0	260.0	40.0	6.0
47	10	2150.711678832117	520.7116788321168	9.0	4.0	7.0	4.0	1096.0	184.0	96.0	816.0
47	19	1777.5	767.81	6.0	4.0	4.0	0.0	400.0	276.0	124.0	0.0
47	32	1962.7087062652563	1138.672904800651	11.0	4.0	10.0	4.0	1229.0	204.0	149.0	876.0
47	37	1640.554258241758	1366.6847527472528	11.0	6.0	10.0	4.0	1456.0	234.0	298.0	924.0
47	38	1179.515625	1393.515625	4.0	4.0	0.0	1.0	384.0	372.0	0.0	12.0
47	41	113.66230366492148	1457.6623036649214	7.0	4.0	0.0	4.0	764.0	640.0	0.0	124.0
47	43	1877.5086206896551	1485.5086206896551	4.0	4.0	0.0	1.0	232.0	228.0	0.0	4.0
47	45	465.5	1529.5	4.0	4.0	0.0	0.0	96.0	96.0	0.0	0.0
47	54	725.5075757575758	1757.5151515151515	4.0	4.0	0.0	2.0	264.0	256.0	0.0	8.0
47	62	812.7161290322581	1894.716129032258	9.0	4.0	7.0	4.0	1240.0	212.0	112.0	916.0
47	64	289.67175572519085	1907.671755725191	7.0	4.0	0.0	4.0	1048.0	868.0	0.0	180.0
47	67	1895.5153203342616	2005.5153203342616	4.0	4.0	0.0	1.0	359.0	348.0	0.0	11.0
47	70	2310.455314009662	2041.340579710145	12.0	9.0	8.0	8.0	828.0	175.0	27.0	624.0
48	22	1197.5185995623633	787.5185995623632	4.0	4.0	0.0	1.0	457.0	440.0	0.0	17.0
48	40	242.7201834862385	1528.7201834862385	9.0	4.0	7.0	4.0	1308.0	228.0	120.0	960.0
48	43	401.5189873417722	1615.522151898734	4.0	4.0	0.0	3.0	632.0	600.0	0.0	32.0
48	47	1895.509881422925	1729.509881422925	4.0	4.0	0.0	1.0	253.0	248.0	0.0	5.0
48	55	1426.6926229508197	1868.6618852459017	11.0	6.0	10.0	4.0	976.0	166.0	98.0	712.0
48	58	507.51670951156814	1937.516709511568	4.0	4.0	0.0	1.0	389.0	376.0	0.0	13.0
48	66	1545.517730496454	2035.5177304964536	4.0	4.0	0.0	1.0	423.0	408.0	0.0	15.0
49	22	1197.5185995623633	787.5185995623632	4.0	4.0	0.0	1.0	457.0	440.0	0.0	17.0
49	40	242.7201834862385	1528.7201834862385	9.0	4.0	7.0	4.0	1308.0	228.0	120.0	960.0
49	43	401.5189873417722	1615.522151898734	4.0	4.0	0.0	3.0	632.0	600.0	0.0	32.0
49	47	1895.509881422925	1729.509881422925	4.0	4.0	0.0	1.0	253.0	248.0	0.0	5.0
49	55	1426.6926229508197	1868.6618852459017	11.0	6.0	10.0	4.0	976.0	166.0	98.0	712.0
49	58	507.51670951156814	1937.516709511568	4.0	4.0	0.0	1.0	389.0	376.0	0.0	13.0
49	66	1545.517730496454	2035.5177304964536	4.0	4.0	0.0	1.0	423.0	408.0	0.0	15.0
50	14	1699.5117056856188	857.5117056856187	4.0	4.0	0.0	1.0	299.0	292.0	0.0	7.0
50	22	275.52	1073.5233333333333	4.0	4.0	0.0	2.0	600.0	572.0	0.0	28.0
50	28	919.5073891625616	1205.5073891625616	4.0	4.0	0.0	1.0	203.0	200.0	0.0	3.0
50	32	1752.7178881008667	1248.7178881008667	9.0	4.0	7.0	4.0	1269.0	220.0	113.0	936.0
50	36	1609.6682134570765	1333.6658932714618	7.0	4.0	0.0	5.0	862.0	716.0	0.0	146.0
50	38	1467.514619883041	1383.514619883041	4.0	4.0	0.0	1.0	342.0	332.0	0.0	10.0
50	46	912.6802507836992	1536.680250783699	7.0	4.0	5.0	4.0	638.0	100.0	30.0	508.0
50	47	1965.5128205128208	1537.5128205128206	4.0	4.0	0.0	1.0	312.0	304.0	0.0	8.0
50	48	1019.5075757575758	1551.5151515151515	4.0	4.0	0.0	2.0	264.0	256.0	0.0	8.0
50	49	560.6599597585513	1552.6659959758551	7.0	5.0	5.0	4.0	497.0	75.0	18.0	404.0
50	52	1067.6705426356589	1569.6705426356589	7.0	4.0	0.0	4.0	1032.0	856.0	0.0	176.0
50	55	1109.520161290323	1609.520161290323	4.0	4.0	0.0	1.0	496.0	476.0	0.0	20.0
50	62	1017.5079365079364	1733.7592592592594	6.0	4.0	4.0	2.0	378.0	280.0	92.0	6.0
50	65	153.5123674911661	1755.512367491166	4.0	4.0	0.0	1.0	283.0	276.0	0.0	7.0
50	68	953.521222410866	1765.521222410866	4.0	4.0	0.0	1.0	589.0	564.0	0.0	25.0
50	69	1241.516883116883	1775.516883116883	4.0	4.0	0.0	1.0	385.0	372.0	0.0	13.0
50	71	567.5083333333333	1847.5083333333332	4.0	4.0	0.0	1.0	240.0	236.0	0.0	4.0
51	7	1422.7027027027027	274.7027027027027	9.0	4.0	7.0	4.0	888.0	144.0	72.0	672.0
51	10	258.33081444164566	420.9504617968094	13.0	8.0	10.0	8.0	1191.0	472.0	105.0	614.0
51	11	530.7031070195627	440.7031070195627	9.0	4.0	7.0	4.0	869.0	144.0	65.0	660.0
51	24	334.67699836867865	758.6769983686786	7.0	4.0	5.0	4.0	613.0	96.0	25.0	492.0
51	28	135.52029520295204	881.5202952029521	4.0	4.0	0.0	1.0	542.0	520.0	0.0	22.0
51	30	1261.5153203342618	895.5153203342618	4.0	4.0	0.0	1.0	359.0	348.0	0.0	11.0
51	33	997.5174129353234	1027.5174129353234	4.0	4.0	0.0	1.0	402.0	388.0	0.0	14.0
51	35	2021.5	1050.1818181818182	6.0	4.0	4.0	0.0	352.0	112.0	240.0	0.0
51	41	227.5198412698413	1173.5198412698412	4.0	4.0	0.0	1.0	504.0	484.0	0.0	20.0
51	60	2425.665919282512	1663.6659192825111	7.0	4.0	0.0	4.0	892.0	744.0	0.0	148.0
51	62	897.5116279069767	1705.5116279069769	4.0	4.0	0.0	1.0	258.0	252.0	0.0	6.0
51	63	1481.5127272727273	1713.5127272727273	4.0	4.0	0.0	1.0	275.0	268.0	0.0	7.0
51	83	91.50420168067228	1935.5126050420167	4.0	4.0	0.0	2.0	238.0	232.0	0.0	6.0
51	86	1662.7216828478963	1982.7216828478963	9.0	4.0	7.0	5.0	1236.0	212.0	112.0	912.0
51	87	303.6666666666667	1989.6666666666667	7.0	4.0	0.0	4.0	864.0	720.0	0.0	144.0
51	91	1985.6642512077292	2011.6642512077292	7.0	4.0	0.0	4.0	828.0	692.0	0.0	136.0
52	8	1231.510729613734	559.7896995708154	6.0	4.0	4.0	3.0	466.0	328.0	128.0	10.0
52	14	1495.4689655172417	689.751724137931	6.0	4.0	5.0	0.0	145.0	100.0	45.0	0.0
52	27	127.51532033426184	1147.5153203342618	4.0	4.0	0.0	1.0	359.0	348.0	0.0	11.0
52	37	9.507389162561577	1443.5073891625616	4.0	4.0	0.0	1.0	203.0	200.0	0.0	3.0
52	42	1513.5183486238532	1607.5183486238532	4.0	4.0	0.0	1.0	436.0	420.0	0.0	16.0
52	55	1631.5	1751.980694980695	6.0	6.0	4.0	0.0	518.0	278.0	240.0	0.0
52	66	1271.512367491166	1881.512367491166	4.0	4.0	0.0	1.0	283.0	276.0	0.0	7.0
52	74	1299.5211267605634	1983.5211267605637	4.0	4.0	0.0	1.0	568.0	544.0	0.0	24.0
52	76	923.5112781954888	2017.5112781954888	4.0	4.0	0.0	1.0	266.0	260.0	0.0	6.0
52	77	1537.521815008726	2017.521815008726	4.0	4.0	0.0	1.0	573.0	548.0	0.0	25.0
52	78	2005.520879120879	2031.5164835164835	4.0	4.0	0.0	2.0	455.0	436.0	0.0	19.0
53	8	1231.510729613734	559.7896995708154	6.0	4.0	4.0	3.0	466.0	328.0	128.0	10.0
53	14	1495.4689655172417	689.751724137931	6.0	4.0	5.0	0.0	145.0	100.0	45.0	0.0
53	27	127.51532033426184	1147.5153203342618	4.0	4.0	0.0	1.0	359.0	348.0	0.0	11.0
53	37	9.507389162561577	1443.5073891625616	4.0	4.0	0.0	1.0	203.0	200.0	0.0	3.0
53	42	1513.5183486238532	1607.5183486238532	4.0	4.0	0.0	1.0	436.0	420.0	0.0	16.0
53	55	1631.5	1751.980694980695	6.0	6.0	4.0	0.0	518.0	278.0	240.0	0.0
53	66	1271.512367491166	1881.512367491166	4.0	4.0	0.0	1.0	283.0	276.0	0.0	7.0
53	74	1299.5211267605634	1983.5211267605637	4.0	4.0	0.0	1.0	568.0	544.0	0.0	24.0
53	76	923.5112781954888	2017.5112781954888	4.0	4.0	0.0	1.0	266.0	260.0	0.0	6.0
53	77	1537.521815008726	2017.521815008726	4.0	4.0	0.0	1.0	573.0	548.0	0.0	25.0
53	78	2005.520879120879	2031.5164835164835	4.0	4.0	0.0	2.0	455.0	436.0	0.0	19.0
54	17	253.51965065502185	695.5196506550218	4.0	4.0	0.0	1.0	458.0	440.0	0.0	18.0
54	36	1055.5140186915887	1507.5140186915887	4.0	4.0	0.0	1.0	321.0	312.0	0.0	9.0
54	39	1925.512367491166	1553.512367491166	4.0	4.0	0.0	1.0	283.0	276.0	0.0	7.0
54	43	2115.509881422925	1597.509881422925	4.0	4.0	0.0	1.0	253.0	248.0	0.0	5.0
54	53	2161.50826446281	1853.5082644628096	4.0	4.0	0.0	1.0	242.0	236.0	0.0	5.0
54	55	1545.5	1947.5	4.0	4.0	0.0	0.0	112.0	112.0	0.0	0.0
54	61	525.6702127659574	2037.6702127659576	7.0	4.0	0.0	4.0	940.0	780.0	0.0	160.0
55	1	1111.5111111111112	139.51111111111112	4.0	4.0	0.0	1.0	270.0	264.0	0.0	6.0
55	17	153.5167095115681	925.516709511568	4.0	4.0	0.0	1.0	389.0	376.0	0.0	13.0
55	27	2081.665876777251	1217.6658767772512	7.0	4.0	0.0	4.0	844.0	704.0	0.0	140.0
55	32	43.52173913043478	1373.5217391304348	4.0	4.0	0.0	1.0	667.0	636.0	0.0	30.0
55	37	311.5073891625616	1455.5073891625616	4.0	4.0	0.0	1.0	203.0	200.0	0.0	3.0
55	38	2429.517730496454	1467.51536643026	4.0	4.0	0.0	1.0	423.0	408.0	0.0	14.0
55	40	2053.517730496454	1469.517730496454	4.0	4.0	0.0	1.0	423.0	408.0	0.0	15.0
55	41	557.5126050420168	1505.5042016806722	4.0	4.0	0.0	2.0	238.0	232.0	0.0	6.0
55	46	501.5212765957447	1619.521276595745	4.0	4.0	0.0	1.0	564.0	540.0	0.0	24.0
55	50	1303.5198487712669	1703.5198487712669	4.0	4.0	0.0	1.0	529.0	508.0	0.0	21.0
55	53	1315.672	1731.672	7.0	4.0	0.0	4.0	1000.0	828.0	0.0	172.0
55	63	1975.5128205128208	1905.5128205128208	4.0	4.0	0.0	1.0	312.0	304.0	0.0	8.0
55	74	651.5084175084176	2031.5084175084176	4.0	4.0	0.0	2.0	297.0	288.0	0.0	9.0
55	75	1047.516883116883	2031.516883116883	4.0	4.0	0.0	1.0	385.0	372.0	0.0	13.0
56	23	543.5163727959698	845.5163727959698	4.0	4.0	0.0	1.0	397.0	384.0	0.0	13.0
56	28	1785.5201535508638	967.5201535508636	4.0	4.0	0.0	1.0	521.0	500.0	0.0	21.0
56	32	2001.518987341772	1039.518987341772	4.0	4.0	0.0	1.0	474.0	456.0	0.0	18.0
56	41	1261.5	1206.2	6.0	4.0	4.0	0.0	400.0	120.0	280.0	0.0
56	43	1865.5151515151515	1261.6878787878788	6.0	4.0	4.0	2.0	330.0	268.0	52.0	10.0
56	45	285.5117056856187	1383.5117056856188	4.0	4.0	0.0	1.0	299.0	292.0	0.0	7.0
56	46	2115.5183486238534	1385.5183486238532	4.0	4.0	0.0	1.0	436.0	420.0	0.0	16.0
56	50	1037.5211267605634	1521.5211267605634	4.0	4.0	0.0	1.0	568.0	544.0	0.0	24.0
56	53	1203.506976744186	1573.506976744186	4.0	4.0	0.0	1.0	215.0	212.0	0.0	3.0
56	54	871.5153203342618	1601.5153203342618	4.0	4.0	0.0	1.0	359.0	348.0	0.0	11.0
56	59	1053.5174418604652	1683.5116279069769	4.0	4.0	0.0	2.0	344.0	332.0	0.0	12.0
56	61	418.6813880126183	1764.6813880126183	7.0	4.0	5.0	4.0	634.0	100.0	30.0	504.0
56	67	1655.5203094777562	1797.5203094777562	4.0	4.0	0.0	1.0	517.0	496.0	0.0	21.0
56	76	2107.5195729537368	1949.5231316725976	4.0	4.0	0.0	2.0	562.0	536.0	0.0	26.0
56	78	1257.5112781954888	1971.5112781954888	4.0	4.0	0.0	1.0	266.0	260.0	0.0	6.0
57	23	543.5163727959698	845.5163727959698	4.0	4.0	0.0	1.0	397.0	384.0	0.0	13.0
57	28	1785.5201535508638	967.5201535508636	4.0	4.0	0.0	1.0	521.0	500.0	0.0	21.0
57	32	2001.518987341772	1039.518987341772	4.0	4.0	0.0	1.0	474.0	456.0	0.0	18.0
57	41	1261.5	1206.2	6.0	4.0	4.0	0.0	400.0	120.0	280.0	0.0
57	43	1865.5151515151515	1261.6878787878788	6.0	4.0	4.0	2.0	330.0	268.0	52.0	10.0
57	45	285.5117056856187	1383.5117056856188	4.0	4.0	0.0	1.0	299.0	292.0	0.0	7.0
57	46	2115.5183486238534	1385.5183486238532	4.0	4.0	0.0	1.0	436.0	420.0	0.0	16.0
57	50	1037.5211267605634	1521.5211267605634	4.0	4.0	0.0	1.0	568.0	544.0	0.0	24.0
57	53	1203.506976744186	1573.506976744186	4.0	4.0	0.0	1.0	215.0	212.0	0.0	3.0
57	54	871.5153203342618	1601.5153203342618	4.0	4.0	0.0	1.0	359.0	348.0	0.0	11.0
57	59	1053.5174418604652	1683.5116279069769	4.0	4.0	0.0	2.0	344.0	332.0	0.0	12.0
57	61	418.6813880126183	1764.6813880126183	7.0	4.0	5.0	4.0	634.0	100.0	30.0	504.0
57	67	1655.5203094777562	1797.5203094777562	4.0	4.0	0.0	1.0	517.0	496.0	0.0	21.0
57	76	2107.5195729537368	1949.5231316725976	4.0	4.0	0.0	2.0	562.0	536.0	0.0	26.0
57	78	1257.5112781954888	1971.5112781954888	4.0	4.0	0.0	1.0	266.0	260.0	0.0	6.0
58	28	1385.5	1131.0581395348838	6.0	4.0	4.0	0.0	172.0	96.0	76.0	0.0
58	39	1990.6769983686784	1338.6769983686786	7.0	4.0	5.0	4.0	613.0	96.0	25.0	492.0
58	70	1309.5220125786163	1837.5220125786163	4.0	4.0	0.0	1.0	636.0	608.0	0.0	28.0
59	10	1883.508928571429	517.5089285714286	4.0	4.0	0.0	1.0	224.0	220.0	0.0	4.0
59	12	131.51111111111112	531.5111111111111	4.0	4.0	0.0	1.0	270.0	264.0	0.0	6.0
59	47	2397.519841269841	1655.5198412698412	4.0	4.0	0.0	1.0	504.0	484.0	0.0	20.0
59	49	1719.5226480836236	1663.5191637630662	4.0	4.0	0.0	2.0	574.0	548.0	0.0	26.0
59	51	1285.506976744186	1769.506976744186	4.0	4.0	0.0	1.0	215.0	212.0	0.0	3.0
59	68	1613.522480620155	2027.522480620155	4.0	4.0	0.0	1.0	645.0	616.0	0.0	29.0
60	10	1883.508928571429	517.5089285714286	4.0	4.0	0.0	1.0	224.0	220.0	0.0	4.0
60	12	131.51111111111112	531.5111111111111	4.0	4.0	0.0	1.0	270.0	264.0	0.0	6.0
60	47	2397.519841269841	1655.5198412698412	4.0	4.0	0.0	1.0	504.0	484.0	0.0	20.0
60	49	1719.5226480836236	1663.5191637630662	4.0	4.0	0.0	2.0	574.0	548.0	0.0	26.0
60	51	1285.506976744186	1769.506976744186	4.0	4.0	0.0	1.0	215.0	212.0	0.0	3.0
60	68	1613.522480620155	2027.522480620155	4.0	4.0	0.0	1.0	645.0	616.0	0.0	29.0
61	22	1053.5112781954888	987.5112781954888	4.0	4.0	0.0	1.0	266.0	260.0	0.0	6.0
61	29	1219.5198487712669	1327.5198487712669	4.0	4.0	0.0	1.0	529.0	508.0	0.0	21.0
61	34	1655.5086206896551	1451.5086206896551	4.0	4.0	0.0	1.0	232.0	228.0	0.0	4.0
61	37	456.6929238985314	1658.6929238985313	9.0	4.0	7.0	4.0	749.0	120.0	49.0	580.0
61	46	550.6977660972404	1792.6977660972404	9.0	4.0	7.0	8.0	761.0	120.0	49.0	592.0
61	50	1929.66742081448	1969.66742081448	7.0	4.0	0.0	4.0	884.0	736.0	0.0	148.0
62	10	459.51706036745406	569.5170603674541	4.0	4.0	0.0	1.0	381.0	368.0	0.0	13.0
62	15	131.52243589743588	763.5224358974359	4.0	4.0	0.0	1.0	624.0	596.0	0.0	28.0
62	17	1329.5042016806722	827.5126050420168	4.0	4.0	0.0	2.0	238.0	232.0	0.0	6.0
62	18	1293.5198487712669	859.5198487712665	4.0	4.0	0.0	1.0	529.0	508.0	0.0	21.0
62	21	135.5183486238532	911.5183486238532	4.0	4.0	0.0	1.0	436.0	420.0	0.0	16.0
62	45	849.5034482758621	1407.503448275862	4.0	4.0	0.0	0.0	145.0	144.0	0.0	0.0
62	47	933.516709511568	1443.516709511568	4.0	4.0	0.0	1.0	389.0	376.0	0.0	13.0
62	52	2289.5	1519.5	4.0	4.0	0.0	0.0	120.0	120.0	0.0	0.0
62	53	1621.5153203342618	1521.5153203342618	4.0	4.0	0.0	1.0	359.0	348.0	0.0	11.0
62	74	1697.5128205128206	1895.5128205128208	4.0	4.0	0.0	1.0	312.0	304.0	0.0	8.0
62	76	193.51555555555555	1975.5155555555557	4.0	4.0	0.0	2.0	450.0	432.0	0.0	18.0
63	11	591.5137254901961	633.7627450980392	6.0	4.0	4.0	2.0	510.0	376.0	120.0	14.0
63	20	241.5166240409207	967.5140664961637	4.0	4.0	0.0	1.0	391.0	376.0	0.0	13.0
63	31	2271.336661120355	1177.8624514697726	13.0	8.0	4.0	8.0	1803.0	1068.0	180.0	552.0
63	36	1935.5042735042732	1423.5042735042734	4.0	4.0	0.0	0.0	117.0	116.0	0.0	0.0
63	40	861.5084745762712	1505.5084745762713	4.0	4.0	0.0	1.0	236.0	232.0	0.0	4.0
63	55	142.70912738214645	1796.7091273821463	9.0	4.0	7.0	4.0	997.0	168.0	81.0	748.0
63	56	555.5	1811.7307692307693	6.0	4.0	4.0	0.0	156.0	120.0	36.0	0.0
63	63	187.66062176165804	1919.660621761658	7.0	4.0	0.0	4.0	772.0	648.0	0.0	124.0
64	10	696.6802507836991	524.6802507836991	7.0	4.0	5.0	4.0	638.0	100.0	30.0	508.0
64	17	1525.5128205128206	663.5128205128206	4.0	4.0	0.0	1.0	312.0	304.0	0.0	8.0
64	25	446.69948186528495	820.6865284974093	9.0	4.0	7.0	6.0	772.0	120.0	52.0	600.0
64	27	2103.520080321285	905.5180722891566	4.0	4.0	0.0	1.0	498.0	476.0	0.0	20.0
64	42	1885.503448275862	1245.503448275862	4.0	4.0	0.0	0.0	145.0	144.0	0.0	0.0
64	49	1253.5205992509364	1365.5205992509364	4.0	4.0	0.0	1.0	534.0	512.0	0.0	22.0
64	51	631.5084745762712	1375.5084745762713	4.0	4.0	0.0	1.0	236.0	232.0	0.0	4.0
64	53	2295.51966873706	1391.51966873706	4.0	4.0	0.0	1.0	483.0	464.0	0.0	19.0
64	66	1639.5023923444976	1611.5023923444976	4.0	4.0	0.0	2.0	209.0	204.0	0.0	5.0
64	72	2402.720812182741	1696.715736040609	9.0	4.0	7.0	7.0	1182.0	200.0	104.0	878.0
64	73	477.50892857142856	1701.508928571429	4.0	4.0	0.0	1.0	224.0	220.0	0.0	4.0
64	75	1769.52	1779.52	4.0	4.0	0.0	1.0	500.0	480.0	0.0	20.0
64	78	1591.6674208144796	1837.66742081448	7.0	4.0	0.0	4.0	884.0	736.0	0.0	148.0
64	83	1291.516709511568	1899.516709511568	4.0	4.0	0.0	1.0	389.0	376.0	0.0	13.0
65	10	696.6802507836991	524.6802507836991	7.0	4.0	5.0	4.0	638.0	100.0	30.0	508.0
65	17	1525.5128205128206	663.5128205128206	4.0	4.0	0.0	1.0	312.0	304.0	0.0	8.0
65	25	446.69948186528495	820.6865284974093	9.0	4.0	7.0	6.0	772.0	120.0	52.0	600.0
65	27	2103.520080321285	905.5180722891566	4.0	4.0	0.0	1.0	498.0	476.0	0.0	20.0
65	42	1885.503448275862	1245.503448275862	4.0	4.0	0.0	0.0	145.0	144.0	0.0	0.0
65	49	1253.5205992509364	1365.5205992509364	4.0	4.0	0.0	1.0	534.0	512.0	0.0	22.0
65	51	631.5084745762712	1375.5084745762713	4.0	4.0	0.0	1.0	236.0	232.0	0.0	4.0
65	53	2295.51966873706	1391.51966873706	4.0	4.0	0.0	1.0	483.0	464.0	0.0	19.0
65	66	1639.5023923444976	1611.5023923444976	4.0	4.0	0.0	2.0	209.0	204.0	0.0	5.0
65	72	2402.720812182741	1696.715736040609	9.0	4.0	7.0	7.0	1182.0	200.0	104.0	878.0
65	73	477.50892857142856	1701.508928571429	4.0	4.0	0.0	1.0	224.0	220.0	0.0	4.0
65	75	1769.52	1779.52	4.0	4.0	0.0	1.0	500.0	480.0	0.0	20.0
65	78	1591.6674208144796	1837.66742081448	7.0	4.0	0.0	4.0	884.0	736.0	0.0	148.0
65	83	1291.516709511568	1899.516709511568	4.0	4.0	0.0	1.0	389.0	376.0	0.0	13.0
66	9	675.5196506550218	793.5196506550218	4.0	4.0	0.0	1.0	458.0	440.0	0.0	18.0
66	19	2205.5198487712664	995.5198487712664	4.0	4.0	0.0	1.0	529.0	508.0	0.0	21.0
66	35	663.521815008726	1323.521815008726	4.0	4.0	0.0	1.0	573.0	548.0	0.0	25.0
66	43	2186.6791277258567	1476.6791277258567	7.0	4.0	5.0	4.0	642.0	100.0	30.0	512.0
66	52	91.5	1649.8564356435645	6.0	4.0	4.0	0.0	404.0	260.0	144.0	0.0
67	23	2248.7027027027025	1166.7027027027027	9.0	4.0	7.0	4.0	888.0	144.0	72.0	672.0
67	33	2113.5126050420167	1341.5042016806722	4.0	4.0	0.0	2.0	238.0	232.0	0.0	6.0
67	49	1580.6780185758514	1710.6780185758514	7.0	4.0	5.0	4.0	646.0	100.0	30.0	516.0
67	53	1715.6643192488264	1763.6643192488264	7.0	4.0	0.0	4.0	852.0	712.0	0.0	140.0
67	65	525.5202312138729	1979.5183044315995	4.0	4.0	0.0	1.0	519.0	496.0	0.0	21.0
67	67	685.5	1993.5	4.0	4.0	0.0	0.0	112.0	112.0	0.0	0.0
68	14	555.0844155844156	694.1948051948052	12.0	8.0	10.0	4.0	1848.0	764.0	452.0	632.0
68	38	1983.5163727959696	1509.5163727959698	4.0	4.0	0.0	1.0	397.0	384.0	0.0	13.0
68	39	1389.5	1526.6601307189542	6.0	6.0	4.0	0.0	306.0	58.0	248.0	0.0
68	41	1521.503448275862	1549.503448275862	4.0	4.0	0.0	0.0	145.0	144.0	0.0	0.0
68	53	2083.4897959183672	1749.5102040816328	4.0	4.0	0.0	1.0	98.0	96.0	0.0	2.0
68	59	1879.508875739645	1791.7307692307693	6.0	4.0	4.0	2.0	338.0	260.0	72.0	6.0
68	62	105.5176848874598	1907.7733118971064	6.0	4.0	4.0	2.0	622.0	452.0	148.0	22.0
68	67	1645.5163727959698	1975.5163727959696	4.0	4.0	0.0	1.0	397.0	384.0	0.0	13.0
69	14	555.0844155844156	694.1948051948052	12.0	8.0	10.0	4.0	1848.0	764.0	452.0	632.0
69	38	1983.5163727959696	1509.5163727959698	4.0	4.0	0.0	1.0	397.0	384.0	0.0	13.0
69	39	1389.5	1526.6601307189542	6.0	6.0	4.0	0.0	306.0	58.0	248.0	0.0
69	41	1521.503448275862	1549.503448275862	4.0	4.0	0.0	0.0	145.0	144.0	0.0	0.0
69	53	2083.4897959183672	1749.5102040816328	4.0	4.0	0.0	1.0	98.0	96.0	0.0	2.0
69	59	1879.508875739645	1791.7307692307693	6.0	4.0	4.0	2.0	338.0	260.0	72.0	6.0
69	62	105.5176848874598	1907.7733118971064	6.0	4.0	4.0	2.0	622.0	452.0	148.0	22.0
69	67	1645.5163727959698	1975.5163727959696	4.0	4.0	0.0	1.0	397.0	384.0	0.0	13.0
70	0	712.6931359353971	12.69313593539704	9.0	4.0	7.0	5.0	743.0	116.0	49.0	578.0
70	22	1985.5194805194808	727.5194805194806	4.0	4.0	0.0	1.0	462.0	444.0	0.0	18.0
70	23	135.51660516605165	761.5239852398524	4.0	4.0	0.0	2.0	542.0	516.0	0.0	26.0
70	25	1961.51186440678	899.5118644067796	4.0	4.0	0.0	1.0	295.0	288.0	0.0	7.0
70	34	369.51461988304095	1145.514619883041	4.0	4.0	0.0	3.0	342.0	328.0	0.0	14.0
70	42	2123.520871143376	1343.5208711433756	4.0	4.0	0.0	1.0	551.0	528.0	0.0	23.0
70	49	1467.508928571429	1537.508928571429	4.0	4.0	0.0	1.0	224.0	220.0	0.0	4.0
70	59	557.5112781954887	1831.5112781954888	4.0	4.0	0.0	1.0	266.0	260.0	0.0	6.0
70	62	1023.5206286836936	1885.5206286836933	4.0	4.0	0.0	1.0	509.0	488.0	0.0	21.0
70	74	329.5218120805369	2043.520134228188	4.0	4.0	0.0	1.0	596.0	568.0	0.0	26.0
71	19	28.67670364500792	990.6782884310618	7.0	4.0	5.0	4.0	631.0	96.0	30.0	504.0
71	21	1131.5111111111112	1025.5111111111112	4.0	4.0	0.0	1.0	270.0	264.0	0.0	6.0
71	24	1115.5181818181818	1217.5181818181818	4.0	4.0	0.0	1.0	440.0	424.0	0.0	16.0
71	30	2073.5100401606423	1335.5100401606426	4.0	4.0	0.0	1.0	249.0	244.0	0.0	5.0
71	35	396.6529477196885	1419.0600667408232	11.0	5.0	7.0	8.0	899.0	115.0	48.0	736.0
71	40	357.51822503961967	1513.3851030110934	6.0	4.0	4.0	1.0	631.0	524.0	84.0	23.0
71	42	1877.5114503816797	1519.5114503816794	4.0	4.0	0.0	1.0	262.0	256.0	0.0	6.0
71	54	836.6878453038674	1706.687845303867	9.0	4.0	7.0	4.0	724.0	112.0	48.0	564.0
71	63	2161.6605744125327	1915.6605744125327	7.0	4.0	0.0	5.0	766.0	640.0	0.0	126.0
71	65	979.5073891625616	1937.5073891625616	4.0	4.0	0.0	1.0	203.0	200.0	0.0	3.0
71	66	513.5	1977.8846153846157	6.0	4.0	4.0	0.0	156.0	96.0	60.0	0.0
72	6	1551.6641791044776	425.6641791044776	7.0	4.0	0.0	4.0	804.0	672.0	0.0	132.0
72	20	736.7019498607242	884.6894150417827	9.0	4.0	7.0	6.0	718.0	112.0	48.0	558.0
72	26	746.2870967741935	951.6677419354838	7.0	3.0	7.0	0.0	310.0	21.0	289.0	0.0
72	34	897.5189873417721	1191.522151898734	4.0	4.0	0.0	3.0	632.0	600.0	0.0	32.0
72	46	269.5166163141994	1587.5105740181268	4.0	4.0	0.0	2.0	331.0	320.0	0.0	11.0
72	50	1802.188311688312	1749.95670995671	12.0	8.0	6.0	4.0	462.0	296.0	90.0	76.0
72	56	1939.5174418604647	1845.5116279069769	4.0	4.0	0.0	2.0	344.0	332.0	0.0	12.0
72	58	1957.5222929936303	1941.5222929936303	4.0	4.0	0.0	1.0	628.0	600.0	0.0	28.0
72	61	1171.5148514851485	1971.5148514851485	4.0	4.0	0.0	2.0	404.0	388.0	0.0	16.0
73	6	1551.6641791044776	425.6641791044776	7.0	4.0	0.0	4.0	804.0	672.0	0.0	132.0
73	20	736.7019498607242	884.6894150417827	9.0	4.0	7.0	6.0	718.0	112.0	48.0	558.0
73	26	746.2870967741935	951.6677419354838	7.0	3.0	7.0	0.0	310.0	21.0	289.0	0.0
73	34	897.5189873417721	1191.522151898734	4.0	4.0	0.0	3.0	632.0	600.0	0.0	32.0
73	46	269.5166163141994	1587.5105740181268	4.0	4.0	0.0	2.0	331.0	320.0	0.0	11.0
73	50	1802.188311688312	1749.95670995671	12.0	8.0	6.0	4.0	462.0	296.0	90.0	76.0
73	56	1939.5174418604647	1845.5116279069769	4.0	4.0	0.0	2.0	344.0	332.0	0.0	12.0
73	58	1957.5222929936303	1941.5222929936303	4.0	4.0	0.0	1.0	628.0	600.0	0.0	28.0
73	61	1171.5148514851485	1971.5148514851485	4.0	4.0	0.0	2.0	404.0	388.0	0.0	16.0
74	19	1393.5217391304348	685.5177865612649	4.0	4.0	0.0	2.0	506.0	484.0	0.0	22.0
74	23	2153.5	789.5	4.0	4.0	0.0	0.0	96.0	96.0	0.0	0.0
74	28	1182.691899070385	990.6918990703851	9.0	4.0	7.0	4.0	753.0	120.0	49.0	584.0
74	30	2236.68	1018.6861538461538	7.0	4.0	5.0	5.0	650.0	100.0	30.0	520.0
74	33	2238.7124542124543	1036.7124542124543	9.0	4.0	7.0	4.0	1092.0	184.0	96.0	812.0
74	38	1985.509881422925	1097.509881422925	4.0	4.0	0.0	1.0	253.0	248.0	0.0	5.0
74	50	1183.5117056856188	1305.5117056856188	4.0	4.0	0.0	1.0	299.0	292.0	0.0	7.0
74	57	1779.5180055401663	1451.5124653739613	4.0	4.0	0.0	2.0	361.0	348.0	0.0	13.0
74	64	1187.514950166113	1653.5083056478406	4.0	4.0	0.0	2.0	301.0	292.0	0.0	9.0
75	17	939.6658767772512	743.6658767772511	7.0	4.0	0.0	4.0	844.0	704.0	0.0	140.0
75	21	371.506976744186	833.4883720930233	4.0	4.0	2.0	1.0	215.0	204.0	8.0	3.0
75	24	325.5042735042735	855.5042735042736	4.0	4.0	0.0	0.0	117.0	116.0	0.0	0.0
75	43	1166.6813880126183	1196.6813880126183	7.0	4.0	5.0	4.0	634.0	100.0	30.0	504.0
75	47	1493.506726457399	1341.506726457399	4.0	4.0	0.0	1.0	223.0	220.0	0.0	3.0
75	59	2153.5205992509364	1725.5205992509364	4.0	4.0	0.0	1.0	534.0	512.0	0.0	22.0
75	66	1703.5116279069769	1817.5083056478409	4.0	4.0	0.0	1.0	301.0	292.0	0.0	7.0
75	68	897.520325203252	1933.520325203252	4.0	4.0	0.0	1.0	492.0	472.0	0.0	20.0
76	15	1455.5196850393702	963.51968503937	4.0	4.0	0.0	1.0	508.0	488.0	0.0	20.0
76	23	1210.7156862745098	1216.720965309201	9.0	4.0	8.0	6.0	1326.0	228.0	130.0	968.0
76	24	156.71428571428572	1220.7142857142858	9.0	4.0	7.0	4.0	1176.0	200.0	104.0	872.0
76	27	2147.52052545156	1295.5238095238096	4.0	4.0	0.0	2.0	609.0	580.0	0.0	29.0
76	31	93.51436031331592	1371.5143603133158	4.0	4.0	0.0	2.0	383.0	368.0	0.0	15.0
76	33	2063.5080213903743	1459.5080213903743	4.0	4.0	0.0	1.0	187.0	184.0	0.0	3.0
76	42	1183.5084745762713	1585.5084745762713	4.0	4.0	0.0	1.0	236.0	232.0	0.0	4.0
76	52	1149.5125448028673	1777.5125448028673	4.0	4.0	0.0	1.0	279.0	272.0	0.0	7.0
76	58	799.5203094777563	1877.520309477756	4.0	4.0	0.0	1.0	517.0	496.0	0.0	21.0
76	60	213.65891472868216	1885.6614987080104	7.0	4.0	0.0	5.0	774.0	648.0	0.0	126.0
77	15	1455.5196850393702	963.51968503937	4.0	4.0	0.0	1.0	508.0	488.0	0.0	20.0
77	23	1210.7156862745098	1216.720965309201	9.0	4.0	8.0	6.0	1326.0	228.0	130.0	968.0
77	24	156.71428571428572	1220.7142857142858	9.0	4.0	7.0	4.0	1176.0	200.0	104.0	872.0
77	27	2147.52052545156	1295.5238095238096	4.0	4.0	0.0	2.0	609.0	580.0	0.0	29.0
77	31	93.51436031331592	1371.5143603133158	4.0	4.0	0.0	2.0	383.0	368.0	0.0	15.0
77	33	2063.5080213903743	1459.5080213903743	4.0	4.0	0.0	1.0	187.0	184.0	0.0	3.0
77	42	1183.5084745762713	1585.5084745762713	4.0	4.0	0.0	1.0	236.0	232.0	0.0	4.0
77	52	1149.5125448028673	1777.5125448028673	4.0	4.0	0.0	1.0	279.0	272.0	0.0	7.0
77	58	799.5203094777563	1877.520309477756	4.0	4.0	0.0	1.0	517.0	496.0	0.0	21.0
77	60	213.65891472868216	1885.6614987080104	7.0	4.0	0.0	5.0	774.0	648.0	0.0	126.0
78	34	351.50515463917526	1195.494845360825	4.0	4.0	0.0	0.0	97.0	96.0	0.0	0.0
78	35	833.4876033057851	1221.4876033057851	4.0	4.0	0.0	1.0	121.0	116.0	0.0	4.0
78	42	2185.5201612903224	1351.520161290323	4.0	4.0	0.0	1.0	496.0	476.0	0.0	20.0
78	43	195.49772727272727	1426.8727272727272	6.0	6.0	4.0	3.0	440.0	170.0	264.0	6.0
78	46	363.659793814433	1481.659793814433	7.0	4.0	0.0	4.0	776.0	652.0	0.0	124.0
78	70	1883.51186440678	2017.51186440678	4.0	4.0	0.0	1.0	295.0	288.0	0.0	7.0
79	13	2374.7021764032074	734.7021764032073	9.0	4.0	7.0	4.0	873.0	144.0	65.0	664.0
79	18	2095.520754716981	875.5207547169812	4.0	4.0	0.0	1.0	530.0	508.0	0.0	22.0
79	22	1823.514450867052	965.514450867052	4.0	4.0	0.0	1.0	346.0	336.0	0.0	10.0
79	30	927.5183486238532	1303.5183486238532	4.0	4.0	0.0	1.0	436.0	420.0	0.0	16.0
79	35	571.5206286836935	1371.5206286836935	4.0	4.0	0.0	1.0	509.0	488.0	0.0	21.0
79	37	1717.52	1415.52	4.0	4.0	0.0	2.0	600.0	572.0	0.0	28.0
79	42	743.5130208333334	1593.5130208333333	4.0	4.0	0.0	1.0	384.0	372.0	0.0	11.0
79	50	873.7370030581039	1803.737003058104	7.0	5.0	0.0	4.0	654.0	502.0	0.0	152.0
79	52	357.5210792580101	1829.52107925801	4.0	4.0	0.0	1.0	593.0	568.0	0.0	25.0
79	53	889.6673286991063	1861.6722939424037	7.0	4.0	0.0	6.0	1007.0	828.0	0.0	179.0
79	54	2399.6666666666665	1865.6666666666667	7.0	4.0	0.0	4.0	888.0	740.0	0.0	148.0
79	56	1595.508928571429	1953.508928571429	4.0	4.0	0.0	1.0	224.0	220.0	0.0	4.0
79	57	2321.521551724138	1961.5172413793105	4.0	4.0	0.0	2.0	464.0	444.0	0.0	20.0
80	9	2159.5183486238534	539.5183486238532	4.0	4.0	0.0	1.0	436.0	420.0	0.0	16.0
80	13	2119.5	661.4901960784314	4.0	4.0	0.0	0.0	102.0	100.0	0.0	0.0
80	19	1411.5	876.1323529411765	6.0	4.0	4.0	0.0	272.0	100.0	172.0	0.0
80	22	1925.542757417103	955.588132635253	5.0	5.0	0.0	2.0	573.0	527.0	0.0	46.0
80	36	1106.6588921282798	1350.558309037901	9.0	4.0	8.0	4.0	686.0	96.0	94.0	496.0
80	39	1608.6916780354709	1408.6916780354709	9.0	4.0	7.0	4.0	733.0	116.0	49.0	568.0
80	49	2267.5205992509364	1527.5205992509364	4.0	4.0	0.0	1.0	534.0	512.0	0.0	22.0
80	61	643.5211267605633	1899.5211267605637	4.0	4.0	0.0	1.0	568.0	544.0	0.0	24.0
80	65	981.5073891625616	1973.5073891625616	4.0	4.0	0.0	1.0	203.0	200.0	0.0	3.0
81	9	2159.5183486238534	539.5183486238532	4.0	4.0	0.0	1.0	436.0	420.0	0.0	16.0
81	13	2119.5	661.4901960784314	4.0	4.0	0.0	0.0	102.0	100.0	0.0	0.0
81	19	1411.5	876.1323529411765	6.0	4.0	4.0	0.0	272.0	100.0	172.0	0.0
81	22	1925.542757417103	955.588132635253	5.0	5.0	0.0	2.0	573.0	527.0	0.0	46.0
81	36	1106.6588921282798	1350.558309037901	9.0	4.0	8.0	4.0	686.0	96.0	94.0	496.0
81	39	1608.6916780354709	1408.6916780354709	9.0	4.0	7.0	4.0	733.0	116.0	49.0	568.0
81	49	2267.5205992509364	1527.5205992509364	4.0	4.0	0.0	1.0	534.0	512.0	0.0	22.0
81	61	643.5211267605633	1899.5211267605637	4.0	4.0	0.0	1.0	568.0	544.0	0.0	24.0
81	65	981.5073891625616	1973.5073891625616	4.0	4.0	0.0	1.0	203.0	200.0	0.0	3.0
82	7	1055.5086206896551	405.5086206896552	4.0	4.0	0.0	1.0	232.0	228.0	0.0	4.0
82	19	1397.5183486238532	817.5183486238532	4.0	4.0	0.0	1.0	436.0	420.0	0.0	16.0
82	26	29.521367521367523	1019.5213675213676	4.0	4.0	0.0	1.0	585.0	560.0	0.0	25.0
82	30	1457.508547008547	1227.5042735042734	4.0	4.0	0.0	1.0	234.0	228.0	0.0	4.0
82	60	81.4957264957265	1809.9957264957263	6.0	4.0	4.0	2.0	468.0	236.0	228.0	4.0
82	68	1195.517730496454	1955.5177304964536	4.0	4.0	0.0	1.0	423.0	408.0	0.0	15.0
82	72	2159.509881422925	2007.509881422925	4.0	4.0	0.0	1.0	253.0	248.0	0.0	5.0
83	35	960.6899441340782	1180.6871508379888	9.0	4.0	8.0	4.0	716.0	112.0	52.0	552.0
83	43	1378.6554621848738	1342.5378151260504	9.0	4.0	8.0	4.0	714.0	96.0	114.0	504.0
83	44	483.51858407079646	1347.5221238938052	4.0	4.0	0.0	2.0	565.0	540.0	0.0	25.0
83	61	1483.6735849056604	1867.6735849056604	7.0	4.0	0.0	4.0	1060.0	876.0	0.0	184.0
83	62	1263.5201535508638	1873.520153550864	4.0	4.0	0.0	1.0	521.0	500.0	0.0	21.0
83	70	1319.521875	1945.521875	4.0	4.0	0.0	1.0	640.0	612.0	0.0	28.0
83	73	1121.4975124378109	2001.89552238806	6.0	4.0	4.0	0.0	201.0	120.0	80.0	0.0
84	26	1273.5186567164178	1163.5186567164178	4.0	4.0	0.0	2.0	536.0	512.0	0.0	24.0
84	30	885.5	1279.9276315789473	6.0	4.0	4.0	0.0	608.0	348.0	260.0	0.0
84	44	113.07035175879398	1640.532663316583	9.0	3.0	4.0	7.0	398.0	15.0	164.0	218.0
84	47	230.6628895184136	1706.57223796034	9.0	4.0	8.0	4.0	706.0	100.0	94.0	512.0
84	48	2013.521804511278	1709.521804511278	4.0	4.0	0.0	1.0	665.0	636.0	0.0	29.0
84	49	2180.687845303868	1714.687845303867	9.0	4.0	7.0	4.0	724.0	112.0	48.0	564.0
84	54	477.5122807017544	1859.508771929825	4.0	4.0	0.0	1.0	285.0	276.0	0.0	7.0
84	57	1727.5	1909.4897959183672	4.0	4.0	0.0	0.0	98.0	96.0	0.0	0.0
84	62	1876.6941813261164	1978.6941813261164	9.0	4.0	7.0	5.0	739.0	116.0	49.0	574.0
84	64	772.6868131868132	2032.7032967032967	9.0	4.0	7.0	6.0	728.0	112.0	48.0	568.0
85	8	851.5100401606426	423.5100401606426	4.0	4.0	0.0	1.0	249.0	244.0	0.0	5.0
85	12	995.6614583333334	571.6614583333334	7.0	4.0	0.0	4.0	768.0	644.0	0.0	124.0
85	16	144.66862170087975	744.6041055718475	9.0	4.0	8.0	4.0	682.0	100.0	74.0	508.0
85	22	251.659793814433	963.659793814433	7.0	4.0	0.0	4.0	776.0	652.0	0.0	124.0
85	28	759.6701244813278	1049.6701244813278	7.0	4.0	0.0	4.0	964.0	800.0	0.0	164.0
85	33	2259.520720720721	1135.5207207207206	4.0	4.0	0.0	1.0	555.0	532.0	0.0	23.0
85	38	1618.7124542124543	1314.7124542124543	9.0	4.0	7.0	4.0	1092.0	184.0	96.0	812.0
85	52	981.5	1783.8695652173913	6.0	4.0	4.0	0.0	184.0	116.0	68.0	0.0
86	8	851.5100401606426	423.5100401606426	4.0	4.0	0.0	1.0	249.0	244.0	0.0	5.0
86	12	995.6614583333334	571.6614583333334	7.0	4.0	0.0	4.0	768.0	644.0	0.0	124.0
86	16	144.66862170087975	744.6041055718475	9.0	4.0	8.0	4.0	682.0	100.0	74.0	508.0
86	22	251.659793814433	963.659793814433	7.0	4.0	0.0	4.0	776.0	652.0	0.0	124.0
86	28	759.6701244813278	1049.6701244813278	7.0	4.0	0.0	4.0	964.0	800.0	0.0	164.0
86	33	2259.520720720721	1135.5207207207206	4.0	4.0	0.0	1.0	555.0	532.0	0.0	23.0
86	38	1618.7124542124543	1314.7124542124543	9.0	4.0	7.0	4.0	1092.0	184.0	96.0	812.0
86	52	981.5	1783.8695652173913	6.0	4.0	4.0	0.0	184.0	116.0	68.0	0.0
87	1	1761.530864197531	93.72469135802469	6.0	4.0	4.0	2.0	810.0	628.0	132.0	50.0
87	5	2175.48502994012	267.83682634730536	6.0	4.0	5.0	5.0	668.0	436.0	188.0	44.0
87	11	841.5198329853862	651.5198329853862	4.0	4.0	0.0	1.0	479.0	460.0	0.0	19.0
87	17	403.5	801.5	4.0	4.0	0.0	0.0	112.0	112.0	0.0	0.0
87	30	1083.52296819788	1339.729681978799	6.0	4.0	4.0	2.0	566.0	436.0	104.0	26.0
87	31	1609.5092024539877	1389.739263803681	6.0	4.0	4.0	2.0	326.0	248.0	72.0	6.0
87	32	273.66517857142856	1397.665178571429	7.0	4.0	0.0	4.0	896.0	748.0	0.0	148.0
87	38	841.5196506550218	1473.519650655022	4.0	4.0	0.0	1.0	458.0	440.0	0.0	18.0
87	54	1931.6624365482232	1629.6624365482232	7.0	4.0	0.0	4.0	788.0	660.0	0.0	128.0
87	59	834.6773162939297	1704.6773162939296	7.0	4.0	5.0	4.0	626.0	96.0	30.0	500.0
87	62	360.6487068965517	1852.648706896552	7.0	5.0	5.0	4.0	464.0	67.0	13.0	384.0
87	64	1502.691011235955	1870.691011235955	9.0	4.0	7.0	4.0	712.0	112.0	48.0	552.0
87	66	2065.520295202952	1913.5129151291512	4.0	4.0	2.0	1.0	542.0	512.0	8.0	22.0
88	7	1161.3186119873817	311.41640378548897	8.0	4.0	4.0	4.0	634.0	544.0	60.0	30.0
88	35	1133.508928571429	1209.508928571429	4.0	4.0	0.0	1.0	224.0	220.0	0.0	4.0
88	37	1795.5186567164178	1241.5186567164178	4.0	4.0	0.0	2.0	536.0	512.0	0.0	24.0
88	49	1265.5022026431718	1605.52422907489	4.0	4.0	2.0	2.0	227.0	212.0	10.0	5.0
88	73	1132.680981595092	2018.6779141104291	7.0	4.0	5.0	5.0	652.0	100.0	30.0	522.0
88	74	519.5	2025.5238095238096	4.0	4.0	2.0	0.0	126.0	120.0	6.0	0.0
89	7	1161.3186119873817	311.41640378548897	8.0	4.0	4.0	4.0	634.0	544.0	60.0	30.0
89	35	1133.508928571429	1209.508928571429	4.0	4.0	0.0	1.0	224.0	220.0	0.0	4.0
89	37	1795.5186567164178	1241.5186567164178	4.0	4.0	0.0	2.0	536.0	512.0	0.0	24.0
89	49	1265.5022026431718	1605.52422907489	4.0	4.0	2.0	2.0	227.0	212.0	10.0	5.0
89	73	1132.680981595092	2018.6779141104291	7.0	4.0	5.0	5.0	652.0	100.0	30.0	522.0
89	74	519.5	2025.5238095238096	4.0	4.0	2.0	0.0	126.0	120.0	6.0	0.0
90	26	1655.504132231405	1205.504132231405	4.0	4.0	0.0	0.0	121.0	120.0	0.0	0.0
90	33	775.5149700598803	1309.685628742515	6.0	4.0	4.0	2.0	334.0	272.0	52.0	10.0
90	39	685.5	1541.9146341463415	6.0	4.0	4.0	0.0	164.0	96.0	68.0	0.0
90	47	1870.692729766804	1752.692729766804	9.0	4.0	7.0	4.0	729.0	116.0	49.0	564.0
90	49	461.5116279069768	1815.5116279069769	4.0	4.0	0.0	1.0	258.0	252.0	0.0	6.0
90	53	2259.514066496164	1893.514066496164	4.0	4.0	0.0	2.0	391.0	376.0	0.0	15.0
90	56	1935.5058823529407	1915.5058823529407	4.0	4.0	0.0	1.0	170.0	168.0	0.0	2.0
91	8	1870.6791277258567	572.6791277258567	7.0	4.0	5.0	4.0	642.0	100.0	30.0	512.0
91	10	2134.7164556962025	608.7164556962025	9.0	4.0	7.0	4.0	1185.0	204.0	105.0	876.0
91	11	761.514619883041	679.514619883041	4.0	4.0	0.0	1.0	342.0	332.0	0.0	10.0
91	27	1119.5203761755486	1091.523510971787	4.0	4.0	0.0	2.0	638.0	608.0	0.0	30.0
91	51	66.70912738214643	1902.7091273821463	9.0	4.0	7.0	4.0	997.0	168.0	81.0	748.0
91	59	725.66	1993.66	7.0	4.0	0.0	4.0	800.0	672.0	0.0	128.0
92	6	57.51445086705202	299.514450867052	4.0	4.0	0.0	1.0	346.0	336.0	0.0	10.0
92	10	967.5089285714286	459.50892857142856	4.0	4.0	0.0	1.0	224.0	220.0	0.0	4.0
92	14	1917.5121951219512	607.5121951219512	4.0	4.0	0.0	1.0	287.0	280.0	0.0	7.0
92	20	992.6906377204884	844.6906377204884	9.0	4.0	7.0	4.0	737.0	116.0	49.0	572.0
92	41	1359.5125448028673	1447.5125448028673	4.0	4.0	0.0	1.0	279.0	272.0	0.0	7.0
92	42	1699.5128205128206	1459.5128205128206	4.0	4.0	0.0	1.0	312.0	304.0	0.0	8.0
92	43	1423.5213675213674	1469.5213675213674	4.0	4.0	0.0	1.0	585.0	560.0	0.0	25.0
92	51	1441.5117056856188	1665.5117056856188	4.0	4.0	0.0	1.0	299.0	292.0	0.0	7.0
92	59	1469.6650485436894	1859.6650485436892	7.0	4.0	0.0	4.0	824.0	688.0	0.0	136.0
92	68	205.51282051282053	2015.5128205128208	4.0	4.0	0.0	1.0	312.0	304.0	0.0	8.0
93	1	2305.812958435208	195.5330073349633	6.0	4.0	4.0	3.0	818.0	556.0	208.0	54.0
93	6	1313.6658932714618	253.66821345707655	7.0	4.0	0.0	5.0	862.0	716.0	0.0	146.0
93	8	75.5040650406504	357.4959349593496	4.0	4.0	0.0	0.0	123.0	120.0	0.0	0.0
93	31	849.5	1089.5	4.0	4.0	0.0	0.0	100.0	100.0	0.0	0.0
93	38	43.52059925093633	1183.5205992509364	4.0	4.0	0.0	1.0	534.0	512.0	0.0	22.0
93	59	2091.661458333333	1903.6614583333333	7.0	4.0	0.0	4.0	768.0	644.0	0.0	124.0
93	64	1593.5213675213674	1951.5213675213677	4.0	4.0	0.0	1.0	585.0	560.0	0.0	25.0
94	1	2305.812958435208	195.5330073349633	6.0	4.0	4.0	3.0	818.0	556.0	208.0	54.0
94	6	1313.6658932714618	253.66821345707655	7.0	4.0	0.0	5.0	862.0	716.0	0.0	146.0
94	8	75.5040650406504	357.4959349593496	4.0	4.0	0.0	0.0	123.0	120.0	0.0	0.0
94	31	849.5	1089.5	4.0	4.0	0.0	0.0	100.0	100.0	0.0	0.0
94	38	43.52059925093633	1183.5205992509364	4.0	4.0	0.0	1.0	534.0	512.0	0.0	22.0
94	59	2091.661458333333	1903.6614583333333	7.0	4.0	0.0	4.0	768.0	644.0	0.0	124.0
94	64	1593.5213675213674	1951.5213675213677	4.0	4.0	0.0	1.0	585.0	560.0	0.0	25.0
