Brightness	Occurrences
1443.0	23
1869.0	18
1659.0	16
1828.0	15
1797.0	15
2326.0	14
2275.0	14
2010.0	14
2210.0	14
1926.0	14
1688.0	13
2006.0	13
2249.0	13
2893.0	13
2329.0	12
2125.0	12
1854.0	11
2195.0	11
2088.0	11
1934.0	11
2384.0	10
2994.0	10
1867.0	10
1803.0	10
1972.0	10
1813.0	9
2257.0	9
2367.0	9
1959.0	9
2601.0	9
2000.0	9
2116.0	9
2788.0	9
1925.0	9
2625.0	8
1890.0	8
2587.0	8
2500.0	8
2280.0	8
1824.0	8
2765.0	8
2267.0	8
1805.0	8
2143.0	8
2118.0	8
1674.0	8
2350.0	7
2248.0	7
1967.0	7
2536.0	7
2835.0	7
2769.0	7
2070.0	7
2655.0	7
1872.0	7
2756.0	7
2126.0	7
1827.0	7
3432.0	7
2130.0	7
2361.0	7
2570.0	6
2321.0	6
2045.0	6
2609.0	6
2109.0	6
2327.0	6
2562.0	6
3227.0	6
1960.0	6
2666.0	6
3080.0	6
2484.0	6
2531.0	6
2331.0	6
2555.0	6
2286.0	6
2929.0	6
2665.0	6
2056.0	6
2380.0	6
2293.0	6
1942.0	6
2548.0	6
2328.0	6
2106.0	6
2205.0	6
2099.0	6
2291.0	6
2187.0	6
2266.0	6
2323.0	6
2851.0	6
2409.0	6
2566.0	6
2009.0	6
2338.0	6
3467.0	6
2959.0	5
3149.0	5
2735.0	5
2199.0	5
2618.0	5
3016.0	5
2905.0	5
1956.0	5
1806.0	5
3377.0	5
3607.0	5
2425.0	5
2671.0	5
2895.0	5
2377.0	5
2685.0	5
3490.0	5
3238.0	5
2168.0	5
2677.0	5
2518.0	5
3279.0	5
2987.0	5
2217.0	5
2208.0	5
2701.0	5
2304.0	5
2404.0	5
2307.0	5
3011.0	5
2652.0	5
3359.0	5
2688.0	5
2303.0	5
2119.0	5
2731.0	5
1995.0	5
2174.0	5
3547.0	5
2611.0	5
2687.0	5
2875.0	5
2846.0	5
2296.0	5
3605.0	5
2100.0	5
2827.0	5
3168.0	5
2628.0	5
2659.0	5
2524.0	5
2468.0	5
3178.0	5
2253.0	4
2714.0	4
2674.0	4
3056.0	4
2683.0	4
2279.0	4
2324.0	4
2316.0	4
2220.0	4
2439.0	4
2235.0	4
2285.0	4
3024.0	4
3275.0	4
2216.0	4
2318.0	4
3548.0	4
2614.0	4
3461.0	4
2812.0	4
2355.0	4
2529.0	4
3089.0	4
2311.0	4
3094.0	4
2058.0	4
2196.0	4
2722.0	4
2501.0	4
1985.0	4
2433.0	4
3133.0	4
2081.0	4
2633.0	4
3036.0	4
2762.0	4
3352.0	4
3025.0	4
3353.0	4
2062.0	4
2203.0	4
2444.0	4
2663.0	4
2742.0	4
2854.0	4
2894.0	4
2282.0	4
2786.0	4
2872.0	4
2420.0	4
3942.0	3
3101.0	3
3291.0	3
3153.0	3
3991.0	3
2968.0	3
3367.0	3
2554.0	3
2452.0	3
4440.0	3
3046.0	3
2911.0	3
3103.0	3
3113.0	3
3424.0	3
3666.0	3
3400.0	3
4075.0	3
2777.0	3
3325.0	3
2746.0	3
3052.0	3
2245.0	3
2277.0	3
2718.0	3
2306.0	3
2962.0	3
3092.0	3
3710.0	3
2937.0	3
3801.0	3
2939.0	3
2637.0	3
2442.0	3
3609.0	3
3891.0	3
2453.0	3
2274.0	3
4896.0	3
2668.0	3
2502.0	3
3659.0	3
3170.0	3
4247.0	3
3230.0	3
2839.0	3
2964.0	3
1923.0	3
2578.0	3
2826.0	3
3155.0	3
3333.0	3
2539.0	3
3646.0	3
2268.0	3
2602.0	3
2473.0	3
2729.0	3
3739.0	3
3590.0	3
4129.0	3
2849.0	3
3849.0	3
2887.0	3
4099.0	3
3651.0	3
2523.0	3
3688.0	3
2975.0	3
2934.0	3
1762.0	3
3482.0	3
2583.0	3
2144.0	3
4898.0	3
3787.0	3
3929.0	3
2923.0	3
2818.0	3
3251.0	3
4011.0	3
2842.0	3
2644.0	3
2454.0	3
4152.0	3
2716.0	3
2821.0	3
3146.0	3
3303.0	3
3158.0	3
4328.0	3
2679.0	3
3224.0	3
2797.0	3
3961.0	3
2561.0	3
2521.0	3
3010.0	3
2399.0	3
2871.0	3
3867.0	3
2335.0	3
2157.0	3
2802.0	3
2700.0	3
2190.0	3
2921.0	3
2811.0	2
3053.0	2
3784.0	2
2575.0	2
2069.0	2
2615.0	2
2429.0	2
3468.0	2
3013.0	2
2711.0	2
3386.0	2
3373.0	2
3383.0	2
3766.0	2
2738.0	2
2739.0	2
2896.0	2
2744.0	2
3282.0	2
2188.0	2
2515.0	2
2693.0	2
4814.0	2
3145.0	2
2577.0	2
3702.0	2
3420.0	2
3463.0	2
2271.0	2
2768.0	2
2383.0	2
2978.0	2
3717.0	2
3299.0	2
2627.0	2
2757.0	2
2860.0	2
2936.0	2
3226.0	2
2043.0	2
2986.0	2
3331.0	2
3776.0	2
2884.0	2
2594.0	2
2982.0	2
3260.0	2
3419.0	2
3575.0	2
3460.0	2
3680.0	2
2772.0	2
2787.0	2
2464.0	2
2591.0	2
3017.0	2
3005.0	2
2833.0	2
3195.0	2
2564.0	2
4609.0	2
4017.0	2
2407.0	2
3123.0	2
2881.0	2
2817.0	2
3034.0	2
3752.0	2
3119.0	2
3086.0	2
3334.0	2
3310.0	2
3351.0	2
2597.0	2
4961.0	2
2874.0	2
3342.0	2
2876.0	2
2206.0	2
3586.0	2
3297.0	2
2215.0	2
2325.0	2
3026.0	2
4133.0	2
3479.0	2
2748.0	2
2517.0	2
2461.0	2
3994.0	2
5219.0	2
3726.0	2
2300.0	2
2491.0	2
2209.0	2
3606.0	2
3154.0	2
3273.0	2
2545.0	2
5731.0	2
2145.0	2
4200.0	2
2378.0	2
2946.0	2
3870.0	2
2966.0	2
2892.0	2
2289.0	2
3714.0	2
3505.0	2
3683.0	2
2928.0	2
4561.0	2
2684.0	2
3041.0	2
3055.0	2
3525.0	2
3495.0	2
5200.0	2
3863.0	2
2717.0	2
2634.0	2
2447.0	2
3196.0	2
3992.0	2
2540.0	2
2981.0	2
2441.0	2
2918.0	2
3428.0	2
2525.0	2
2658.0	2
3452.0	2
3088.0	2
3117.0	2
3532.0	2
3465.0	2
2565.0	2
2229.0	2
2960.0	2
3003.0	2
4747.0	2
3129.0	2
2547.0	2
2553.0	2
3345.0	2
4599.0	2
3904.0	2
3435.0	2
2932.0	2
3443.0	2
3699.0	2
3220.0	2
3135.0	2
3127.0	2
2922.0	2
2416.0	2
4080.0	2
4774.0	2
2533.0	2
2224.0	2
3176.0	2
4250.0	2
2358.0	2
2778.0	2
2242.0	2
2621.0	2
2891.0	2
3546.0	2
2223.0	2
3165.0	2
3690.0	2
2903.0	2
3854.0	2
2919.0	2
2950.0	2
2532.0	2
2750.0	2
3190.0	2
3634.0	2
3598.0	2
2490.0	2
2713.0	2
4357.0	2
3223.0	2
3192.0	2
2796.0	2
2850.0	2
2449.0	2
2471.0	2
2908.0	2
2752.0	2
4297.0	2
3358.0	2
2832.0	2
2493.0	2
3520.0	2
3179.0	2
4012.0	2
3459.0	2
2606.0	2
2486.0	2
4207.0	2
4175.0	2
4083.0	2
2708.0	2
2446.0	2
2485.0	2
3864.0	2
3902.0	2
2856.0	2
2660.0	2
2650.0	2
2169.0	2
2927.0	2
3012.0	2
2474.0	2
3404.0	2
2696.0	2
3327.0	2
3347.0	2
3316.0	2
4057.0	2
2971.0	2
3561.0	2
2753.0	2
2551.0	2
4188.0	2
2455.0	2
3122.0	2
3187.0	2
3346.0	2
2758.0	2
2792.0	2
3768.0	2
3143.0	2
2852.0	2
4170.0	2
2590.0	2
2815.0	2
3923.0	2
2472.0	2
4024.0	2
3188.0	2
2661.0	2
3437.0	2
3893.0	2
2915.0	2
2560.0	2
3512.0	2
2574.0	2
3750.0	2
