Value	Count
72.0	88.0
96.0	77.0
60.0	75.0
40.0	74.0
24.0	73.0
64.0	73.0
76.0	69.0
84.0	65.0
44.0	53.0
104.0	51.0
88.0	51.0
52.0	49.0
36.0	46.0
100.0	45.0
92.0	42.0
191.0	39.0
32.0	37.0
80.0	34.0
120.0	33.0
124.0	33.0
108.0	33.0
116.0	32.0
129.0	32.0
226.0	30.0
53.0	30.0
136.0	29.0
112.0	27.0
56.0	27.0
154.0	26.0
13.0	26.0
144.0	25.0
156.0	25.0
125.0	24.0
170.0	24.0
152.0	24.0
138.0	24.0
188.0	23.0
232.0	22.0
179.0	22.0
82.0	21.0
158.0	21.0
262.0	21.0
288.0	21.0
228.0	20.0
368.0	20.0
164.0	20.0
18.0	20.0
255.0	19.0
325.0	19.0
160.0	19.0
184.0	19.0
187.0	19.0
106.0	19.0
234.0	19.0
132.0	19.0
143.0	18.0
148.0	18.0
121.0	18.0
68.0	18.0
201.0	17.0
230.0	17.0
50.0	16.0
139.0	15.0
174.0	15.0
90.0	15.0
195.0	15.0
224.0	15.0
284.0	15.0
150.0	15.0
142.0	15.0
432.0	14.0
28.0	14.0
27.0	14.0
267.0	14.0
171.0	14.0
449.0	13.0
208.0	13.0
180.0	13.0
192.0	13.0
7.0	13.0
38.0	13.0
260.0	13.0
16.0	13.0
275.0	13.0
270.0	13.0
74.0	12.0
216.0	12.0
306.0	12.0
243.0	12.0
210.0	12.0
304.0	11.0
59.0	11.0
280.0	11.0
145.0	11.0
127.0	11.0
137.0	11.0
62.0	11.0
93.0	11.0
200.0	11.0
134.0	10.0
363.0	10.0
292.0	10.0
167.0	10.0
162.0	10.0
98.0	10.0
133.0	10.0
376.0	10.0
101.0	10.0
12.0	10.0
128.0	10.0
209.0	10.0
297.0	10.0
207.0	10.0
166.0	10.0
329.0	9.0
278.0	9.0
406.0	9.0
352.0	9.0
348.0	9.0
440.0	9.0
461.0	9.0
105.0	9.0
218.0	9.0
46.0	9.0
271.0	9.0
598.0	9.0
355.0	8.0
61.0	8.0
321.0	8.0
130.0	8.0
349.0	8.0
359.0	8.0
517.0	8.0
219.0	8.0
149.0	8.0
283.0	8.0
31.0	8.0
285.0	8.0
712.0	8.0
294.0	8.0
8.0	8.0
197.0	8.0
247.0	8.0
78.0	8.0
34.0	8.0
369.0	7.0
110.0	7.0
73.0	7.0
445.0	7.0
372.0	7.0
482.0	7.0
486.0	7.0
238.0	7.0
401.0	7.0
658.0	7.0
66.0	7.0
168.0	7.0
291.0	7.0
364.0	7.0
239.0	7.0
475.0	7.0
240.0	7.0
213.0	7.0
387.0	7.0
146.0	7.0
385.0	7.0
610.0	7.0
675.0	7.0
506.0	7.0
65.0	6.0
568.0	6.0
458.0	6.0
972.0	6.0
466.0	6.0
577.0	6.0
489.0	6.0
357.0	6.0
412.0	6.0
516.0	6.0
347.0	6.0
268.0	6.0
266.0	6.0
654.0	6.0
261.0	6.0
373.0	6.0
404.0	6.0
49.0	6.0
183.0	6.0
358.0	6.0
186.0	6.0
274.0	6.0
118.0	6.0
211.0	6.0
316.0	6.0
638.0	6.0
776.0	6.0
102.0	6.0
217.0	6.0
293.0	6.0
222.0	6.0
370.0	6.0
350.0	6.0
389.0	6.0
549.0	6.0
474.0	5.0
538.0	5.0
296.0	5.0
442.0	5.0
331.0	5.0
413.0	5.0
126.0	5.0
1025.0	5.0
496.0	5.0
330.0	5.0
185.0	5.0
157.0	5.0
519.0	5.0
420.0	5.0
327.0	5.0
551.0	5.0
307.0	5.0
525.0	5.0
476.0	5.0
683.0	5.0
436.0	5.0
241.0	5.0
457.0	5.0
258.0	5.0
94.0	5.0
269.0	5.0
326.0	5.0
375.0	5.0
634.0	5.0
196.0	5.0
904.0	5.0
253.0	5.0
86.0	5.0
204.0	5.0
245.0	5.0
177.0	5.0
772.0	5.0
41.0	5.0
42.0	5.0
337.0	5.0
308.0	5.0
651.0	5.0
345.0	5.0
560.0	5.0
438.0	5.0
580.0	5.0
585.0	5.0
581.0	4.0
540.0	4.0
606.0	4.0
680.0	4.0
553.0	4.0
980.0	4.0
395.0	4.0
416.0	4.0
589.0	4.0
782.0	4.0
75.0	4.0
765.0	4.0
91.0	4.0
786.0	4.0
964.0	4.0
429.0	4.0
322.0	4.0
37.0	4.0
67.0	4.0
227.0	4.0
223.0	4.0
597.0	4.0
317.0	4.0
737.0	4.0
463.0	4.0
515.0	4.0
95.0	4.0
161.0	4.0
666.0	4.0
530.0	4.0
460.0	4.0
282.0	4.0
572.0	4.0
229.0	4.0
452.0	4.0
374.0	4.0
251.0	4.0
407.0	4.0
1003.0	4.0
83.0	4.0
1053.0	4.0
194.0	4.0
523.0	4.0
324.0	4.0
341.0	4.0
113.0	4.0
383.0	4.0
135.0	4.0
10.0	4.0
338.0	4.0
77.0	4.0
45.0	4.0
140.0	4.0
256.0	4.0
248.0	4.0
279.0	4.0
428.0	4.0
462.0	4.0
584.0	4.0
751.0	3.0
141.0	3.0
856.0	3.0
616.0	3.0
2371.0	3.0
583.0	3.0
159.0	3.0
481.0	3.0
497.0	3.0
1444.0	3.0
14.0	3.0
344.0	3.0
522.0	3.0
660.0	3.0
600.0	3.0
354.0	3.0
626.0	3.0
561.0	3.0
718.0	3.0
1065.0	3.0
594.0	3.0
686.0	3.0
690.0	3.0
877.0	3.0
960.0	3.0
709.0	3.0
298.0	3.0
1012.0	3.0
812.0	3.0
173.0	3.0
814.0	3.0
754.0	3.0
642.0	3.0
70.0	3.0
566.0	3.0
441.0	3.0
632.0	3.0
529.0	3.0
467.0	3.0
89.0	3.0
534.0	3.0
989.0	3.0
470.0	3.0
290.0	3.0
836.0	3.0
707.0	3.0
384.0	3.0
1100.0	3.0
320.0	3.0
367.0	3.0
151.0	3.0
808.0	3.0
862.0	3.0
615.0	3.0
679.0	3.0
63.0	3.0
55.0	3.0
473.0	3.0
508.0	3.0
351.0	3.0
399.0	3.0
646.0	3.0
423.0	3.0
172.0	3.0
537.0	3.0
33.0	3.0
678.0	3.0
465.0	3.0
289.0	3.0
2010.0	2.0
225.0	2.0
286.0	2.0
485.0	2.0
1393.0	2.0
546.0	2.0
952.0	2.0
488.0	2.0
701.0	2.0
493.0	2.0
773.0	2.0
644.0	2.0
569.0	2.0
315.0	2.0
749.0	2.0
574.0	2.0
667.0	2.0
1013.0	2.0
1016.0	2.0
468.0	2.0
1602.0	2.0
414.0	2.0
739.0	2.0
1108.0	2.0
512.0	2.0
1138.0	2.0
570.0	2.0
698.0	2.0
394.0	2.0
366.0	2.0
3570.0	2.0
608.0	2.0
71.0	2.0
838.0	2.0
717.0	2.0
99.0	2.0
478.0	2.0
990.0	2.0
1156.0	2.0
1132.0	2.0
1021.0	2.0
728.0	2.0
2333.0	2.0
422.0	2.0
657.0	2.0
1854.0	2.0
670.0	2.0
783.0	2.0
521.0	2.0
795.0	2.0
1238.0	2.0
785.0	2.0
1201.0	2.0
925.0	2.0
510.0	2.0
520.0	2.0
645.0	2.0
648.0	2.0
705.0	2.0
459.0	2.0
2162.0	2.0
826.0	2.0
723.0	2.0
1000.0	2.0
732.0	2.0
1010.0	2.0
550.0	2.0
507.0	2.0
811.0	2.0
339.0	2.0
664.0	2.0
924.0	2.0
1060.0	2.0
1789.0	2.0
760.0	2.0
528.0	2.0
900.0	2.0
1144.0	2.0
821.0	2.0
1344.0	2.0
863.0	2.0
725.0	2.0
716.0	2.0
687.0	2.0
1601.0	2.0
176.0	2.0
631.0	2.0
896.0	2.0
318.0	2.0
601.0	2.0
391.0	2.0
299.0	2.0
576.0	2.0
257.0	2.0
513.0	2.0
303.0	2.0
559.0	2.0
381.0	2.0
424.0	2.0
19.0	2.0
340.0	2.0
479.0	2.0
592.0	2.0
492.0	2.0
343.0	2.0
131.0	2.0
198.0	2.0
444.0	2.0
494.0	2.0
314.0	2.0
11.0	2.0
85.0	2.0
342.0	2.0
823.0	2.0
1210.0	2.0
79.0	2.0
714.0	2.0
733.0	2.0
620.0	2.0
115.0	2.0
415.0	2.0
35.0	2.0
874.0	2.0
119.0	2.0
403.0	2.0
941.0	2.0
9.0	2.0
778.0	2.0
917.0	1.0
1068.0	1.0
640.0	1.0
1096.0	1.0
1133.0	1.0
767.0	1.0
596.0	1.0
743.0	1.0
1197.0	1.0
979.0	1.0
155.0	1.0
719.0	1.0
511.0	1.0
1032.0	1.0
966.0	1.0
1213.0	1.0
1146.0	1.0
933.0	1.0
1049.0	1.0
1154.0	1.0
886.0	1.0
1702.0	1.0
1240.0	1.0
878.0	1.0
652.0	1.0
756.0	1.0
916.0	1.0
647.0	1.0
1056.0	1.0
724.0	1.0
1462.0	1.0
1406.0	1.0
722.0	1.0
1022.0	1.0
107.0	1.0
1699.0	1.0
1928.0	1.0
818.0	1.0
612.0	1.0
1149.0	1.0
869.0	1.0
1008.0	1.0
1098.0	1.0
849.0	1.0
710.0	1.0
981.0	1.0
802.0	1.0
831.0	1.0
792.0	1.0
618.0	1.0
1041.0	1.0
1549.0	1.0
700.0	1.0
1150.0	1.0
1208.0	1.0
2502.0	1.0
1229.0	1.0
1276.0	1.0
696.0	1.0
829.0	1.0
1245.0	1.0
484.0	1.0
847.0	1.0
807.0	1.0
599.0	1.0
949.0	1.0
237.0	1.0
848.0	1.0
846.0	1.0
793.0	1.0
907.0	1.0
1994.0	1.0
942.0	1.0
448.0	1.0
629.0	1.0
1304.0	1.0
464.0	1.0
1312.0	1.0
1164.0	1.0
1778.0	1.0
627.0	1.0
973.0	1.0
870.0	1.0
421.0	1.0
1048.0	1.0
882.0	1.0
766.0	1.0
2325.0	1.0
526.0	1.0
1308.0	1.0
1463.0	1.0
1332.0	1.0
1242.0	1.0
1243.0	1.0
800.0	1.0
371.0	1.0
533.0	1.0
312.0	1.0
400.0	1.0
236.0	1.0
305.0	1.0
178.0	1.0
628.0	1.0
531.0	1.0
641.0	1.0
780.0	1.0
309.0	1.0
1388.0	1.0
487.0	1.0
1350.0	1.0
147.0	1.0
926.0	1.0
1261.0	1.0
762.0	1.0
439.0	1.0
1117.0	1.0
671.0	1.0
175.0	1.0
81.0	1.0
1147.0	1.0
547.0	1.0
114.0	1.0
43.0	1.0
181.0	1.0
97.0	1.0
500.0	1.0
214.0	1.0
419.0	1.0
190.0	1.0
193.0	1.0
123.0	1.0
302.0	1.0
300.0	1.0
117.0	1.0
334.0	1.0
250.0	1.0
797.0	1.0
1397.0	1.0
860.0	1.0
451.0	1.0
455.0	1.0
313.0	1.0
764.0	1.0
430.0	1.0
591.0	1.0
694.0	1.0
206.0	1.0
418.0	1.0
1113.0	1.0
2102.0	1.0
518.0	1.0
676.0	1.0
1183.0	1.0
1020.0	1.0
1161.0	1.0
431.0	1.0
876.0	1.0
590.0	1.0
1200.0	1.0
758.0	1.0
1232.0	1.0
888.0	1.0
1205.0	1.0
544.0	1.0
491.0	1.0
335.0	1.0
595.0	1.0
379.0	1.0
864.0	1.0
323.0	1.0
362.0	1.0
2573.0	1.0
360.0	1.0
532.0	1.0
378.0	1.0
801.0	1.0
456.0	1.0
784.0	1.0
828.0	1.0
681.0	1.0
685.0	1.0
875.0	-1.0
655.0	-1.0
103.0	-1.0
763.0	-1.0
905.0	-1.0
1172.0	-1.0
748.0	-1.0
1236.0	-1.0
842.0	-1.0
692.0	-1.0
672.0	-1.0
1536.0	-1.0
1024.0	-1.0
437.0	-1.0
950.0	-1.0
928.0	-1.0
868.0	-1.0
635.0	-1.0
633.0	-1.0
881.0	-1.0
1009.0	-1.0
625.0	-1.0
815.0	-1.0
435.0	-1.0
386.0	-1.0
1248.0	-1.0
1014.0	-1.0
1211.0	-1.0
713.0	-1.0
898.0	-1.0
410.0	-1.0
1574.0	-1.0
1278.0	-1.0
558.0	-1.0
806.0	-1.0
770.0	-1.0
736.0	-1.0
1092.0	-1.0
1803.0	-1.0
872.0	-1.0
938.0	-1.0
752.0	-1.0
536.0	-1.0
761.0	-1.0
805.0	-1.0
587.0	-1.0
1121.0	-1.0
1119.0	-1.0
1035.0	-1.0
453.0	-1.0
1395.0	-1.0
1033.0	-1.0
480.0	-1.0
699.0	-1.0
254.0	-1.0
2002.0	-1.0
477.0	-1.0
1135.0	-1.0
1126.0	-1.0
947.0	-1.0
755.0	-1.0
1246.0	-1.0
824.0	-1.0
1088.0	-1.0
548.0	-1.0
908.0	-1.0
182.0	-1.0
122.0	-1.0
353.0	-1.0
708.0	-1.0
169.0	-1.0
397.0	-1.0
380.0	-1.0
281.0	-1.0
768.0	-1.0
388.0	-1.0
543.0	-1.0
469.0	-1.0
483.0	-1.0
390.0	-1.0
450.0	-1.0
542.0	-1.0
471.0	-1.0
233.0	-1.0
617.0	-1.0
852.0	-1.0
39.0	-1.0
246.0	-1.0
273.0	-1.0
1017.0	-1.0
446.0	-1.0
202.0	-1.0
729.0	-1.0
562.0	-1.0
563.0	-1.0
203.0	-1.0
798.0	-1.0
163.0	-1.0
425.0	-1.0
771.0	-1.0
231.0	-1.0
1073.0	-1.0
443.0	-1.0
774.0	-1.0
884.0	-1.0
319.0	-1.0
265.0	-1.0
605.0	-1.0
662.0	-1.0
920.0	-1.0
604.0	-2.0
377.0	-2.0
673.0	-2.0
988.0	-2.0
788.0	-2.0
937.0	-2.0
845.0	-2.0
932.0	-2.0
1077.0	-2.0
866.0	-2.0
2472.0	-2.0
623.0	-2.0
554.0	-2.0
993.0	-2.0
970.0	-2.0
557.0	-2.0
1514.0	-2.0
936.0	-2.0
819.0	-2.0
742.0	-2.0
977.0	-2.0
1228.0	-2.0
346.0	-2.0
575.0	-2.0
637.0	-2.0
332.0	-2.0
427.0	-2.0
242.0	-2.0
165.0	-2.0
333.0	-2.0
69.0	-2.0
840.0	-2.0
215.0	-2.0
205.0	-2.0
212.0	-2.0
720.0	-2.0
1446.0	-2.0
433.0	-2.0
953.0	-2.0
57.0	-2.0
879.0	-2.0
356.0	-2.0
682.0	-2.0
614.0	-2.0
890.0	-2.0
1321.0	-2.0
948.0	-2.0
1234.0	-2.0
501.0	-2.0
382.0	-2.0
564.0	-2.0
527.0	-2.0
109.0	-2.0
636.0	-2.0
447.0	-2.0
503.0	-2.0
858.0	-2.0
582.0	-2.0
613.0	-2.0
189.0	-2.0
832.0	-2.0
1002.0	-2.0
417.0	-2.0
541.0	-2.0
820.0	-2.0
1129.0	-2.0
2278.0	-2.0
1066.0	-2.0
913.0	-2.0
535.0	-2.0
2444.0	-2.0
659.0	-2.0
426.0	-3.0
276.0	-3.0
392.0	-3.0
287.0	-3.0
619.0	-3.0
272.0	-3.0
17.0	-3.0
434.0	-3.0
235.0	-3.0
1185.0	-3.0
738.0	-3.0
929.0	-3.0
789.0	-3.0
1036.0	-3.0
1130.0	-3.0
1136.0	-3.0
552.0	-3.0
263.0	-3.0
311.0	-3.0
809.0	-3.0
328.0	-3.0
509.0	-3.0
411.0	-3.0
30.0	-4.0
220.0	-4.0
402.0	-4.0
472.0	-4.0
539.0	-4.0
1040.0	-4.0
607.0	-4.0
588.0	-4.0
277.0	-4.0
555.0	-4.0
945.0	-4.0
985.0	-4.0
51.0	-5.0
889.0	-5.0
1052.0	-5.0
310.0	-5.0
912.0	-5.0
199.0	-5.0
25.0	-5.0
58.0	-5.0
361.0	-5.0
15.0	-6.0
259.0	-6.0
301.0	-6.0
398.0	-6.0
21.0	-6.0
365.0	-6.0
29.0	-7.0
336.0	-7.0
249.0	-9.0
295.0	-10.0
252.0	-14.0
23.0	-16.0
26.0	-16.0
54.0	-25.0
20.0	-78.0
22.0	-98.0
48.0	-134.0
