Value	Count
97.0	25.0
258.0	22.0
47.0	19.0
626.0	17.0
453.0	17.0
726.0	17.0
511.0	16.0
94.0	16.0
114.0	16.0
551.0	16.0
9.0	15.0
25.0	15.0
37.0	15.0
13.0	15.0
141.0	15.0
716.0	14.0
177.0	14.0
781.0	14.0
34.0	14.0
451.0	14.0
267.0	13.0
228.0	13.0
350.0	13.0
82.0	13.0
1105.0	12.0
549.0	12.0
1942.0	12.0
335.0	12.0
63.0	12.0
30.0	12.0
43.0	12.0
349.0	12.0
103.0	11.0
328.0	11.0
203.0	11.0
55.0	11.0
212.0	11.0
242.0	11.0
50.0	11.0
35.0	11.0
259.0	11.0
161.0	11.0
374.0	11.0
468.0	11.0
192.0	11.0
123.0	11.0
992.0	11.0
1690.0	11.0
286.0	10.0
73.0	10.0
1515.0	10.0
159.0	10.0
62.0	10.0
901.0	10.0
200.0	10.0
181.0	10.0
733.0	10.0
127.0	10.0
172.0	10.0
56.0	10.0
66.0	10.0
877.0	10.0
197.0	10.0
484.0	10.0
154.0	10.0
729.0	10.0
1225.0	10.0
45.0	10.0
2481.0	10.0
68.0	9.0
1505.0	9.0
721.0	9.0
431.0	9.0
715.0	9.0
317.0	9.0
634.0	9.0
837.0	9.0
471.0	9.0
1297.0	9.0
282.0	9.0
28.0	9.0
281.0	9.0
248.0	9.0
859.0	9.0
775.0	9.0
810.0	9.0
1131.0	9.0
853.0	9.0
1331.0	9.0
1235.0	9.0
354.0	9.0
475.0	9.0
204.0	9.0
1373.0	9.0
945.0	9.0
1031.0	9.0
660.0	9.0
1123.0	9.0
479.0	9.0
391.0	9.0
393.0	9.0
861.0	9.0
636.0	9.0
44.0	9.0
1371.0	9.0
279.0	9.0
560.0	9.0
1870.0	9.0
383.0	9.0
842.0	9.0
1114.0	9.0
487.0	9.0
59.0	9.0
1779.0	9.0
1689.0	9.0
1434.0	8.0
420.0	8.0
1094.0	8.0
633.0	8.0
357.0	8.0
918.0	8.0
263.0	8.0
77.0	8.0
89.0	8.0
329.0	8.0
238.0	8.0
524.0	8.0
1126.0	8.0
1247.0	8.0
307.0	8.0
2411.0	8.0
925.0	8.0
255.0	8.0
100.0	8.0
497.0	8.0
731.0	8.0
709.0	8.0
42.0	8.0
600.0	8.0
1007.0	8.0
915.0	8.0
79.0	8.0
180.0	8.0
536.0	8.0
326.0	8.0
1686.0	8.0
907.0	8.0
464.0	8.0
71.0	8.0
106.0	8.0
293.0	8.0
299.0	8.0
262.0	8.0
1287.0	8.0
152.0	8.0
80.0	8.0
1808.0	8.0
2269.0	8.0
415.0	7.0
1647.0	7.0
811.0	7.0
390.0	7.0
693.0	7.0
342.0	7.0
1754.0	7.0
2216.0	7.0
2086.0	7.0
620.0	7.0
966.0	7.0
356.0	7.0
375.0	7.0
2222.0	7.0
856.0	7.0
658.0	7.0
759.0	7.0
2095.0	7.0
432.0	7.0
1919.0	7.0
1468.0	7.0
1417.0	7.0
1463.0	7.0
699.0	7.0
168.0	7.0
1862.0	7.0
1224.0	7.0
3973.0	7.0
377.0	7.0
221.0	7.0
174.0	7.0
503.0	7.0
1368.0	7.0
840.0	7.0
10.0	7.0
266.0	7.0
865.0	7.0
2282.0	7.0
3179.0	7.0
911.0	7.0
1861.0	7.0
1286.0	7.0
2030.0	7.0
1588.0	7.0
507.0	7.0
450.0	7.0
381.0	7.0
121.0	7.0
231.0	7.0
132.0	7.0
903.0	7.0
1155.0	7.0
367.0	7.0
831.0	7.0
544.0	7.0
1860.0	7.0
520.0	7.0
674.0	7.0
428.0	7.0
1469.0	7.0
1011.0	7.0
664.0	7.0
207.0	7.0
247.0	7.0
91.0	7.0
486.0	7.0
1367.0	7.0
184.0	7.0
537.0	7.0
314.0	7.0
194.0	7.0
40.0	7.0
313.0	7.0
110.0	7.0
1787.0	6.0
2072.0	6.0
1879.0	6.0
850.0	6.0
724.0	6.0
407.0	6.0
668.0	6.0
2443.0	6.0
1774.0	6.0
387.0	6.0
75.0	6.0
2237.0	6.0
1616.0	6.0
1448.0	6.0
616.0	6.0
217.0	6.0
2661.0	6.0
547.0	6.0
291.0	6.0
2926.0	6.0
443.0	6.0
1631.0	6.0
860.0	6.0
239.0	6.0
1817.0	6.0
1242.0	6.0
706.0	6.0
1567.0	6.0
397.0	6.0
1158.0	6.0
836.0	6.0
144.0	6.0
465.0	6.0
150.0	6.0
530.0	6.0
429.0	6.0
1397.0	6.0
495.0	6.0
108.0	6.0
41.0	6.0
99.0	6.0
2003.0	6.0
2362.0	6.0
1063.0	6.0
1021.0	6.0
3654.0	6.0
250.0	6.0
134.0	6.0
783.0	6.0
116.0	6.0
1510.0	6.0
953.0	6.0
3590.0	6.0
300.0	6.0
3763.0	6.0
270.0	6.0
351.0	6.0
140.0	6.0
1160.0	6.0
764.0	6.0
563.0	6.0
1883.0	6.0
844.0	6.0
4600.0	6.0
930.0	6.0
474.0	6.0
749.0	6.0
806.0	6.0
2991.0	6.0
86.0	6.0
539.0	6.0
182.0	6.0
157.0	6.0
798.0	6.0
892.0	6.0
1088.0	6.0
882.0	6.0
920.0	6.0
999.0	6.0
235.0	6.0
227.0	6.0
528.0	6.0
719.0	6.0
1655.0	6.0
1632.0	6.0
2236.0	6.0
1872.0	6.0
1866.0	6.0
652.0	6.0
2111.0	6.0
1269.0	5.0
1037.0	5.0
1648.0	5.0
1487.0	5.0
2778.0	5.0
1250.0	5.0
1622.0	5.0
1593.0	5.0
1983.0	5.0
799.0	5.0
1450.0	5.0
243.0	5.0
164.0	5.0
2225.0	5.0
2542.0	5.0
2000.0	5.0
2210.0	5.0
2402.0	5.0
1408.0	5.0
1062.0	5.0
3300.0	5.0
1124.0	5.0
1033.0	5.0
707.0	5.0
2198.0	5.0
1726.0	5.0
1672.0	5.0
1216.0	5.0
302.0	5.0
2246.0	5.0
1193.0	5.0
208.0	5.0
1347.0	5.0
1292.0	5.0
1472.0	5.0
416.0	5.0
333.0	5.0
1345.0	5.0
234.0	5.0
209.0	5.0
739.0	5.0
2469.0	5.0
1737.0	5.0
2383.0	5.0
418.0	5.0
1519.0	5.0
254.0	5.0
126.0	5.0
3291.0	5.0
425.0	5.0
1611.0	5.0
691.0	5.0
886.0	5.0
1615.0	5.0
977.0	5.0
2262.0	5.0
1867.0	5.0
725.0	5.0
1275.0	5.0
593.0	5.0
1192.0	5.0
2368.0	5.0
1723.0	5.0
2243.0	5.0
3180.0	5.0
458.0	5.0
1075.0	5.0
2994.0	5.0
2060.0	5.0
679.0	5.0
663.0	5.0
320.0	5.0
466.0	5.0
2330.0	5.0
1857.0	5.0
2529.0	5.0
1156.0	5.0
1871.0	5.0
916.0	5.0
459.0	5.0
1132.0	5.0
2541.0	5.0
1210.0	5.0
538.0	5.0
434.0	5.0
817.0	5.0
1181.0	5.0
427.0	5.0
2160.0	5.0
470.0	5.0
1319.0	5.0
2839.0	5.0
824.0	5.0
1527.0	5.0
325.0	5.0
268.0	5.0
1911.0	5.0
1550.0	5.0
975.0	5.0
1230.0	5.0
485.0	5.0
1227.0	5.0
638.0	5.0
2142.0	5.0
637.0	5.0
2207.0	5.0
2418.0	5.0
672.0	5.0
923.0	5.0
1125.0	5.0
1640.0	5.0
934.0	5.0
514.0	5.0
580.0	5.0
151.0	5.0
535.0	5.0
410.0	5.0
8.0	5.0
1589.0	5.0
162.0	5.0
525.0	5.0
1343.0	5.0
65.0	5.0
1174.0	5.0
376.0	5.0
976.0	5.0
339.0	5.0
188.0	5.0
1061.0	5.0
545.0	5.0
359.0	5.0
88.0	5.0
1349.0	5.0
1337.0	5.0
409.0	5.0
869.0	5.0
1202.0	5.0
24.0	5.0
220.0	5.0
678.0	5.0
675.0	5.0
51.0	5.0
645.0	5.0
3754.0	5.0
1600.0	5.0
338.0	5.0
1112.0	5.0
631.0	4.0
1312.0	4.0
414.0	4.0
1453.0	4.0
1151.0	4.0
589.0	4.0
2825.0	4.0
372.0	4.0
1139.0	4.0
807.0	4.0
2966.0	4.0
933.0	4.0
1284.0	4.0
1662.0	4.0
2442.0	4.0
1122.0	4.0
4278.0	4.0
1669.0	4.0
1219.0	4.0
1029.0	4.0
1741.0	4.0
2472.0	4.0
932.0	4.0
145.0	4.0
276.0	4.0
760.0	4.0
1260.0	4.0
331.0	4.0
1489.0	4.0
2253.0	4.0
1379.0	4.0
649.0	4.0
730.0	4.0
1064.0	4.0
936.0	4.0
363.0	4.0
1065.0	4.0
534.0	4.0
310.0	4.0
1998.0	4.0
2450.0	4.0
755.0	4.0
2884.0	4.0
742.0	4.0
1313.0	4.0
1856.0	4.0
3659.0	4.0
2162.0	4.0
173.0	4.0
2438.0	4.0
2158.0	4.0
1970.0	4.0
1819.0	4.0
1411.0	4.0
1646.0	4.0
2305.0	4.0
946.0	4.0
1976.0	4.0
2424.0	4.0
2643.0	4.0
52.0	4.0
1461.0	4.0
2119.0	4.0
540.0	4.0
72.0	4.0
2561.0	4.0
1537.0	4.0
3145.0	4.0
1478.0	4.0
1134.0	4.0
14.0	4.0
1660.0	4.0
3823.0	4.0
2659.0	4.0
849.0	4.0
57.0	4.0
1085.0	4.0
1572.0	4.0
2756.0	4.0
3043.0	4.0
1940.0	4.0
1801.0	4.0
2073.0	4.0
488.0	4.0
419.0	4.0
1182.0	4.0
1280.0	4.0
1786.0	4.0
2867.0	4.0
39.0	4.0
1170.0	4.0
2817.0	4.0
11.0	4.0
2959.0	4.0
1568.0	4.0
609.0	4.0
681.0	4.0
2315.0	4.0
1881.0	4.0
1824.0	4.0
768.0	4.0
750.0	4.0
1068.0	4.0
2610.0	4.0
346.0	4.0
1944.0	4.0
1024.0	4.0
623.0	4.0
1578.0	4.0
3107.0	4.0
1270.0	4.0
1886.0	4.0
1262.0	4.0
955.0	4.0
122.0	4.0
3074.0	4.0
1492.0	4.0
1853.0	4.0
3699.0	4.0
2396.0	4.0
3594.0	4.0
2132.0	4.0
713.0	4.0
2263.0	4.0
2446.0	4.0
1082.0	4.0
2167.0	4.0
3715.0	4.0
1549.0	4.0
1569.0	4.0
109.0	4.0
1022.0	4.0
3115.0	4.0
1098.0	4.0
436.0	4.0
978.0	4.0
1308.0	4.0
575.0	4.0
732.0	4.0
604.0	4.0
1762.0	4.0
985.0	4.0
137.0	4.0
143.0	4.0
851.0	4.0
1421.0	4.0
954.0	4.0
867.0	4.0
1551.0	4.0
1447.0	4.0
352.0	4.0
914.0	4.0
917.0	4.0
1106.0	4.0
846.0	4.0
822.0	4.0
183.0	4.0
251.0	4.0
2038.0	4.0
688.0	4.0
447.0	4.0
1138.0	4.0
84.0	4.0
2504.0	4.0
947.0	4.0
608.0	4.0
1325.0	4.0
438.0	4.0
1608.0	4.0
435.0	4.0
754.0	4.0
1041.0	4.0
1006.0	4.0
1865.0	4.0
115.0	4.0
541.0	4.0
780.0	4.0
1051.0	4.0
863.0	4.0
690.0	4.0
723.0	4.0
522.0	4.0
400.0	4.0
236.0	4.0
648.0	4.0
665.0	3.0
973.0	3.0
2325.0	3.0
1233.0	3.0
353.0	3.0
3491.0	3.0
2410.0	3.0
3828.0	3.0
4854.0	3.0
2934.0	3.0
2273.0	3.0
3217.0	3.0
2027.0	3.0
3049.0	3.0
1844.0	3.0
366.0	3.0
1845.0	3.0
3662.0	3.0
1833.0	3.0
2486.0	3.0
2318.0	3.0
2065.0	3.0
2823.0	3.0
1691.0	3.0
4611.0	3.0
1803.0	3.0
3760.0	3.0
2106.0	3.0
3974.0	3.0
2607.0	3.0
2538.0	3.0
1150.0	3.0
1577.0	3.0
3880.0	3.0
2833.0	3.0
659.0	3.0
2454.0	3.0
2479.0	3.0
2113.0	3.0
2650.0	3.0
1876.0	3.0
1700.0	3.0
1077.0	3.0
2702.0	3.0
899.0	3.0
1560.0	3.0
3244.0	3.0
2379.0	3.0
834.0	3.0
3207.0	3.0
583.0	3.0
989.0	3.0
2785.0	3.0
3276.0	3.0
2793.0	3.0
2780.0	3.0
2945.0	3.0
3243.0	3.0
2848.0	3.0
452.0	3.0
2488.0	3.0
3388.0	3.0
1896.0	3.0
4981.0	3.0
4322.0	3.0
3883.0	3.0
1840.0	3.0
3285.0	3.0
2238.0	3.0
2407.0	3.0
4555.0	3.0
1809.0	3.0
2694.0	3.0
1183.0	3.0
4896.0	3.0
1580.0	3.0
2426.0	3.0
295.0	3.0
697.0	3.0
3328.0	3.0
274.0	3.0
1957.0	3.0
2350.0	3.0
3626.0	3.0
382.0	3.0
3154.0	3.0
2784.0	3.0
3132.0	3.0
3957.0	3.0
2209.0	3.0
3227.0	3.0
2601.0	3.0
3318.0	3.0
1968.0	3.0
1276.0	3.0
2453.0	3.0
1800.0	3.0
1378.0	3.0
2537.0	3.0
2235.0	3.0
1893.0	3.0
1311.0	3.0
1479.0	3.0
5236.0	3.0
981.0	3.0
2108.0	3.0
1687.0	3.0
1941.0	3.0
2876.0	3.0
4206.0	3.0
1394.0	3.0
2852.0	3.0
1777.0	3.0
1354.0	3.0
2527.0	3.0
3384.0	3.0
3986.0	3.0
1929.0	3.0
2196.0	3.0
9198.0	3.0
1584.0	3.0
3555.0	3.0
5604.0	3.0
1019.0	3.0
2211.0	3.0
1961.0	3.0
489.0	3.0
3746.0	3.0
2423.0	3.0
2682.0	3.0
1241.0	3.0
654.0	3.0
3608.0	3.0
1528.0	3.0
1697.0	3.0
3120.0	3.0
1612.0	3.0
939.0	3.0
2863.0	3.0
4287.0	3.0
1096.0	3.0
5314.0	3.0
2220.0	3.0
2818.0	3.0
1020.0	3.0
2712.0	3.0
2495.0	3.0
2005.0	3.0
1963.0	3.0
1228.0	3.0
2577.0	3.0
1676.0	3.0
1211.0	3.0
3360.0	3.0
3663.0	3.0
2761.0	3.0
5523.0	3.0
3541.0	3.0
1772.0	3.0
3902.0	3.0
2530.0	3.0
3493.0	3.0
2885.0	3.0
1756.0	3.0
797.0	3.0
2291.0	3.0
2909.0	3.0
6524.0	3.0
4095.0	3.0
1958.0	3.0
1974.0	3.0
1538.0	3.0
3928.0	3.0
1451.0	3.0
2312.0	3.0
2176.0	3.0
2308.0	3.0
1133.0	3.0
1984.0	3.0
1889.0	3.0
1512.0	3.0
1092.0	3.0
3668.0	3.0
1445.0	3.0
2514.0	3.0
2097.0	3.0
1401.0	3.0
2029.0	3.0
124.0	3.0
1806.0	3.0
577.0	3.0
2193.0	3.0
1645.0	3.0
895.0	3.0
386.0	3.0
788.0	3.0
401.0	3.0
1470.0	3.0
371.0	3.0
90.0	3.0
98.0	3.0
753.0	3.0
944.0	3.0
1769.0	3.0
1217.0	3.0
245.0	3.0
1719.0	3.0
820.0	3.0
890.0	3.0
1402.0	3.0
490.0	3.0
1715.0	3.0
1482.0	3.0
1873.0	3.0
1474.0	3.0
902.0	3.0
478.0	3.0
3401.0	3.0
1190.0	3.0
2329.0	3.0
269.0	3.0
703.0	3.0
1430.0	3.0
1481.0	3.0
718.0	3.0
2371.0	3.0
1013.0	3.0
876.0	3.0
2482.0	3.0
1708.0	3.0
957.0	3.0
728.0	3.0
809.0	3.0
942.0	3.0
1446.0	3.0
722.0	3.0
1598.0	3.0
2384.0	3.0
996.0	3.0
888.0	3.0
950.0	3.0
1090.0	3.0
294.0	3.0
2206.0	3.0
318.0	3.0
1069.0	3.0
712.0	3.0
815.0	3.0
1305.0	3.0
1161.0	3.0
1333.0	3.0
1579.0	3.0
1392.0	3.0
1340.0	3.0
573.0	3.0
2409.0	3.0
596.0	3.0
2102.0	3.0
881.0	3.0
2608.0	3.0
1338.0	3.0
327.0	3.0
1289.0	3.0
1564.0	3.0
191.0	3.0
343.0	3.0
1681.0	3.0
980.0	3.0
1650.0	3.0
1435.0	3.0
1436.0	3.0
1838.0	3.0
1642.0	3.0
509.0	3.0
1080.0	3.0
315.0	3.0
516.0	3.0
779.0	3.0
2364.0	3.0
1734.0	3.0
394.0	3.0
129.0	3.0
529.0	3.0
136.0	3.0
868.0	3.0
1102.0	3.0
952.0	3.0
1484.0	3.0
222.0	3.0
149.0	3.0
112.0	3.0
4531.0	2.0
584.0	2.0
3469.0	2.0
1914.0	2.0
2212.0	2.0
1991.0	2.0
1442.0	2.0
2632.0	2.0
2028.0	2.0
3316.0	2.0
1375.0	2.0
2302.0	2.0
3876.0	2.0
2533.0	2.0
2820.0	2.0
2074.0	2.0
1636.0	2.0
5051.0	2.0
1851.0	2.0
1164.0	2.0
3417.0	2.0
802.0	2.0
3255.0	2.0
2460.0	2.0
4656.0	2.0
2870.0	2.0
2332.0	2.0
3424.0	2.0
3062.0	2.0
2146.0	2.0
1761.0	2.0
3722.0	2.0
1352.0	2.0
2490.0	2.0
3907.0	2.0
3373.0	2.0
2969.0	2.0
3817.0	2.0
4978.0	2.0
2378.0	2.0
1329.0	2.0
3596.0	2.0
5560.0	2.0
720.0	2.0
2165.0	2.0
3091.0	2.0
3329.0	2.0
1234.0	2.0
1341.0	2.0
5304.0	2.0
4007.0	2.0
1823.0	2.0
1249.0	2.0
1978.0	2.0
677.0	2.0
1696.0	2.0
2568.0	2.0
1184.0	2.0
5000.0	2.0
1060.0	2.0
3808.0	2.0
2259.0	2.0
3106.0	2.0
2076.0	2.0
1784.0	2.0
2566.0	2.0
4829.0	2.0
3102.0	2.0
3076.0	2.0
3573.0	2.0
1071.0	2.0
5274.0	2.0
3692.0	2.0
87.0	2.0
1385.0	2.0
5436.0	2.0
96.0	2.0
5920.0	2.0
4185.0	2.0
2397.0	2.0
661.0	2.0
2688.0	2.0
378.0	2.0
3471.0	2.0
58.0	2.0
6469.0	2.0
3949.0	2.0
1733.0	2.0
1604.0	2.0
3019.0	2.0
5317.0	2.0
1652.0	2.0
2812.0	2.0
3936.0	2.0
3346.0	2.0
3655.0	2.0
4207.0	2.0
3772.0	2.0
2244.0	2.0
1720.0	2.0
2011.0	2.0
2520.0	2.0
4377.0	2.0
4702.0	2.0
4355.0	2.0
3211.0	2.0
3082.0	2.0
1322.0	2.0
2188.0	2.0
3712.0	2.0
3167.0	2.0
3968.0	2.0
647.0	2.0
2758.0	2.0
3456.0	2.0
2494.0	2.0
2093.0	2.0
3597.0	2.0
3216.0	2.0
2813.0	2.0
1981.0	2.0
3065.0	2.0
2733.0	2.0
3040.0	2.0
2726.0	2.0
4434.0	2.0
4568.0	2.0
2720.0	2.0
2449.0	2.0
3759.0	2.0
3496.0	2.0
3163.0	2.0
2928.0	2.0
4590.0	2.0
3667.0	2.0
3158.0	2.0
2127.0	2.0
3352.0	2.0
2149.0	2.0
1704.0	2.0
4701.0	2.0
2830.0	2.0
3391.0	2.0
1682.0	2.0
3418.0	2.0
2660.0	2.0
3383.0	2.0
1425.0	2.0
4371.0	2.0
5625.0	2.0
5880.0	2.0
6738.0	2.0
3598.0	2.0
2845.0	2.0
5802.0	2.0
3027.0	2.0
2203.0	2.0
2598.0	2.0
3283.0	2.0
3705.0	2.0
793.0	2.0
2445.0	2.0
4063.0	2.0
2168.0	2.0
2049.0	2.0
1947.0	2.0
2175.0	2.0
2427.0	2.0
2629.0	2.0
2019.0	2.0
2781.0	2.0
1414.0	2.0
3840.0	2.0
2090.0	2.0
958.0	2.0
3157.0	2.0
3624.0	2.0
2892.0	2.0
1293.0	2.0
2112.0	2.0
2035.0	2.0
2560.0	2.0
597.0	2.0
2228.0	2.0
2792.0	2.0
1324.0	2.0
316.0	2.0
4396.0	2.0
2331.0	2.0
5297.0	2.0
2343.0	2.0
2367.0	2.0
3831.0	2.0
2592.0	2.0
3377.0	2.0
3578.0	2.0
2810.0	2.0
3666.0	2.0
3453.0	2.0
4520.0	2.0
3941.0	2.0
3955.0	2.0
7242.0	2.0
3419.0	2.0
625.0	2.0
2477.0	2.0
3950.0	2.0
3253.0	2.0
1993.0	2.0
1967.0	2.0
3141.0	2.0
4089.0	2.0
3952.0	2.0
1395.0	2.0
919.0	2.0
2395.0	2.0
1359.0	2.0
1917.0	2.0
3917.0	2.0
3508.0	2.0
3998.0	2.0
3850.0	2.0
2970.0	2.0
2547.0	2.0
2455.0	2.0
1382.0	2.0
3794.0	2.0
3247.0	2.0
3517.0	2.0
3649.0	2.0
1683.0	2.0
4271.0	2.0
3000.0	2.0
3443.0	2.0
1179.0	2.0
1767.0	2.0
3702.0	2.0
2898.0	2.0
1727.0	2.0
2595.0	2.0
1009.0	2.0
3542.0	2.0
1814.0	2.0
2625.0	2.0
2256.0	2.0
557.0	2.0
2666.0	2.0
2676.0	2.0
85.0	2.0
4043.0	2.0
2635.0	2.0
1885.0	2.0
2881.0	2.0
2346.0	2.0
2369.0	2.0
3138.0	2.0
4522.0	2.0
2277.0	2.0
2512.0	2.0
3452.0	2.0
2511.0	2.0
2192.0	2.0
3474.0	2.0
3822.0	2.0
1617.0	2.0
1048.0	2.0
3079.0	2.0
2497.0	2.0
845.0	2.0
3450.0	2.0
6156.0	2.0
2121.0	2.0
618.0	2.0
2068.0	2.0
3034.0	2.0
1788.0	2.0
2704.0	2.0
4921.0	2.0
2764.0	2.0
3275.0	2.0
2972.0	2.0
2297.0	2.0
2233.0	2.0
2753.0	2.0
2024.0	2.0
2202.0	2.0
2767.0	2.0
2467.0	2.0
3545.0	2.0
2665.0	2.0
2221.0	2.0
1996.0	2.0
1336.0	2.0
5712.0	2.0
4934.0	2.0
3438.0	2.0
1747.0	2.0
1859.0	2.0
2271.0	2.0
2137.0	2.0
1820.0	2.0
2181.0	2.0
2280.0	2.0
1585.0	2.0
2381.0	2.0
3416.0	2.0
2673.0	2.0
2104.0	2.0
4040.0	2.0
4516.0	2.0
2366.0	2.0
1334.0	2.0
4072.0	2.0
4620.0	2.0
1959.0	2.0
2903.0	2.0
4889.0	2.0
3445.0	2.0
2020.0	2.0
1933.0	2.0
4338.0	2.0
960.0	2.0
2879.0	2.0
5617.0	2.0
2009.0	2.0
2215.0	2.0
1805.0	2.0
1299.0	2.0
2798.0	2.0
3263.0	2.0
1835.0	2.0
7.0	2.0
1483.0	2.0
2300.0	2.0
4004.0	2.0
3844.0	2.0
979.0	2.0
2802.0	2.0
3117.0	2.0
6563.0	2.0
2357.0	2.0
2757.0	2.0
3022.0	2.0
1377.0	2.0
1087.0	2.0
4893.0	2.0
3878.0	2.0
3428.0	2.0
4202.0	2.0
3314.0	2.0
2008.0	2.0
4431.0	2.0
1506.0	2.0
5074.0	2.0
285.0	2.0
2047.0	2.0
3914.0	2.0
2950.0	2.0
3687.0	2.0
2556.0	2.0
4826.0	2.0
2284.0	2.0
1266.0	2.0
2340.0	2.0
3271.0	2.0
2647.0	2.0
4276.0	2.0
2949.0	2.0
2727.0	2.0
1364.0	2.0
2990.0	2.0
1837.0	2.0
2434.0	2.0
2814.0	2.0
2723.0	2.0
585.0	2.0
2730.0	2.0
864.0	2.0
2251.0	2.0
1038.0	2.0
2722.0	2.0
4368.0	2.0
1199.0	2.0
2821.0	2.0
1530.0	2.0
1316.0	2.0
4349.0	2.0
3159.0	2.0
2265.0	2.0
2040.0	2.0
3336.0	2.0
3619.0	2.0
2558.0	2.0
2900.0	2.0
1775.0	2.0
2199.0	2.0
1765.0	2.0
1058.0	2.0
6065.0	2.0
3088.0	2.0
2551.0	2.0
3926.0	2.0
2107.0	2.0
2536.0	2.0
6470.0	2.0
2531.0	2.0
3686.0	2.0
3863.0	2.0
4666.0	2.0
456.0	2.0
1948.0	2.0
1771.0	2.0
1796.0	2.0
2692.0	2.0
2931.0	2.0
4274.0	2.0
990.0	2.0
2323.0	2.0
502.0	2.0
246.0	2.0
3411.0	2.0
1793.0	2.0
190.0	2.0
1424.0	2.0
344.0	2.0
2487.0	2.0
1609.0	2.0
1902.0	2.0
965.0	2.0
406.0	2.0
969.0	2.0
1187.0	2.0
2148.0	2.0
518.0	2.0
1491.0	2.0
1839.0	2.0
2131.0	2.0
1556.0	2.0
588.0	2.0
1634.0	2.0
1045.0	2.0
959.0	2.0
1499.0	2.0
175.0	2.0
199.0	2.0
951.0	2.0
2365.0	2.0
2795.0	2.0
1109.0	2.0
2989.0	2.0
1576.0	2.0
595.0	2.0
570.0	2.0
1613.0	2.0
249.0	2.0
717.0	2.0
1195.0	2.0
1810.0	2.0
1135.0	2.0
700.0	2.0
362.0	2.0
1142.0	2.0
241.0	2.0
1348.0	2.0
2336.0	2.0
808.0	2.0
1342.0	2.0
213.0	2.0
1388.0	2.0
1534.0	2.0
1307.0	2.0
1005.0	2.0
2484.0	2.0
1386.0	2.0
449.0	2.0
1937.0	2.0
169.0	2.0
1107.0	2.0
345.0	2.0
1315.0	2.0
1581.0	2.0
424.0	2.0
891.0	2.0
1117.0	2.0
2826.0	2.0
83.0	2.0
257.0	2.0
1175.0	2.0
2032.0	2.0
1744.0	2.0
3399.0	2.0
607.0	2.0
1440.0	2.0
874.0	2.0
1822.0	2.0
1826.0	2.0
3634.0	2.0
2500.0	2.0
408.0	2.0
683.0	2.0
692.0	2.0
606.0	2.0
1599.0	2.0
790.0	2.0
2159.0	2.0
2230.0	2.0
500.0	2.0
1592.0	2.0
556.0	2.0
1356.0	2.0
1244.0	2.0
61.0	2.0
437.0	2.0
662.0	2.0
1738.0	2.0
1208.0	2.0
801.0	2.0
261.0	2.0
1028.0	2.0
1412.0	2.0
2791.0	2.0
36.0	2.0
543.0	2.0
1072.0	2.0
553.0	2.0
900.0	2.0
1050.0	2.0
74.0	2.0
1465.0	2.0
153.0	2.0
1718.0	2.0
104.0	2.0
125.0	2.0
1888.0	2.0
1513.0	2.0
139.0	2.0
924.0	2.0
196.0	2.0
2861.0	2.0
230.0	2.0
1240.0	2.0
2599.0	2.0
1267.0	2.0
1290.0	2.0
2234.0	1.0
1431.0	1.0
3258.0	1.0
340.0	1.0
198.0	1.0
4414.0	1.0
3136.0	1.0
1335.0	1.0
3081.0	1.0
1409.0	1.0
2686.0	1.0
2241.0	1.0
2267.0	1.0
69.0	1.0
2915.0	1.0
3674.0	1.0
166.0	1.0
1099.0	1.0
1935.0	1.0
3251.0	1.0
642.0	1.0
769.0	1.0
1433.0	1.0
872.0	1.0
1014.0	1.0
1830.0	1.0
2117.0	1.0
3422.0	1.0
2517.0	1.0
1012.0	1.0
1485.0	1.0
2208.0	1.0
156.0	1.0
3069.0	1.0
621.0	1.0
19.0	1.0
1794.0	1.0
1243.0	1.0
2435.0	1.0
1036.0	1.0
821.0	1.0
2264.0	1.0
223.0	1.0
336.0	1.0
1173.0	1.0
240.0	1.0
1162.0	1.0
278.0	1.0
1595.0	1.0
1263.0	1.0
3134.0	1.0
2152.0	1.0
3058.0	1.0
1520.0	1.0
1066.0	1.0
653.0	1.0
627.0	1.0
2480.0	1.0
1154.0	1.0
1673.0	1.0
870.0	1.0
931.0	1.0
1758.0	1.0
792.0	1.0
1684.0	1.0
1281.0	1.0
2404.0	1.0
2626.0	1.0
1500.0	1.0
2766.0	1.0
360.0	1.0
229.0	1.0
1898.0	1.0
440.0	1.0
929.0	1.0
417.0	1.0
1575.0	1.0
4446.0	1.0
2797.0	1.0
2184.0	1.0
2973.0	1.0
2473.0	1.0
1086.0	1.0
202.0	1.0
2759.0	1.0
1729.0	1.0
2463.0	1.0
646.0	1.0
2025.0	1.0
1939.0	1.0
2387.0	1.0
205.0	1.0
3440.0	1.0
2525.0	1.0
737.0	1.0
1552.0	1.0
786.0	1.0
552.0	1.0
272.0	1.0
264.0	1.0
829.0	1.0
1100.0	1.0
29.0	1.0
1982.0	1.0
244.0	1.0
396.0	1.0
1427.0	1.0
578.0	1.0
1191.0	1.0
158.0	1.0
1638.0	1.0
1988.0	1.0
1291.0	1.0
322.0	1.0
2498.0	1.0
1685.0	1.0
3353.0	1.0
565.0	1.0
586.0	1.0
991.0	1.0
361.0	1.0
1239.0	1.0
1692.0	1.0
3048.0	1.0
527.0	1.0
1831.0	1.0
2544.0	1.0
332.0	1.0
505.0	1.0
1268.0	1.0
480.0	1.0
855.0	1.0
311.0	1.0
1056.0	1.0
148.0	1.0
1897.0	1.0
260.0	1.0
1545.0	1.0
812.0	1.0
1912.0	1.0
1419.0	1.0
2664.0	1.0
2115.0	1.0
711.0	1.0
1147.0	1.0
131.0	1.0
1854.0	1.0
2855.0	1.0
1052.0	1.0
1376.0	1.0
751.0	1.0
2120.0	1.0
1488.0	1.0
2711.0	1.0
2548.0	1.0
599.0	1.0
787.0	1.0
17.0	1.0
1093.0	1.0
676.0	1.0
567.0	1.0
463.0	1.0
2620.0	1.0
2777.0	1.0
277.0	-1.0
2048.0	-1.0
1027.0	-1.0
852.0	-1.0
403.0	-1.0
2245.0	-1.0
1995.0	-1.0
1977.0	-1.0
1688.0	-1.0
273.0	-1.0
1670.0	-1.0
2166.0	-1.0
3988.0	-1.0
1493.0	-1.0
499.0	-1.0
2613.0	-1.0
1220.0	-1.0
1661.0	-1.0
1566.0	-1.0
1818.0	-1.0
176.0	-1.0
215.0	-1.0
1953.0	-1.0
1554.0	-1.0
467.0	-1.0
308.0	-1.0
2182.0	-1.0
2552.0	-1.0
2001.0	-1.0
2022.0	-1.0
2957.0	-1.0
610.0	-1.0
1420.0	-1.0
142.0	-1.0
1514.0	-1.0
603.0	-1.0
1735.0	-1.0
1222.0	-1.0
1026.0	-1.0
1001.0	-1.0
970.0	-1.0
2619.0	-1.0
1790.0	-1.0
2342.0	-1.0
2476.0	-1.0
2083.0	-1.0
1644.0	-1.0
993.0	-1.0
1517.0	-1.0
734.0	-1.0
1895.0	-1.0
2052.0	-1.0
1874.0	-1.0
1277.0	-1.0
748.0	-1.0
2638.0	-1.0
101.0	-1.0
784.0	-1.0
1780.0	-1.0
926.0	-1.0
2920.0	-1.0
1834.0	-1.0
1663.0	-1.0
1542.0	-1.0
2403.0	-1.0
1518.0	-1.0
1699.0	-1.0
1987.0	-1.0
2224.0	-1.0
170.0	-1.0
741.0	-1.0
2416.0	-1.0
571.0	-1.0
2510.0	-1.0
422.0	-1.0
1042.0	-1.0
379.0	-1.0
628.0	-1.0
1955.0	-1.0
1458.0	-1.0
298.0	-1.0
421.0	-1.0
909.0	-1.0
20.0	-1.0
1606.0	-1.0
928.0	-1.0
365.0	-1.0
60.0	-1.0
655.0	-1.0
614.0	-1.0
120.0	-1.0
167.0	-1.0
304.0	-1.0
1221.0	-1.0
1406.0	-1.0
789.0	-1.0
1740.0	-1.0
778.0	-1.0
548.0	-1.0
1540.0	-1.0
998.0	-1.0
226.0	-1.0
289.0	-1.0
462.0	-1.0
405.0	-1.0
111.0	-1.0
2254.0	-1.0
305.0	-1.0
1467.0	-1.0
1231.0	-1.0
413.0	-1.0
1452.0	-1.0
1553.0	-1.0
2227.0	-1.0
1495.0	-1.0
287.0	-1.0
1443.0	-1.0
523.0	-1.0
301.0	-1.0
1832.0	-1.0
494.0	-1.0
1828.0	-1.0
119.0	-1.0
2053.0	-1.0
392.0	-1.0
1561.0	-1.0
1658.0	-1.0
117.0	-1.0
2002.0	-1.0
521.0	-1.0
1850.0	-1.0
1695.0	-1.0
53.0	-1.0
185.0	-1.0
843.0	-1.0
994.0	-1.0
49.0	-1.0
841.0	-1.0
2440.0	-1.0
232.0	-1.0
506.0	-1.0
2079.0	-1.0
1522.0	-1.0
4333.0	-2.0
2687.0	-2.0
2313.0	-2.0
368.0	-2.0
2345.0	-2.0
2535.0	-2.0
3061.0	-2.0
3867.0	-2.0
280.0	-2.0
1415.0	-2.0
2697.0	-2.0
4499.0	-2.0
5977.0	-2.0
3736.0	-2.0
2075.0	-2.0
2574.0	-2.0
2984.0	-2.0
1637.0	-2.0
4832.0	-2.0
1524.0	-2.0
1186.0	-2.0
2317.0	-2.0
2875.0	-2.0
1694.0	-2.0
3118.0	-2.0
2956.0	-2.0
949.0	-2.0
2347.0	-2.0
3051.0	-2.0
341.0	-2.0
3381.0	-2.0
3339.0	-2.0
1641.0	-2.0
813.0	-2.0
3389.0	-2.0
6322.0	-2.0
1475.0	-2.0
4389.0	-2.0
2080.0	-2.0
1731.0	-2.0
2667.0	-2.0
3311.0	-2.0
3025.0	-2.0
3507.0	-2.0
935.0	-2.0
4876.0	-2.0
163.0	-2.0
1273.0	-2.0
2143.0	-2.0
2677.0	-2.0
2695.0	-2.0
1008.0	-2.0
2689.0	-2.0
2684.0	-2.0
1590.0	-2.0
617.0	-2.0
2466.0	-2.0
2803.0	-2.0
3382.0	-2.0
897.0	-2.0
5399.0	-2.0
2374.0	-2.0
701.0	-2.0
1391.0	-2.0
1486.0	-2.0
2036.0	-2.0
93.0	-2.0
1605.0	-2.0
1736.0	-2.0
3576.0	-2.0
1504.0	-2.0
685.0	-2.0
826.0	-2.0
2557.0	-2.0
3637.0	-2.0
3447.0	-2.0
3060.0	-2.0
2328.0	-2.0
31.0	-2.0
1847.0	-2.0
830.0	-2.0
937.0	-2.0
4938.0	-2.0
218.0	-2.0
2354.0	-2.0
1353.0	-2.0
879.0	-2.0
3364.0	-2.0
4708.0	-2.0
4186.0	-2.0
513.0	-2.0
2394.0	-2.0
2465.0	-2.0
1722.0	-2.0
3669.0	-2.0
1846.0	-2.0
3499.0	-2.0
2622.0	-2.0
2043.0	-2.0
2390.0	-2.0
1454.0	-2.0
1429.0	-2.0
2979.0	-2.0
3976.0	-2.0
3272.0	-2.0
854.0	-2.0
651.0	-2.0
4955.0	-2.0
2706.0	-2.0
2897.0	-2.0
2752.0	-2.0
1365.0	-2.0
2721.0	-2.0
5451.0	-2.0
3188.0	-2.0
2539.0	-2.0
2348.0	-2.0
986.0	-2.0
1140.0	-2.0
3002.0	-2.0
2057.0	-2.0
2841.0	-2.0
4587.0	-2.0
3044.0	-2.0
3309.0	-2.0
1238.0	-2.0
4560.0	-2.0
1390.0	-2.0
698.0	-2.0
2840.0	-2.0
5541.0	-2.0
4858.0	-2.0
3595.0	-2.0
847.0	-2.0
1909.0	-2.0
4845.0	-2.0
1730.0	-2.0
827.0	-2.0
4290.0	-2.0
671.0	-2.0
2177.0	-2.0
3173.0	-2.0
1259.0	-2.0
2412.0	-2.0
3859.0	-2.0
1265.0	-2.0
1232.0	-2.0
2637.0	-2.0
2543.0	-2.0
369.0	-2.0
1891.0	-2.0
1931.0	-2.0
265.0	-2.0
1405.0	-2.0
2360.0	-2.0
3031.0	-2.0
1583.0	-2.0
3807.0	-2.0
2436.0	-2.0
4362.0	-2.0
2580.0	-2.0
5396.0	-2.0
1172.0	-2.0
1945.0	-2.0
1438.0	-2.0
3658.0	-2.0
574.0	-2.0
4011.0	-2.0
1328.0	-2.0
1207.0	-2.0
1326.0	-2.0
948.0	-2.0
2023.0	-2.0
1966.0	-2.0
984.0	-2.0
2242.0	-2.0
1748.0	-2.0
3324.0	-2.0
2370.0	-2.0
2169.0	-2.0
2133.0	-2.0
803.0	-2.0
3881.0	-2.0
1960.0	-2.0
1900.0	-2.0
2774.0	-2.0
2417.0	-2.0
2250.0	-2.0
4575.0	-2.0
4913.0	-2.0
3178.0	-2.0
1363.0	-2.0
3943.0	-2.0
2109.0	-2.0
2130.0	-2.0
4669.0	-2.0
564.0	-2.0
767.0	-2.0
1903.0	-2.0
940.0	-2.0
2274.0	-2.0
1855.0	-2.0
1721.0	-2.0
710.0	-2.0
1619.0	-2.0
4174.0	-2.0
4218.0	-2.0
1596.0	-2.0
1635.0	-2.0
5898.0	-2.0
1582.0	-2.0
4348.0	-2.0
3256.0	-2.0
3026.0	-2.0
1017.0	-2.0
3994.0	-2.0
2555.0	-2.0
4135.0	-2.0
4031.0	-2.0
1410.0	-2.0
1255.0	-2.0
2017.0	-2.0
2299.0	-2.0
1507.0	-2.0
3587.0	-2.0
2294.0	-2.0
1798.0	-2.0
3887.0	-2.0
1849.0	-2.0
1046.0	-2.0
2545.0	-2.0
1047.0	-2.0
4343.0	-2.0
1920.0	-2.0
3151.0	-2.0
312.0	-2.0
2372.0	-2.0
297.0	-2.0
1773.0	-2.0
2077.0	-2.0
1010.0	-2.0
684.0	-2.0
2004.0	-2.0
1926.0	-2.0
2094.0	-2.0
2314.0	-2.0
1971.0	-2.0
598.0	-2.0
517.0	-2.0
3187.0	-2.0
913.0	-2.0
3614.0	-2.0
1795.0	-2.0
2939.0	-2.0
1346.0	-2.0
1407.0	-2.0
2489.0	-2.0
2139.0	-2.0
1169.0	-2.0
1624.0	-2.0
1574.0	-2.0
1904.0	-2.0
873.0	-2.0
1081.0	-2.0
1671.0	-2.0
1455.0	-2.0
2639.0	-2.0
602.0	-2.0
3485.0	-2.0
938.0	-2.0
3142.0	-2.0
364.0	-2.0
1074.0	-2.0
1296.0	-2.0
704.0	-2.0
1212.0	-2.0
758.0	-2.0
736.0	-2.0
735.0	-2.0
201.0	-2.0
439.0	-2.0
3306.0	-2.0
2652.0	-2.0
4387.0	-2.0
3931.0	-2.0
2975.0	-2.0
1067.0	-2.0
473.0	-2.0
2908.0	-2.0
2189.0	-2.0
1745.0	-2.0
1303.0	-2.0
3824.0	-2.0
3439.0	-2.0
2496.0	-2.0
2084.0	-2.0
2713.0	-2.0
2268.0	-2.0
4628.0	-2.0
5569.0	-2.0
1511.0	-2.0
1956.0	-2.0
1194.0	-2.0
1301.0	-2.0
1248.0	-2.0
1185.0	-2.0
2621.0	-2.0
1271.0	-2.0
1701.0	-2.0
288.0	-2.0
399.0	-2.0
1746.0	-2.0
1743.0	-2.0
566.0	-2.0
2333.0	-2.0
1807.0	-2.0
763.0	-2.0
4641.0	-2.0
4155.0	-2.0
2116.0	-2.0
967.0	-2.0
871.0	-2.0
3363.0	-2.0
644.0	-2.0
641.0	-2.0
1571.0	-2.0
2474.0	-2.0
2857.0	-2.0
569.0	-2.0
519.0	-2.0
3008.0	-2.0
496.0	-2.0
2651.0	-2.0
460.0	-2.0
1918.0	-2.0
828.0	-2.0
1842.0	-2.0
941.0	-2.0
1654.0	-2.0
2696.0	-2.0
550.0	-2.0
1226.0	-2.0
1494.0	-2.0
187.0	-2.0
857.0	-2.0
738.0	-2.0
1868.0	-2.0
2194.0	-2.0
1894.0	-2.0
894.0	-2.0
4137.0	-2.0
2493.0	-2.0
526.0	-2.0
1104.0	-2.0
1999.0	-2.0
3572.0	-2.0
961.0	-2.0
2232.0	-2.0
26.0	-2.0
1591.0	-2.0
1197.0	-2.0
2644.0	-2.0
2690.0	-2.0
587.0	-2.0
1927.0	-2.0
4486.0	-2.0
747.0	-2.0
1972.0	-2.0
2475.0	-2.0
2880.0	-2.0
133.0	-2.0
605.0	-2.0
1180.0	-2.0
2141.0	-2.0
3012.0	-2.0
2905.0	-2.0
2701.0	-2.0
1444.0	-2.0
1078.0	-2.0
3713.0	-2.0
2012.0	-2.0
6328.0	-2.0
3004.0	-2.0
682.0	-2.0
3130.0	-2.0
504.0	-2.0
2248.0	-2.0
791.0	-2.0
1110.0	-2.0
3080.0	-2.0
1035.0	-2.0
330.0	-2.0
2822.0	-2.0
1327.0	-2.0
3993.0	-2.0
3970.0	-2.0
1380.0	-2.0
680.0	-2.0
2981.0	-2.0
2570.0	-2.0
1384.0	-2.0
2669.0	-2.0
1985.0	-2.0
1975.0	-2.0
2058.0	-2.0
1146.0	-2.0
1015.0	-2.0
995.0	-2.0
1864.0	-2.0
3530.0	-2.0
3072.0	-2.0
1462.0	-2.0
1802.0	-2.0
337.0	-2.0
2056.0	-2.0
1459.0	-3.0
624.0	-3.0
745.0	-3.0
3315.0	-3.0
3085.0	-3.0
1204.0	-3.0
1557.0	-3.0
224.0	-3.0
2179.0	-3.0
1236.0	-3.0
2745.0	-3.0
1924.0	-3.0
2261.0	-3.0
1525.0	-3.0
833.0	-3.0
673.0	-3.0
2339.0	-3.0
1797.0	-3.0
2310.0	-3.0
3837.0	-3.0
3488.0	-3.0
1023.0	-3.0
3290.0	-3.0
1503.0	-3.0
2985.0	-3.0
2046.0	-3.0
1129.0	-3.0
1496.0	-3.0
2101.0	-3.0
1223.0	-3.0
581.0	-3.0
355.0	-3.0
1393.0	-3.0
702.0	-3.0
776.0	-3.0
705.0	-3.0
1113.0	-3.0
2591.0	-3.0
1330.0	-3.0
2260.0	-3.0
880.0	-3.0
782.0	-3.0
1309.0	-3.0
1084.0	-3.0
2249.0	-3.0
107.0	-3.0
667.0	-3.0
16.0	-3.0
615.0	-3.0
216.0	-3.0
3003.0	-3.0
46.0	-3.0
1209.0	-3.0
469.0	-3.0
1152.0	-3.0
1629.0	-3.0
1732.0	-3.0
446.0	-3.0
987.0	-3.0
1057.0	-3.0
1004.0	-3.0
105.0	-3.0
590.0	-3.0
772.0	-3.0
4471.0	-3.0
1215.0	-3.0
3274.0	-3.0
1531.0	-3.0
211.0	-3.0
1869.0	-3.0
1076.0	-3.0
6017.0	-3.0
3725.0	-3.0
1827.0	-3.0
1938.0	-3.0
501.0	-3.0
1717.0	-3.0
4544.0	-3.0
1000.0	-3.0
1389.0	-3.0
3696.0	-3.0
4302.0	-3.0
1418.0	-3.0
3376.0	-3.0
4724.0	-3.0
1994.0	-3.0
3895.0	-3.0
271.0	-3.0
3024.0	-3.0
1979.0	-3.0
988.0	-3.0
555.0	-3.0
885.0	-3.0
1159.0	-3.0
956.0	-3.0
1539.0	-3.0
971.0	-3.0
1073.0	-3.0
1490.0	-3.0
6.0	-3.0
613.0	-3.0
708.0	-3.0
858.0	-3.0
1246.0	-3.0
982.0	-3.0
275.0	-3.0
319.0	-3.0
656.0	-3.0
1350.0	-3.0
1257.0	-3.0
1570.0	-3.0
1989.0	-3.0
1627.0	-3.0
48.0	-3.0
1563.0	-3.0
2604.0	-3.0
2051.0	-3.0
771.0	-3.0
912.0	-3.0
3189.0	-3.0
2914.0	-3.0
746.0	-3.0
1203.0	-3.0
2674.0	-3.0
165.0	-3.0
3620.0	-3.0
2405.0	-3.0
2707.0	-3.0
3432.0	-3.0
1965.0	-3.0
3559.0	-3.0
4502.0	-3.0
3810.0	-3.0
1317.0	-3.0
2859.0	-3.0
2100.0	-3.0
2286.0	-3.0
2606.0	-3.0
1878.0	-3.0
2156.0	-3.0
1157.0	-3.0
770.0	-3.0
4712.0	-3.0
2946.0	-3.0
2351.0	-3.0
4370.0	-3.0
2355.0	-3.0
4407.0	-3.0
4816.0	-3.0
2794.0	-3.0
3394.0	-3.0
4808.0	-3.0
1706.0	-3.0
3390.0	-3.0
4404.0	-3.0
2425.0	-3.0
1852.0	-3.0
687.0	-3.0
2303.0	-3.0
3206.0	-3.0
562.0	-3.0
3059.0	-3.0
4804.0	-3.0
2098.0	-3.0
1639.0	-3.0
1144.0	-3.0
1285.0	-4.0
2301.0	-4.0
1049.0	-4.0
533.0	-4.0
155.0	-4.0
1143.0	-4.0
1476.0	-4.0
1760.0	-4.0
384.0	-4.0
1079.0	-4.0
1141.0	-4.0
743.0	-4.0
1559.0	-4.0
290.0	-4.0
64.0	-4.0
1370.0	-4.0
380.0	-4.0
1946.0	-4.0
508.0	-4.0
1610.0	-4.0
2054.0	-4.0
1899.0	-4.0
1498.0	-4.0
482.0	-4.0
1709.0	-4.0
2352.0	-4.0
178.0	-4.0
1428.0	-4.0
921.0	-4.0
1656.0	-4.0
1426.0	-4.0
1178.0	-4.0
210.0	-4.0
1044.0	-4.0
884.0	-4.0
3304.0	-4.0
1245.0	-4.0
455.0	-4.0
818.0	-4.0
694.0	-4.0
1095.0	-4.0
1278.0	-4.0
839.0	-4.0
862.0	-4.0
515.0	-4.0
696.0	-4.0
777.0	-4.0
714.0	-4.0
2829.0	-4.0
752.0	-4.0
576.0	-4.0
1936.0	-4.0
2642.0	-4.0
1698.0	-4.0
2231.0	-4.0
1649.0	-4.0
1400.0	-4.0
1059.0	-4.0
3077.0	-4.0
2468.0	-4.0
816.0	-4.0
3305.0	-4.0
1949.0	-4.0
483.0	-4.0
2559.0	-4.0
1536.0	-4.0
2061.0	-4.0
477.0	-4.0
348.0	-4.0
2356.0	-4.0
3269.0	-4.0
762.0	-4.0
118.0	-4.0
1614.0	-4.0
1272.0	-4.0
2089.0	-4.0
3055.0	-4.0
1546.0	-4.0
1812.0	-4.0
1533.0	-4.0
2413.0	-4.0
2836.0	-4.0
2672.0	-4.0
3588.0	-4.0
1456.0	-4.0
805.0	-4.0
1043.0	-4.0
1693.0	-4.0
1457.0	-4.0
1916.0	-4.0
3333.0	-4.0
3270.0	-4.0
3347.0	-4.0
2205.0	-4.0
2401.0	-5.0
398.0	-5.0
472.0	-5.0
179.0	-5.0
15.0	-5.0
253.0	-5.0
423.0	-5.0
54.0	-5.0
1168.0	-5.0
23.0	-5.0
848.0	-5.0
1196.0	-5.0
572.0	-5.0
1710.0	-5.0
686.0	-5.0
2337.0	-5.0
1153.0	-5.0
70.0	-5.0
441.0	-5.0
2429.0	-5.0
635.0	-5.0
910.0	-5.0
657.0	-5.0
512.0	-5.0
1108.0	-5.0
611.0	-5.0
1502.0	-5.0
195.0	-5.0
347.0	-5.0
22.0	-5.0
1509.0	-5.0
1633.0	-5.0
2947.0	-5.0
2708.0	-5.0
3864.0	-5.0
1603.0	-5.0
2326.0	-5.0
1121.0	-5.0
795.0	-5.0
1279.0	-5.0
1398.0	-5.0
838.0	-5.0
309.0	-5.0
1702.0	-5.0
943.0	-5.0
1288.0	-5.0
905.0	-5.0
1383.0	-5.0
1711.0	-5.0
1165.0	-5.0
2187.0	-5.0
2631.0	-5.0
1753.0	-5.0
252.0	-5.0
2124.0	-5.0
1003.0	-5.0
2163.0	-5.0
2399.0	-5.0
1887.0	-5.0
1366.0	-5.0
1089.0	-5.0
1547.0	-5.0
1300.0	-5.0
2045.0	-5.0
321.0	-5.0
643.0	-6.0
761.0	-6.0
4476.0	-6.0
219.0	-6.0
2042.0	-6.0
796.0	-6.0
908.0	-6.0
1934.0	-6.0
1120.0	-6.0
558.0	-6.0
1163.0	-6.0
1508.0	-6.0
866.0	-6.0
2010.0	-6.0
1213.0	-6.0
225.0	-6.0
878.0	-6.0
135.0	-6.0
233.0	-6.0
147.0	-6.0
592.0	-6.0
395.0	-6.0
1880.0	-6.0
2389.0	-6.0
1932.0	-6.0
130.0	-6.0
292.0	-6.0
887.0	-6.0
1229.0	-6.0
1923.0	-6.0
1034.0	-6.0
1358.0	-6.0
785.0	-6.0
1351.0	-6.0
426.0	-7.0
1145.0	-7.0
1171.0	-7.0
1302.0	-7.0
1372.0	-7.0
256.0	-7.0
1480.0	-7.0
1283.0	-7.0
757.0	-7.0
773.0	-7.0
1785.0	-7.0
927.0	-7.0
689.0	-7.0
237.0	-7.0
744.0	-7.0
21.0	-7.0
214.0	-7.0
193.0	-7.0
189.0	-8.0
1651.0	-8.0
1128.0	-8.0
38.0	-8.0
27.0	-8.0
766.0	-8.0
568.0	-8.0
727.0	-8.0
896.0	-8.0
33.0	-8.0
1497.0	-8.0
323.0	-8.0
412.0	-8.0
629.0	-9.0
1770.0	-9.0
800.0	-9.0
1387.0	-9.0
1055.0	-9.0
1321.0	-9.0
76.0	-9.0
1374.0	-9.0
740.0	-10.0
1884.0	-10.0
18.0	-10.0
1206.0	-10.0
67.0	-10.0
893.0	-11.0
113.0	-11.0
904.0	-11.0
1543.0	-11.0
1714.0	-12.0
78.0	-14.0
32.0	-16.0
