#frame	event	cm_x	cm_y	size	size_r	size_g	size_b	sum	sum_r	sum_g	sum_b
0	4	315.5173913043478	109.51739130434784	4.0	4.0	0.0	2.0	460.0	440.0	0.0	20.0
0	12	550.5	467.6612903225807	4.0	0.0	4.0	2.0	124.0	0.0	84.0	40.0
0	22	601.34375	870.5	4.0	0.0	4.0	2.0	64.0	0.0	44.0	20.0
0	32	2314.6541019955653	1304.6541019955655	7.0	4.0	5.0	5.0	451.0	60.0	13.0	378.0
0	37	1372.6852173913044	1432.5730434782608	11.0	4.0	10.0	4.0	1150.0	172.0	210.0	768.0
0	39	340.5080906148867	1498.210355987055	6.0	1.0	4.0	4.0	309.0	4.0	92.0	212.0
0	47	642.7180156657963	1692.7127937336816	9.0	4.0	7.0	6.0	1149.0	196.0	97.0	856.0
0	50	412.6832298136646	1732.6832298136646	7.0	4.0	5.0	5.0	644.0	100.0	30.0	514.0
0	61	798.6660482374768	1950.6660482374768	7.0	4.0	5.0	4.0	539.0	80.0	19.0	440.0
1	4	315.5173913043478	109.51739130434784	4.0	4.0	0.0	2.0	460.0	440.0	0.0	20.0
1	12	550.5	467.6612903225807	4.0	0.0	4.0	2.0	124.0	0.0	84.0	40.0
1	22	601.34375	870.5	4.0	0.0	4.0	2.0	64.0	0.0	44.0	20.0
1	32	2314.6541019955653	1304.6541019955655	7.0	4.0	5.0	5.0	451.0	60.0	13.0	378.0
1	37	1372.6852173913044	1432.5730434782608	11.0	4.0	10.0	4.0	1150.0	172.0	210.0	768.0
1	39	340.5080906148867	1498.210355987055	6.0	1.0	4.0	4.0	309.0	4.0	92.0	212.0
1	47	642.7180156657963	1692.7127937336816	9.0	4.0	7.0	6.0	1149.0	196.0	97.0	856.0
1	50	412.6832298136646	1732.6832298136646	7.0	4.0	5.0	5.0	644.0	100.0	30.0	514.0
1	61	798.6660482374768	1950.6660482374768	7.0	4.0	5.0	4.0	539.0	80.0	19.0	440.0
2	11	81.51984126984127	759.5198412698413	4.0	4.0	0.0	1.0	504.0	484.0	0.0	20.0
2	13	1940.689608636977	840.689608636977	9.0	4.0	7.0	4.0	741.0	116.0	49.0	576.0
2	18	901.522033898305	897.5203389830508	4.0	4.0	0.0	1.0	590.0	564.0	0.0	25.0
2	34	1800.6541019955655	1404.649667405765	7.0	4.0	5.0	5.0	451.0	60.0	13.0	378.0
2	41	577.6636155606408	1585.663615560641	7.0	4.0	0.0	5.0	874.0	728.0	0.0	146.0
2	44	1258.673805601318	1722.677100494234	7.0	4.0	5.0	5.0	607.0	92.0	25.0	490.0
2	48	958.6511627906976	1808.6511627906975	7.0	4.0	5.0	5.0	430.0	56.0	12.0	362.0
3	24	592.5851648351648	1006.5851648351648	6.0	3.0	1.0	4.0	364.0	33.0	3.0	324.0
3	28	1314.6712328767123	1114.6712328767123	7.0	4.0	5.0	4.0	584.0	88.0	24.0	472.0
3	36	1456.7046025104603	1406.660251046025	11.0	4.0	10.0	6.0	1195.0	196.0	129.0	870.0
3	39	1521.5198412698412	1561.5198412698412	4.0	4.0	0.0	1.0	504.0	484.0	0.0	20.0
3	54	1940.665154264973	2030.4718693284933	11.0	4.0	10.0	6.0	1102.0	144.0	281.0	676.0
4	19	1678.5639686684074	806.3524804177546	7.0	2.0	5.0	5.0	383.0	18.0	73.0	290.0
4	22	2158.592920353982	910.5870206489676	6.0	3.0	1.0	5.0	339.0	30.0	3.0	302.0
4	33	1346.5	1177.638888888889	4.0	0.0	4.0	2.0	72.0	0.0	52.0	20.0
4	36	1910.6160458452723	1360.3352435530087	9.0	4.0	8.0	4.0	698.0	72.0	214.0	412.0
4	38	2206.585164835165	1444.5851648351647	6.0	3.0	1.0	4.0	364.0	33.0	3.0	324.0
4	52	1836.6622807017543	1752.5701754385964	9.0	4.0	8.0	4.0	684.0	96.0	90.0	496.0
4	55	2136.7	1844.7	9.0	4.0	7.0	4.0	860.0	140.0	64.0	656.0
4	57	2276.694117647058	1920.6941176470589	9.0	4.0	7.0	4.0	765.0	124.0	49.0	592.0
4	64	2045.5198329853863	1993.5198329853863	4.0	4.0	0.0	1.0	479.0	460.0	0.0	19.0
5	19	1678.5639686684074	806.3524804177546	7.0	2.0	5.0	5.0	383.0	18.0	73.0	290.0
5	22	2158.592920353982	910.5870206489676	6.0	3.0	1.0	5.0	339.0	30.0	3.0	302.0
5	33	1346.5	1177.638888888889	4.0	0.0	4.0	2.0	72.0	0.0	52.0	20.0
5	36	1910.6160458452723	1360.3352435530087	9.0	4.0	8.0	4.0	698.0	72.0	214.0	412.0
5	38	2206.585164835165	1444.5851648351647	6.0	3.0	1.0	4.0	364.0	33.0	3.0	324.0
5	52	1836.6622807017543	1752.5701754385964	9.0	4.0	8.0	4.0	684.0	96.0	90.0	496.0
5	55	2136.7	1844.7	9.0	4.0	7.0	4.0	860.0	140.0	64.0	656.0
5	57	2276.694117647058	1920.6941176470589	9.0	4.0	7.0	4.0	765.0	124.0	49.0	592.0
5	64	2045.5198329853863	1993.5198329853863	4.0	4.0	0.0	1.0	479.0	460.0	0.0	19.0
6	8	2248.67585089141	574.67585089141	7.0	4.0	5.0	4.0	617.0	96.0	25.0	496.0
6	9	1195.5201535508638	599.5201535508637	4.0	4.0	0.0	1.0	521.0	500.0	0.0	21.0
6	20	345.51950718685833	857.5195071868583	4.0	4.0	0.0	1.0	487.0	468.0	0.0	19.0
6	23	2442.6353887399464	900.6353887399464	7.0	4.0	1.0	5.0	373.0	44.0	3.0	322.0
6	25	792.682962962963	976.682962962963	7.0	4.0	5.0	4.0	675.0	108.0	31.0	536.0
6	26	1325.5163727959698	1009.5163727959698	4.0	4.0	0.0	1.0	397.0	384.0	0.0	13.0
6	37	1225.6680672268908	1269.6680672268908	7.0	4.0	0.0	4.0	952.0	792.0	0.0	160.0
6	39	84.51636363636364	1394.5163636363636	4.0	1.0	1.0	4.0	275.0	7.0	2.0	264.0
6	44	1286.5171102661598	1578.5171102661598	4.0	1.0	1.0	4.0	263.0	7.0	2.0	252.0
6	45	862.5103734439834	1580.377593360996	6.0	1.0	4.0	4.0	241.0	4.0	32.0	204.0
6	58	944.5171102661596	1872.51711026616	4.0	1.0	1.0	4.0	263.0	7.0	2.0	252.0
6	60	374.5163636363636	1934.516363636364	4.0	1.0	1.0	4.0	275.0	7.0	2.0	264.0
6	62	2034.703783783784	1974.703783783784	9.0	4.0	7.0	4.0	925.0	152.0	73.0	700.0
7	7	1720.5	273.75	4.0	0.0	4.0	4.0	88.0	0.0	36.0	52.0
7	16	445.5217391304348	789.5217391304348	4.0	4.0	0.0	1.0	598.0	572.0	0.0	26.0
7	23	1971.516883116883	975.5168831168832	4.0	4.0	0.0	1.0	385.0	372.0	0.0	13.0
7	30	2174.7122302158277	1110.7122302158273	9.0	4.0	7.0	4.0	1112.0	188.0	96.0	828.0
7	32	1160.7074626865672	1174.7074626865672	9.0	4.0	7.0	4.0	1005.0	168.0	81.0	756.0
7	35	1768.5058479532163	1240.798245614035	6.0	0.0	5.0	4.0	684.0	0.0	212.0	472.0
7	40	1546.651865008881	1292.5808170515097	9.0	4.0	8.0	4.0	563.0	76.0	59.0	428.0
7	44	576.6769230769231	1432.676923076923	7.0	4.0	5.0	4.0	650.0	100.0	30.0	520.0
7	45	1808.511737089202	1446.511737089202	4.0	1.0	0.0	4.0	213.0	4.0	0.0	208.0
7	47	1420.5168539325844	1506.5168539325844	4.0	1.0	1.0	4.0	267.0	7.0	2.0	256.0
7	50	2400.64587973274	1570.645879732739	7.0	4.0	6.0	4.0	449.0	60.0	17.0	372.0
7	54	844.5855855855856	1682.5855855855857	6.0	3.0	1.0	4.0	333.0	30.0	3.0	296.0
8	7	306.7398568019093	248.92840095465397	9.0	4.0	7.0	5.0	1676.0	304.0	428.0	944.0
8	10	2146.558762886598	310.24536082474225	8.0	3.0	5.0	4.0	485.0	30.0	156.0	296.0
8	14	16.517605633802816	530.5176056338029	4.0	1.0	1.0	4.0	284.0	8.0	2.0	272.0
8	26	2437.6609336609336	1089.6609336609336	7.0	4.0	0.0	5.0	814.0	680.0	0.0	134.0
8	33	1308.5204081632653	1276.5204081632653	4.0	1.0	1.0	4.0	294.0	9.0	3.0	280.0
8	43	1040.7067745197169	1450.7067745197169	9.0	4.0	7.0	4.0	989.0	164.0	81.0	744.0
8	47	1647.6589147286822	1545.6614987080104	7.0	4.0	0.0	5.0	774.0	648.0	0.0	126.0
8	52	360.69586374695865	1650.6946472019465	9.0	4.0	7.0	4.0	822.0	132.0	58.0	632.0
8	53	1511.6617647058824	1695.6617647058824	7.0	4.0	0.0	4.0	816.0	684.0	0.0	132.0
8	58	1507.521663778163	1823.521663778163	4.0	4.0	0.0	1.0	577.0	552.0	0.0	25.0
9	7	306.7398568019093	248.92840095465397	9.0	4.0	7.0	5.0	1676.0	304.0	428.0	944.0
9	10	2146.558762886598	310.24536082474225	8.0	3.0	5.0	4.0	485.0	30.0	156.0	296.0
9	14	16.517605633802816	530.5176056338029	4.0	1.0	1.0	4.0	284.0	8.0	2.0	272.0
9	26	2437.6609336609336	1089.6609336609336	7.0	4.0	0.0	5.0	814.0	680.0	0.0	134.0
9	33	1308.5204081632653	1276.5204081632653	4.0	1.0	1.0	4.0	294.0	9.0	3.0	280.0
9	43	1040.7067745197169	1450.7067745197169	9.0	4.0	7.0	4.0	989.0	164.0	81.0	744.0
9	47	1647.6589147286822	1545.6614987080104	7.0	4.0	0.0	5.0	774.0	648.0	0.0	126.0
9	52	360.69586374695865	1650.6946472019465	9.0	4.0	7.0	4.0	822.0	132.0	58.0	632.0
9	53	1511.6617647058824	1695.6617647058824	7.0	4.0	0.0	4.0	816.0	684.0	0.0	132.0
9	58	1507.521663778163	1823.521663778163	4.0	4.0	0.0	1.0	577.0	552.0	0.0	25.0
10	18	100.51254480286738	892.3835125448029	6.0	1.0	4.0	4.0	279.0	6.0	36.0	236.0
10	19	253.66267942583733	939.6626794258372	7.0	4.0	0.0	4.0	836.0	700.0	0.0	136.0
10	32	544.6745886654479	1208.6672760511883	7.0	4.0	5.0	5.0	547.0	80.0	19.0	448.0
10	45	1320.5	1529.641304347826	4.0	0.0	4.0	2.0	184.0	0.0	132.0	52.0
10	49	378.6128	1562.3696	9.0	4.0	8.0	4.0	625.0	64.0	165.0	396.0
10	63	1572.5090252707582	1870.6895306859203	6.0	2.0	4.0	4.0	277.0	4.0	49.0	224.0
10	67	1268.5625	1932.236328125	8.0	3.0	5.0	5.0	512.0	30.0	169.0	310.0
11	9	1786.5870786516855	344.5870786516854	6.0	3.0	1.0	4.0	356.0	33.0	3.0	316.0
11	14	882.6750418760469	466.6750418760469	7.0	4.0	5.0	4.0	597.0	92.0	25.0	480.0
11	19	2356.680250783699	610.6802507836991	7.0	4.0	5.0	4.0	638.0	100.0	30.0	508.0
11	22	880.6813008130081	840.6813008130081	7.0	4.0	5.0	5.0	615.0	96.0	25.0	494.0
11	23	796.6330749354005	862.6330749354005	7.0	4.0	1.0	4.0	387.0	48.0	3.0	332.0
11	25	2150.642424242424	916.489393939394	9.0	4.0	8.0	4.0	660.0	84.0	120.0	456.0
11	33	1409.5203094777562	1137.5203094777562	4.0	4.0	0.0	1.0	517.0	496.0	0.0	21.0
11	45	1290.6948717948717	1558.6948717948717	9.0	4.0	7.0	4.0	780.0	124.0	56.0	600.0
11	53	303.51633986928107	1805.516339869281	4.0	4.0	0.0	2.0	459.0	440.0	0.0	19.0
11	54	1823.5198412698408	1805.5198412698408	4.0	4.0	0.0	1.0	504.0	484.0	0.0	20.0
12	23	1531.6609756097562	1049.6609756097562	7.0	4.0	0.0	4.0	820.0	688.0	0.0	132.0
12	26	1367.51966873706	1275.51966873706	4.0	4.0	0.0	1.0	483.0	464.0	0.0	19.0
12	37	982.6769230769232	1486.676923076923	7.0	4.0	5.0	4.0	650.0	100.0	30.0	520.0
12	42	1234.7037837837838	1616.7037837837838	9.0	4.0	7.0	4.0	925.0	152.0	73.0	700.0
12	49	1964.6724137931035	1782.6724137931035	7.0	4.0	5.0	4.0	580.0	88.0	24.0	468.0
12	56	1422.644090305445	1966.4581673306773	9.0	4.0	8.0	4.0	753.0	96.0	165.0	492.0
13	23	1531.6609756097562	1049.6609756097562	7.0	4.0	0.0	4.0	820.0	688.0	0.0	132.0
13	26	1367.51966873706	1275.51966873706	4.0	4.0	0.0	1.0	483.0	464.0	0.0	19.0
13	37	982.6769230769232	1486.676923076923	7.0	4.0	5.0	4.0	650.0	100.0	30.0	520.0
13	42	1234.7037837837838	1616.7037837837838	9.0	4.0	7.0	4.0	925.0	152.0	73.0	700.0
13	49	1964.6724137931035	1782.6724137931035	7.0	4.0	5.0	4.0	580.0	88.0	24.0	468.0
13	56	1422.644090305445	1966.4581673306773	9.0	4.0	8.0	4.0	753.0	96.0	165.0	492.0
14	34	1630.674952198853	1310.6673040152964	7.0	4.0	5.0	5.0	523.0	76.0	19.0	428.0
14	48	1281.5204678362572	1653.5204678362572	4.0	4.0	0.0	1.0	513.0	492.0	0.0	21.0
15	3	596.5304182509506	70.84220532319392	8.0	0.0	7.0	4.0	1052.0	0.0	392.0	660.0
15	5	1890.513043478261	222.51304347826087	4.0	1.0	0.0	4.0	230.0	5.0	0.0	224.0
15	11	922.5123762376238	664.2153465346535	6.0	1.0	5.0	4.0	404.0	8.0	123.0	272.0
15	19	819.5206286836935	973.5206286836936	4.0	4.0	0.0	1.0	509.0	488.0	0.0	21.0
15	20	2110.71875	984.7149390243902	9.0	4.0	8.0	5.0	1312.0	224.0	130.0	958.0
15	24	174.67241379310346	1138.6724137931035	7.0	4.0	5.0	4.0	580.0	88.0	24.0	468.0
15	27	967.669133192389	1321.6680761099365	7.0	4.0	0.0	4.0	946.0	784.0	0.0	160.0
15	46	902.6773162939296	1788.6773162939296	7.0	4.0	5.0	4.0	626.0	96.0	30.0	500.0
16	7	2316.514403292181	352.51440329218104	4.0	1.0	0.0	4.0	243.0	6.0	0.0	236.0
16	29	1029.6572890025575	923.6572890025576	7.0	4.0	0.0	5.0	782.0	656.0	0.0	126.0
16	40	661.521815008726	1409.521815008726	4.0	4.0	0.0	1.0	573.0	548.0	0.0	25.0
16	42	1278.6626506024097	1468.6626506024097	7.0	4.0	5.0	4.0	498.0	72.0	18.0	408.0
16	45	854.5962962962963	1600.3055555555557	9.0	4.0	5.0	4.0	540.0	48.0	161.0	328.0
16	55	1334.6542669584246	1744.6542669584246	7.0	4.0	5.0	4.0	457.0	64.0	13.0	380.0
16	62	1770.5204081632653	1852.5204081632653	4.0	1.0	1.0	4.0	294.0	9.0	3.0	280.0
16	67	2064.5038759689924	1904.7093023255811	6.0	0.0	4.0	4.0	258.0	0.0	52.0	204.0
16	70	1153.6693548387098	1957.6693548387095	7.0	4.0	0.0	4.0	992.0	824.0	0.0	168.0
16	72	1424.5118733509237	1980.2058047493404	6.0	1.0	5.0	4.0	379.0	7.0	119.0	252.0
17	7	2316.514403292181	352.51440329218104	4.0	1.0	0.0	4.0	243.0	6.0	0.0	236.0
17	29	1029.6572890025575	923.6572890025576	7.0	4.0	0.0	5.0	782.0	656.0	0.0	126.0
17	40	661.521815008726	1409.521815008726	4.0	4.0	0.0	1.0	573.0	548.0	0.0	25.0
17	42	1278.6626506024097	1468.6626506024097	7.0	4.0	5.0	4.0	498.0	72.0	18.0	408.0
17	45	854.5962962962963	1600.3055555555557	9.0	4.0	5.0	4.0	540.0	48.0	161.0	328.0
17	55	1334.6542669584246	1744.6542669584246	7.0	4.0	5.0	4.0	457.0	64.0	13.0	380.0
17	62	1770.5204081632653	1852.5204081632653	4.0	1.0	1.0	4.0	294.0	9.0	3.0	280.0
17	67	2064.5038759689924	1904.7093023255811	6.0	0.0	4.0	4.0	258.0	0.0	52.0	204.0
17	70	1153.6693548387098	1957.6693548387095	7.0	4.0	0.0	4.0	992.0	824.0	0.0	168.0
17	72	1424.5118733509237	1980.2058047493404	6.0	1.0	5.0	4.0	379.0	7.0	119.0	252.0
18	2	1461.6633663366338	129.66336633663366	7.0	4.0	0.0	4.0	808.0	676.0	0.0	132.0
18	26	196.7160068846816	696.7151462994836	9.0	4.0	7.0	4.0	1162.0	196.0	105.0	860.0
18	31	2250.6938775510203	782.6938775510204	9.0	4.0	7.0	4.0	784.0	124.0	56.0	604.0
18	34	1438.5110565110565	926.142506142506	6.0	1.0	5.0	6.0	407.0	7.0	147.0	252.0
18	47	1828.676923076923	1194.676923076923	7.0	4.0	5.0	4.0	650.0	100.0	30.0	520.0
18	49	2438.5117370892017	1212.511737089202	4.0	1.0	0.0	4.0	213.0	4.0	0.0	208.0
18	50	1826.6600790513835	1250.6600790513835	7.0	4.0	5.0	4.0	506.0	72.0	18.0	416.0
18	66	2414.515060240964	1620.370481927711	6.0	1.0	5.0	4.0	332.0	8.0	51.0	272.0
18	70	1556.517361111111	1764.517361111111	4.0	1.0	1.0	4.0	288.0	8.0	2.0	276.0
19	7	306.7008733624454	292.70742358078604	9.0	4.0	7.0	6.0	916.0	148.0	72.0	696.0
19	13	142.51440329218107	826.5144032921811	4.0	1.0	0.0	4.0	243.0	6.0	0.0	236.0
19	15	1208.6769759450171	932.6752577319588	7.0	4.0	5.0	4.0	582.0	88.0	25.0	468.0
19	17	1436.5171102661598	1038.5171102661598	4.0	1.0	1.0	4.0	263.0	7.0	2.0	252.0
19	33	2268.7111334002007	1430.7111334002009	9.0	4.0	7.0	8.0	997.0	164.0	81.0	752.0
19	39	2350.7052401746723	1668.7052401746726	9.0	4.0	7.0	4.0	916.0	152.0	72.0	692.0
19	41	102.63307493540051	1778.6330749354006	7.0	4.0	1.0	4.0	387.0	48.0	3.0	332.0
20	0	1248.642737896494	50.502504173622704	9.0	4.0	8.0	4.0	599.0	76.0	103.0	420.0
20	12	2224.6330749354006	600.6330749354005	7.0	4.0	1.0	4.0	387.0	48.0	3.0	332.0
20	22	2434.708947885939	852.708947885939	9.0	4.0	7.0	4.0	1017.0	172.0	81.0	764.0
20	24	363.50759878419456	905.51367781155	4.0	4.0	0.0	3.0	329.0	316.0	0.0	13.0
20	28	1212.55617628802	1024.6908752327747	11.0	4.0	10.0	6.0	1611.0	244.0	343.0	1024.0
20	29	1586.5176056338028	1028.5176056338028	4.0	1.0	1.0	4.0	284.0	8.0	2.0	272.0
20	37	318.5115207373272	1248.5115207373271	4.0	1.0	0.0	4.0	217.0	4.0	0.0	212.0
20	45	1022.5	1552.7	6.0	0.0	4.0	4.0	200.0	0.0	40.0	160.0
20	48	321.5124378109453	1625.5149253731342	4.0	4.0	2.0	1.0	402.0	384.0	4.0	13.0
20	53	2324.51711026616	1688.5171102661598	4.0	1.0	1.0	4.0	263.0	7.0	2.0	252.0
20	58	244.71612903225807	1756.716129032258	9.0	4.0	7.0	4.0	1240.0	212.0	112.0	916.0
20	60	2418.508287292818	1758.4806629834254	4.0	1.0	2.0	4.0	181.0	3.0	10.0	168.0
20	62	1323.51966873706	1787.51966873706	4.0	4.0	0.0	1.0	483.0	464.0	0.0	19.0
20	67	2398.5176056338028	1878.5176056338028	4.0	1.0	1.0	4.0	284.0	8.0	2.0	272.0
20	69	1457.516883116883	1957.516883116883	4.0	4.0	0.0	1.0	385.0	372.0	0.0	13.0
20	73	1564.6462264150944	2006.6462264150944	7.0	4.0	5.0	4.0	424.0	56.0	12.0	356.0
20	76	109.52917505030182	2046.0291750503015	6.0	6.0	0.0	2.0	994.0	936.0	0.0	58.0
21	0	1248.642737896494	50.502504173622704	9.0	4.0	8.0	4.0	599.0	76.0	103.0	420.0
21	12	2224.6330749354006	600.6330749354005	7.0	4.0	1.0	4.0	387.0	48.0	3.0	332.0
21	22	2434.708947885939	852.708947885939	9.0	4.0	7.0	4.0	1017.0	172.0	81.0	764.0
21	24	363.50759878419456	905.51367781155	4.0	4.0	0.0	3.0	329.0	316.0	0.0	13.0
21	28	1212.55617628802	1024.6908752327747	11.0	4.0	10.0	6.0	1611.0	244.0	343.0	1024.0
21	29	1586.5176056338028	1028.5176056338028	4.0	1.0	1.0	4.0	284.0	8.0	2.0	272.0
21	37	318.5115207373272	1248.5115207373271	4.0	1.0	0.0	4.0	217.0	4.0	0.0	212.0
21	45	1022.5	1552.7	6.0	0.0	4.0	4.0	200.0	0.0	40.0	160.0
21	48	321.5124378109453	1625.5149253731342	4.0	4.0	2.0	1.0	402.0	384.0	4.0	13.0
21	53	2324.51711026616	1688.5171102661598	4.0	1.0	1.0	4.0	263.0	7.0	2.0	252.0
21	58	244.71612903225807	1756.716129032258	9.0	4.0	7.0	4.0	1240.0	212.0	112.0	916.0
21	60	2418.508287292818	1758.4806629834254	4.0	1.0	2.0	4.0	181.0	3.0	10.0	168.0
21	62	1323.51966873706	1787.51966873706	4.0	4.0	0.0	1.0	483.0	464.0	0.0	19.0
21	67	2398.5176056338028	1878.5176056338028	4.0	1.0	1.0	4.0	284.0	8.0	2.0	272.0
21	69	1457.516883116883	1957.516883116883	4.0	4.0	0.0	1.0	385.0	372.0	0.0	13.0
21	73	1564.6462264150944	2006.6462264150944	7.0	4.0	5.0	4.0	424.0	56.0	12.0	356.0
21	76	109.52917505030182	2046.0291750503015	6.0	6.0	0.0	2.0	994.0	936.0	0.0	58.0
22	19	1882.6401028277637	766.6349614395887	7.0	4.0	1.0	5.0	389.0	48.0	3.0	334.0
22	32	2302.671232876712	1340.6712328767123	7.0	4.0	5.0	4.0	584.0	88.0	24.0	472.0
22	55	2098.585164835165	1812.5851648351647	6.0	3.0	1.0	4.0	364.0	33.0	3.0	324.0
23	9	242.6953807740325	578.6953807740325	9.0	4.0	7.0	4.0	801.0	128.0	57.0	616.0
23	22	1818.7091273821463	1032.7091273821463	9.0	4.0	7.0	4.0	997.0	168.0	81.0	748.0
23	28	472.50877192982455	1214.508771929825	4.0	1.0	0.0	4.0	171.0	3.0	0.0	168.0
23	31	2074.71226831421	1250.71226831421	9.0	4.0	7.0	4.0	1133.0	192.0	97.0	844.0
23	33	594.5171232876712	1264.5171232876712	4.0	1.0	1.0	4.0	292.0	8.0	2.0	280.0
23	36	2280.6684684684683	1442.6684684684683	7.0	4.0	5.0	4.0	555.0	84.0	19.0	452.0
23	38	1750.67585089141	1470.67585089141	7.0	4.0	5.0	4.0	617.0	96.0	25.0	496.0
23	39	1558.680250783699	1492.680250783699	7.0	4.0	5.0	4.0	638.0	100.0	30.0	508.0
23	43	613.2047377326566	1625.178510998308	12.0	4.0	8.0	9.0	1182.0	572.0	48.0	562.0
23	55	2164.675041876047	1944.6750418760469	7.0	4.0	5.0	4.0	597.0	92.0	25.0	480.0
23	56	786.6620689655173	1990.6120689655168	9.0	4.0	8.0	4.0	580.0	84.0	48.0	448.0
24	6	2236.6993630573247	300.69936305732483	9.0	4.0	7.0	4.0	785.0	128.0	57.0	600.0
24	8	636.6807580174927	308.67784256559764	7.0	4.0	5.0	4.0	686.0	108.0	33.0	544.0
24	11	114.76480263157896	458.5559210526316	13.0	7.0	8.0	4.0	608.0	153.0	135.0	316.0
24	18	1668.6948717948717	794.6923076923077	9.0	4.0	8.0	4.0	780.0	124.0	60.0	596.0
24	21	2175.662337662337	943.6597402597404	7.0	4.0	0.0	5.0	770.0	644.0	0.0	126.0
24	26	1216.6333333333334	1034.628205128205	7.0	4.0	2.0	4.0	390.0	48.0	6.0	332.0
24	28	32.694117647058825	1074.6941176470589	9.0	4.0	7.0	4.0	765.0	124.0	49.0	592.0
24	39	1293.5198329853863	1429.5198329853863	4.0	4.0	0.0	1.0	479.0	460.0	0.0	19.0
24	46	1844.5176056338028	1612.5176056338028	4.0	1.0	1.0	4.0	284.0	8.0	2.0	272.0
24	47	638.7157802964255	1638.7157802964257	9.0	4.0	7.0	5.0	1147.0	196.0	97.0	854.0
24	58	414.71302037201065	1822.7130203720103	9.0	4.0	7.0	4.0	1129.0	192.0	97.0	840.0
24	59	2442.642156862745	1822.6421568627447	7.0	4.0	5.0	4.0	408.0	52.0	12.0	344.0
24	64	278.6787878787879	1964.6727272727276	7.0	4.0	6.0	5.0	660.0	100.0	38.0	522.0
25	6	2236.6993630573247	300.69936305732483	9.0	4.0	7.0	4.0	785.0	128.0	57.0	600.0
25	8	636.6807580174927	308.67784256559764	7.0	4.0	5.0	4.0	686.0	108.0	33.0	544.0
25	11	114.76480263157896	458.5559210526316	13.0	7.0	8.0	4.0	608.0	153.0	135.0	316.0
25	18	1668.6948717948717	794.6923076923077	9.0	4.0	8.0	4.0	780.0	124.0	60.0	596.0
25	21	2175.662337662337	943.6597402597404	7.0	4.0	0.0	5.0	770.0	644.0	0.0	126.0
25	26	1216.6333333333334	1034.628205128205	7.0	4.0	2.0	4.0	390.0	48.0	6.0	332.0
25	28	32.694117647058825	1074.6941176470589	9.0	4.0	7.0	4.0	765.0	124.0	49.0	592.0
25	39	1293.5198329853863	1429.5198329853863	4.0	4.0	0.0	1.0	479.0	460.0	0.0	19.0
25	46	1844.5176056338028	1612.5176056338028	4.0	1.0	1.0	4.0	284.0	8.0	2.0	272.0
25	47	638.7157802964255	1638.7157802964257	9.0	4.0	7.0	5.0	1147.0	196.0	97.0	854.0
25	58	414.71302037201065	1822.7130203720103	9.0	4.0	7.0	4.0	1129.0	192.0	97.0	840.0
25	59	2442.642156862745	1822.6421568627447	7.0	4.0	5.0	4.0	408.0	52.0	12.0	344.0
25	64	278.6787878787879	1964.6727272727276	7.0	4.0	6.0	5.0	660.0	100.0	38.0	522.0
26	27	1158.6974169741698	1044.7047970479705	9.0	4.0	7.0	6.0	813.0	132.0	57.0	624.0
26	32	1182.5	1143.8125	4.0	0.0	4.0	2.0	64.0	0.0	24.0	40.0
26	36	1886.7073170731708	1274.7073170731708	9.0	4.0	7.0	4.0	1025.0	172.0	81.0	772.0
26	38	2332.5124378109454	1292.5124378109454	4.0	1.0	0.0	4.0	201.0	4.0	0.0	196.0
26	44	1492.5193548387097	1450.5193548387097	4.0	1.0	1.0	4.0	310.0	9.0	3.0	296.0
26	45	738.6763803680982	1454.6748466257668	7.0	4.0	5.0	4.0	652.0	100.0	31.0	520.0
26	51	1976.5870786516853	1584.5870786516855	6.0	3.0	1.0	4.0	356.0	33.0	3.0	316.0
26	53	2194.702450408401	1624.702450408401	9.0	4.0	7.0	4.0	857.0	140.0	64.0	652.0
26	62	2054.5877437325908	1746.58217270195	6.0	3.0	2.0	4.0	359.0	33.0	6.0	316.0
26	65	1833.5217391304348	1805.5217391304348	4.0	4.0	0.0	1.0	598.0	572.0	0.0	26.0
27	7	1183.52	239.52	4.0	4.0	0.0	1.0	500.0	480.0	0.0	20.0
27	8	1738.6768982229405	254.6801292407108	7.0	4.0	5.0	5.0	619.0	96.0	25.0	498.0
27	9	872.7124887690925	308.71248876909254	9.0	4.0	7.0	4.0	1113.0	188.0	97.0	828.0
27	10	110.71000935453696	338.71000935453696	9.0	4.0	7.0	4.0	1069.0	180.0	89.0	800.0
27	17	2062.516129032258	674.516129032258	4.0	1.0	1.0	4.0	279.0	7.0	2.0	268.0
27	18	922.6746987951808	740.6927710843373	8.0	4.0	6.0	4.0	664.0	104.0	36.0	524.0
27	25	816.6808199121523	930.6808199121524	7.0	4.0	5.0	4.0	683.0	108.0	31.0	544.0
27	30	966.702643171806	1096.702643171806	9.0	4.0	7.0	4.0	908.0	148.0	72.0	688.0
27	37	1473.6682134570765	1333.6658932714618	7.0	4.0	0.0	5.0	862.0	716.0	0.0	146.0
27	43	791.5208791208792	1427.5164835164835	4.0	4.0	0.0	2.0	455.0	436.0	0.0	19.0
27	45	1832.7021764032077	1466.7021764032074	9.0	4.0	7.0	4.0	873.0	144.0	65.0	664.0
27	49	676.6918990703851	1544.691899070385	9.0	4.0	7.0	4.0	753.0	120.0	49.0	584.0
27	52	2088.6597510373444	1594.6597510373444	7.0	4.0	5.0	4.0	482.0	68.0	18.0	396.0
27	56	730.7017937219731	1684.701793721973	9.0	4.0	7.0	4.0	892.0	144.0	72.0	676.0
27	58	285.5204678362573	1697.5204678362572	4.0	4.0	0.0	1.0	513.0	492.0	0.0	21.0
27	66	1126.5115089514063	2006.1943734015344	6.0	1.0	5.0	4.0	391.0	7.0	127.0	256.0
28	3	1431.5872855701311	145.5388496468214	11.0	4.0	7.0	7.0	991.0	716.0	105.0	170.0
28	14	1498.6278755074425	746.3139377537212	9.0	4.0	8.0	5.0	739.0	72.0	250.0	417.0
28	34	594.6768707482993	1662.6768707482993	7.0	4.0	5.0	6.0	588.0	88.0	24.0	476.0
28	38	1444.708947885939	1720.708947885939	9.0	4.0	7.0	4.0	1017.0	172.0	81.0	764.0
29	3	1431.5872855701311	145.5388496468214	11.0	4.0	7.0	7.0	991.0	716.0	105.0	170.0
29	14	1498.6278755074425	746.3139377537212	9.0	4.0	8.0	5.0	739.0	72.0	250.0	417.0
29	34	594.6768707482993	1662.6768707482993	7.0	4.0	5.0	6.0	588.0	88.0	24.0	476.0
29	38	1444.708947885939	1720.708947885939	9.0	4.0	7.0	4.0	1017.0	172.0	81.0	764.0
30	11	1378.5	455.5384615384616	4.0	0.0	4.0	2.0	260.0	0.0	240.0	20.0
30	17	958.5229885057472	756.147509578544	7.0	2.0	5.0	5.0	522.0	18.0	212.0	290.0
30	18	2062.649438202247	824.6494382022472	7.0	4.0	5.0	4.0	445.0	60.0	13.0	372.0
30	27	1982.683969465649	1058.6824427480915	7.0	4.0	5.0	4.0	655.0	104.0	30.0	520.0
30	36	1426.6888888888889	1352.6888888888889	9.0	4.0	7.0	4.0	720.0	112.0	48.0	560.0
30	57	124.50746268656717	1942.5074626865671	4.0	1.0	0.0	4.0	134.0	2.0	0.0	132.0
31	19	1602.6297297297297	724.4027027027028	9.0	4.0	8.0	4.0	740.0	84.0	192.0	464.0
31	45	406.65034965034965	1416.5506993006993	9.0	4.0	8.0	4.0	572.0	76.0	76.0	420.0
31	46	956.5162454873646	1422.5126353790613	4.0	1.0	2.0	4.0	277.0	7.0	4.0	264.0
31	50	1090.5096418732785	1522.1790633608816	6.0	1.0	4.0	4.0	363.0	6.0	120.0	236.0
31	53	200.63446475195823	1642.634464751958	7.0	4.0	1.0	4.0	383.0	48.0	3.0	328.0
31	59	1890.5	1759.764705882353	4.0	0.0	4.0	4.0	68.0	0.0	24.0	44.0
31	62	808.6660746003553	1800.6660746003552	7.0	4.0	5.0	4.0	563.0	84.0	19.0	460.0
31	63	2186.704347826087	1808.7043478260869	9.0	4.0	7.0	4.0	920.0	152.0	72.0	696.0
31	73	1298.647619047619	2004.647619047619	7.0	4.0	5.0	4.0	420.0	56.0	12.0	352.0
31	74	2200.6990521327016	2012.6990521327011	9.0	4.0	7.0	4.0	844.0	136.0	64.0	644.0
32	3	2398.642156862745	112.6421568627451	7.0	4.0	5.0	4.0	408.0	52.0	12.0	344.0
32	7	634.0741337630943	295.0628525382756	9.0	4.0	8.0	6.0	1241.0	440.0	305.0	496.0
32	12	648.5163636363636	534.5163636363636	4.0	1.0	1.0	4.0	275.0	7.0	2.0	264.0
32	27	1915.5198329853863	1141.5198329853863	4.0	4.0	0.0	1.0	479.0	460.0	0.0	19.0
32	29	2045.5217391304348	1201.5217391304348	4.0	4.0	0.0	1.0	598.0	572.0	0.0	26.0
32	30	1896.694871794872	1206.6948717948717	9.0	4.0	7.0	4.0	780.0	124.0	56.0	600.0
32	39	1012.6542669584244	1438.6542669584246	7.0	4.0	5.0	4.0	457.0	64.0	13.0	380.0
32	40	876.5092024539878	1468.5092024539877	4.0	1.0	0.0	4.0	163.0	3.0	0.0	160.0
32	41	1621.5201535508638	1495.5201535508638	4.0	4.0	0.0	1.0	521.0	500.0	0.0	21.0
32	46	1619.5163727959698	1641.5163727959698	4.0	4.0	0.0	1.0	397.0	384.0	0.0	13.0
32	49	1973.5163727959696	1725.5163727959698	4.0	4.0	0.0	1.0	397.0	384.0	0.0	13.0
33	3	2398.642156862745	112.6421568627451	7.0	4.0	5.0	4.0	408.0	52.0	12.0	344.0
33	7	634.0741337630943	295.0628525382756	9.0	4.0	8.0	6.0	1241.0	440.0	305.0	496.0
33	12	648.5163636363636	534.5163636363636	4.0	1.0	1.0	4.0	275.0	7.0	2.0	264.0
33	27	1915.5198329853863	1141.5198329853863	4.0	4.0	0.0	1.0	479.0	460.0	0.0	19.0
33	29	2045.5217391304348	1201.5217391304348	4.0	4.0	0.0	1.0	598.0	572.0	0.0	26.0
33	30	1896.694871794872	1206.6948717948717	9.0	4.0	7.0	4.0	780.0	124.0	56.0	600.0
33	39	1012.6542669584244	1438.6542669584246	7.0	4.0	5.0	4.0	457.0	64.0	13.0	380.0
33	40	876.5092024539878	1468.5092024539877	4.0	1.0	0.0	4.0	163.0	3.0	0.0	160.0
33	41	1621.5201535508638	1495.5201535508638	4.0	4.0	0.0	1.0	521.0	500.0	0.0	21.0
33	46	1619.5163727959698	1641.5163727959698	4.0	4.0	0.0	1.0	397.0	384.0	0.0	13.0
33	49	1973.5163727959696	1725.5163727959698	4.0	4.0	0.0	1.0	397.0	384.0	0.0	13.0
34	19	2266.652255639098	798.6616541353384	7.0	4.0	6.0	4.0	532.0	76.0	28.0	428.0
34	38	12.670068027210885	1474.6700680272108	7.0	4.0	5.0	4.0	588.0	88.0	24.0	476.0
34	49	1100.7046688382193	1840.7046688382195	9.0	4.0	7.0	4.0	921.0	152.0	73.0	696.0
34	54	2134.513432835821	1946.3462686567163	6.0	1.0	5.0	4.0	335.0	7.0	59.0	268.0
34	58	952.5	2025.3076923076924	4.0	0.0	4.0	2.0	52.0	0.0	32.0	20.0
35	1	1083.6779388083737	13.676328502415458	7.0	4.0	0.0	5.0	1242.0	1020.0	0.0	222.0
35	33	2327.517382413088	1049.521472392638	4.0	4.0	0.0	2.0	489.0	468.0	0.0	21.0
35	38	2412.6325459317586	1152.6325459317586	7.0	4.0	1.0	5.0	381.0	44.0	3.0	330.0
35	42	1170.6660194174758	1214.6660194174758	7.0	4.0	5.0	4.0	515.0	76.0	19.0	420.0
35	46	828.664739884393	1356.6647398843932	7.0	4.0	5.0	4.0	519.0	76.0	19.0	424.0
35	47	223.51966873706004	1411.51966873706	4.0	4.0	0.0	1.0	483.0	464.0	0.0	19.0
35	52	156.66265060240963	1596.6626506024097	7.0	4.0	5.0	4.0	498.0	72.0	18.0	408.0
35	60	239.5170603674541	1897.5170603674544	4.0	4.0	0.0	1.0	381.0	368.0	0.0	13.0
36	6	818.5	365.5531914893617	4.0	0.0	4.0	2.0	188.0	0.0	168.0	20.0
36	7	630.713768115942	390.713768115942	9.0	4.0	7.0	4.0	1104.0	188.0	96.0	820.0
36	30	1244.5072463768115	1158.5072463768115	4.0	1.0	0.0	4.0	138.0	2.0	0.0	136.0
36	31	1970.5168539325844	1164.5168539325844	4.0	1.0	1.0	4.0	267.0	7.0	2.0	256.0
36	53	182.51304347826087	1734.513043478261	4.0	1.0	0.0	4.0	230.0	5.0	0.0	224.0
36	56	214.70262390670555	1776.685131195335	11.0	4.0	10.0	6.0	1029.0	168.0	105.0	756.0
37	6	818.5	365.5531914893617	4.0	0.0	4.0	2.0	188.0	0.0	168.0	20.0
37	7	630.713768115942	390.713768115942	9.0	4.0	7.0	4.0	1104.0	188.0	96.0	820.0
37	30	1244.5072463768115	1158.5072463768115	4.0	1.0	0.0	4.0	138.0	2.0	0.0	136.0
37	31	1970.5168539325844	1164.5168539325844	4.0	1.0	1.0	4.0	267.0	7.0	2.0	256.0
37	53	182.51304347826087	1734.513043478261	4.0	1.0	0.0	4.0	230.0	5.0	0.0	224.0
37	56	214.70262390670555	1776.685131195335	11.0	4.0	10.0	6.0	1029.0	168.0	105.0	756.0
38	4	494.7107279693487	186.71072796934865	9.0	4.0	7.0	4.0	1044.0	176.0	88.0	780.0
38	8	1114.706611570248	452.706611570248	9.0	4.0	7.0	4.0	968.0	160.0	80.0	728.0
38	13	1732.6722222222222	524.6685185185186	7.0	4.0	5.0	5.0	540.0	80.0	21.0	438.0
38	17	1384.5	632.0	2.0	0.0	2.0	2.0	62.0	0.0	10.0	52.0
38	24	988.6583629893238	754.5978647686833	9.0	4.0	8.0	5.0	562.0	76.0	52.0	434.0
38	25	1674.6734693877552	768.6209912536443	9.0	4.0	8.0	6.0	686.0	104.0	54.0	528.0
38	34	450.6813880126183	992.6813880126184	7.0	4.0	5.0	4.0	634.0	100.0	30.0	504.0
38	36	1470.6542669584246	1058.6542669584246	7.0	4.0	5.0	4.0	457.0	64.0	13.0	380.0
38	45	1128.7074626865672	1212.7134328358209	9.0	4.0	7.0	6.0	1005.0	168.0	81.0	756.0
38	47	2016.7057613168724	1276.7057613168724	9.0	4.0	7.0	4.0	972.0	160.0	80.0	732.0
38	52	2269.6065573770493	1361.573770491803	4.0	4.0	0.0	2.0	61.0	48.0	0.0	13.0
38	57	184.69189907038512	1408.691899070385	9.0	4.0	7.0	4.0	753.0	120.0	49.0	584.0
38	61	710.5783783783784	1496.4837837837838	8.0	3.0	5.0	6.0	370.0	30.0	33.0	304.0
38	67	2208.67585089141	1578.67585089141	7.0	4.0	5.0	4.0	617.0	96.0	25.0	496.0
38	75	1238.6600790513835	1712.6600790513835	7.0	4.0	5.0	4.0	506.0	72.0	18.0	416.0
39	3	1492.1325648414986	249.9884726224784	7.0	0.0	7.0	5.0	347.0	0.0	277.0	70.0
39	19	380.5171232876712	638.5171232876712	4.0	1.0	1.0	4.0	292.0	8.0	2.0	280.0
39	38	384.7083333333333	1230.7083333333333	9.0	4.0	7.0	4.0	960.0	160.0	80.0	720.0
39	56	1146.6953642384103	1570.6913907284768	9.0	4.0	7.0	4.0	755.0	120.0	49.0	584.0
39	59	830.58357771261	1614.58357771261	6.0	3.0	1.0	4.0	341.0	30.0	3.0	304.0
39	60	1391.5170603674542	1699.5170603674542	4.0	4.0	0.0	1.0	381.0	368.0	0.0	13.0
39	67	2330.514285714285	1778.5102040816328	4.0	1.0	0.0	4.0	245.0	6.0	0.0	236.0
39	74	1512.7131707317074	1976.7131707317076	9.0	4.0	7.0	5.0	1025.0	172.0	81.0	772.0
40	16	143.37351543942992	597.7494061757719	11.0	7.0	4.0	8.0	1684.0	1028.0	248.0	408.0
40	25	703.5203094777563	809.5203094777563	4.0	4.0	0.0	1.0	517.0	496.0	0.0	21.0
40	27	1136.5154639175255	820.4192439862543	6.0	1.0	5.0	4.0	291.0	7.0	31.0	252.0
40	35	290.5140562248996	1174.5020080321283	4.0	1.0	2.0	4.0	249.0	6.0	6.0	236.0
40	37	2045.6687242798355	1319.6687242798355	7.0	4.0	0.0	4.0	972.0	808.0	0.0	164.0
40	51	1160.6990521327014	1720.6990521327014	9.0	4.0	7.0	4.0	844.0	136.0	64.0	644.0
40	52	1214.5074626865671	1762.5074626865671	4.0	1.0	0.0	4.0	134.0	2.0	0.0	132.0
40	63	1502.7124542124543	2036.7124542124543	9.0	4.0	7.0	4.0	1092.0	184.0	96.0	812.0
41	16	143.37351543942992	597.7494061757719	11.0	7.0	4.0	8.0	1684.0	1028.0	248.0	408.0
41	25	703.5203094777563	809.5203094777563	4.0	4.0	0.0	1.0	517.0	496.0	0.0	21.0
41	27	1136.5154639175255	820.4192439862543	6.0	1.0	5.0	4.0	291.0	7.0	31.0	252.0
41	35	290.5140562248996	1174.5020080321283	4.0	1.0	2.0	4.0	249.0	6.0	6.0	236.0
41	37	2045.6687242798355	1319.6687242798355	7.0	4.0	0.0	4.0	972.0	808.0	0.0	164.0
41	51	1160.6990521327014	1720.6990521327014	9.0	4.0	7.0	4.0	844.0	136.0	64.0	644.0
41	52	1214.5074626865671	1762.5074626865671	4.0	1.0	0.0	4.0	134.0	2.0	0.0	132.0
41	63	1502.7124542124543	2036.7124542124543	9.0	4.0	7.0	4.0	1092.0	184.0	96.0	812.0
42	1	2236.5382165605097	66.57643312101911	5.0	2.0	1.0	5.0	314.0	18.0	3.0	290.0
42	5	2366.438940657185	254.59195684158905	14.0	11.0	12.0	4.0	2039.0	386.0	633.0	1020.0
42	9	2192.67387687188	390.6738768718802	7.0	4.0	5.0	4.0	601.0	92.0	25.0	484.0
42	23	526.5092024539878	942.5092024539878	4.0	1.0	0.0	4.0	163.0	3.0	0.0	160.0
42	39	1406.6698656429942	1666.5153550863724	11.0	4.0	10.0	4.0	1042.0	144.0	226.0	672.0
42	41	438.629392971246	1708.4249201277955	9.0	4.0	8.0	4.0	626.0	72.0	146.0	408.0
43	2	946.6786786786788	122.67867867867868	7.0	4.0	5.0	4.0	666.0	104.0	30.0	532.0
43	10	1633.5217391304348	323.5217391304348	4.0	4.0	0.0	1.0	598.0	572.0	0.0	26.0
43	14	2227.51637279597	495.5163727959698	4.0	4.0	0.0	1.0	397.0	384.0	0.0	13.0
43	15	2148.691678035471	496.69167803547066	9.0	4.0	7.0	4.0	733.0	116.0	49.0	568.0
43	16	1178.5176056338028	508.5176056338028	4.0	1.0	1.0	4.0	284.0	8.0	2.0	272.0
43	22	1144.692729766804	676.6927297668038	9.0	4.0	7.0	4.0	729.0	116.0	49.0	564.0
43	39	1323.5215946843855	1215.5215946843855	4.0	4.0	0.0	1.0	602.0	576.0	0.0	26.0
43	47	2041.6687242798355	1569.6687242798355	7.0	4.0	0.0	4.0	972.0	808.0	0.0	164.0
43	57	2090.508982035928	1718.508982035928	4.0	1.0	0.0	4.0	167.0	3.0	0.0	164.0
44	0	1625.520879120879	137.5164835164835	4.0	4.0	0.0	2.0	455.0	436.0	0.0	19.0
44	15	2029.5198412698408	829.5198412698413	4.0	4.0	0.0	1.0	504.0	484.0	0.0	20.0
44	17	754.6621621621622	994.6679536679536	7.0	5.0	5.0	4.0	518.0	79.0	19.0	420.0
44	18	286.6340206185567	1028.6262886597938	7.0	4.0	3.0	4.0	388.0	48.0	9.0	328.0
44	28	1268.67387687188	1330.67387687188	7.0	4.0	5.0	4.0	601.0	92.0	25.0	484.0
44	38	1374.6724738675955	1622.6689895470383	7.0	4.0	5.0	5.0	574.0	84.0	24.0	466.0
44	39	2036.7009345794395	1626.7009345794393	9.0	4.0	7.0	4.0	856.0	140.0	64.0	652.0
44	45	1380.717791411043	1724.717791411043	9.0	4.0	7.0	4.0	1304.0	224.0	120.0	960.0
44	48	2025.5217391304348	1743.5217391304348	4.0	4.0	0.0	1.0	598.0	572.0	0.0	26.0
44	49	1110.7067745197169	1780.7067745197169	9.0	4.0	7.0	4.0	989.0	164.0	81.0	744.0
44	50	1958.7179487179487	1802.7179487179487	9.0	4.0	7.0	4.0	1248.0	216.0	112.0	920.0
44	55	374.6963613550816	1886.6963613550813	9.0	4.0	7.0	4.0	797.0	128.0	57.0	612.0
45	0	1625.520879120879	137.5164835164835	4.0	4.0	0.0	2.0	455.0	436.0	0.0	19.0
45	15	2029.5198412698408	829.5198412698413	4.0	4.0	0.0	1.0	504.0	484.0	0.0	20.0
45	17	754.6621621621622	994.6679536679536	7.0	5.0	5.0	4.0	518.0	79.0	19.0	420.0
45	18	286.6340206185567	1028.6262886597938	7.0	4.0	3.0	4.0	388.0	48.0	9.0	328.0
45	28	1268.67387687188	1330.67387687188	7.0	4.0	5.0	4.0	601.0	92.0	25.0	484.0
45	38	1374.6724738675955	1622.6689895470383	7.0	4.0	5.0	5.0	574.0	84.0	24.0	466.0
45	39	2036.7009345794395	1626.7009345794393	9.0	4.0	7.0	4.0	856.0	140.0	64.0	652.0
45	45	1380.717791411043	1724.717791411043	9.0	4.0	7.0	4.0	1304.0	224.0	120.0	960.0
45	48	2025.5217391304348	1743.5217391304348	4.0	4.0	0.0	1.0	598.0	572.0	0.0	26.0
45	49	1110.7067745197169	1780.7067745197169	9.0	4.0	7.0	4.0	989.0	164.0	81.0	744.0
45	50	1958.7179487179487	1802.7179487179487	9.0	4.0	7.0	4.0	1248.0	216.0	112.0	920.0
45	55	374.6963613550816	1886.6963613550813	9.0	4.0	7.0	4.0	797.0	128.0	57.0	612.0
46	9	1134.7021764032074	430.7021764032073	9.0	4.0	7.0	4.0	873.0	144.0	65.0	664.0
46	14	577.520325203252	633.520325203252	4.0	4.0	0.0	1.0	492.0	472.0	0.0	20.0
46	19	2428.6769230769232	826.6769230769231	7.0	4.0	5.0	4.0	650.0	100.0	30.0	520.0
46	24	2376.651583710407	906.6561085972852	7.0	4.0	5.0	5.0	442.0	60.0	12.0	370.0
46	25	96.70816326530613	966.708163265306	9.0	4.0	7.0	4.0	980.0	164.0	80.0	736.0
46	35	994.5123966942148	1158.3429752066115	6.0	1.0	4.0	4.0	242.0	4.0	41.0	196.0
46	49	154.609756097561	1580.3678861788617	9.0	4.0	5.0	6.0	492.0	44.0	121.0	324.0
46	64	418.664	2024.668	7.0	4.0	5.0	5.0	500.0	72.0	18.0	410.0
47	10	2358.511961722488	258.511961722488	4.0	1.0	0.0	4.0	209.0	4.0	0.0	204.0
47	13	1300.692729766804	470.69272976680384	9.0	4.0	7.0	4.0	729.0	116.0	49.0	564.0
47	23	372.6948717948718	1020.6948717948718	9.0	4.0	7.0	4.0	780.0	124.0	56.0	600.0
47	24	1499.6708333333331	1053.6708333333331	7.0	4.0	0.0	4.0	960.0	796.0	0.0	164.0
47	27	220.5630114566285	1194.2446808510638	13.0	8.0	10.0	4.0	1222.0	196.0	438.0	588.0
47	51	1743.52	1787.52	4.0	4.0	0.0	1.0	475.0	456.0	0.0	19.0
47	52	1416.511737089202	1796.511737089202	4.0	1.0	0.0	4.0	213.0	4.0	0.0	208.0
47	55	2092.5125448028675	1894.3512544802868	6.0	1.0	4.0	4.0	279.0	5.0	45.0	228.0
47	62	1061.5172413793102	2003.521298174442	4.0	4.0	0.0	2.0	493.0	472.0	0.0	21.0
48	1	1370.9792703150913	33.72056384742952	10.0	8.0	6.0	9.0	1206.0	492.0	330.0	382.0
48	24	1230.6813880126183	898.6813880126183	7.0	4.0	5.0	4.0	634.0	100.0	30.0	504.0
48	42	1468.6505263157894	1362.6547368421052	7.0	4.0	5.0	5.0	475.0	64.0	13.0	398.0
48	58	558.58357771261	1756.58357771261	6.0	3.0	1.0	4.0	341.0	30.0	3.0	304.0
48	67	462.5204081632653	1982.5204081632653	4.0	1.0	1.0	4.0	294.0	9.0	3.0	280.0
49	1	1370.9792703150913	33.72056384742952	10.0	8.0	6.0	9.0	1206.0	492.0	330.0	382.0
49	24	1230.6813880126183	898.6813880126183	7.0	4.0	5.0	4.0	634.0	100.0	30.0	504.0
49	42	1468.6505263157894	1362.6547368421052	7.0	4.0	5.0	5.0	475.0	64.0	13.0	398.0
49	58	558.58357771261	1756.58357771261	6.0	3.0	1.0	4.0	341.0	30.0	3.0	304.0
49	67	462.5204081632653	1982.5204081632653	4.0	1.0	1.0	4.0	294.0	9.0	3.0	280.0
50	11	1138.6600790513835	532.6600790513834	7.0	4.0	5.0	4.0	506.0	72.0	18.0	416.0
50	15	208.63942307692307	600.6394230769231	7.0	4.0	5.0	4.0	416.0	52.0	12.0	352.0
50	38	1607.6702508960573	1225.6729390681005	7.0	4.0	0.0	5.0	1116.0	920.0	0.0	194.0
50	45	1369.52	1417.52	4.0	4.0	0.0	1.0	500.0	480.0	0.0	20.0
51	6	1916.0	236.5	2.0	0.0	2.0	2.0	50.0	0.0	4.0	46.0
51	11	1544.639423076923	492.6394230769231	7.0	4.0	5.0	4.0	416.0	52.0	12.0	352.0
51	19	1203.5208711433756	919.5208711433756	4.0	4.0	0.0	1.0	551.0	528.0	0.0	23.0
51	28	2186.5087719298244	1090.508771929825	4.0	1.0	0.0	4.0	171.0	3.0	0.0	168.0
51	49	2212.7021764032074	1570.7021764032074	9.0	4.0	7.0	4.0	873.0	144.0	65.0	664.0
51	57	862.6542669584245	1790.6542669584246	7.0	4.0	5.0	4.0	457.0	64.0	13.0	380.0
51	61	682.58357771261	1858.58357771261	6.0	3.0	1.0	4.0	341.0	30.0	3.0	304.0
51	62	1902.713537117904	1872.713537117904	9.0	4.0	7.0	4.0	1145.0	196.0	97.0	852.0
51	70	1463.6634615384614	2027.6634615384612	7.0	4.0	0.0	4.0	832.0	696.0	0.0	136.0
52	20	1754.691011235955	900.6910112359551	9.0	4.0	7.0	4.0	712.0	112.0	48.0	552.0
52	21	1974.5176056338028	944.5176056338028	4.0	1.0	1.0	4.0	284.0	8.0	2.0	272.0
52	28	2412.657534246576	1136.531506849315	9.0	4.0	8.0	4.0	730.0	100.0	122.0	508.0
52	29	2100.5	1144.3119266055046	6.0	2.0	4.0	4.0	218.0	6.0	44.0	168.0
52	31	1574.7012542759408	1168.7012542759408	9.0	4.0	7.0	4.0	877.0	144.0	65.0	668.0
52	35	346.64850136239784	1360.4727520435968	9.0	4.0	8.0	6.0	734.0	92.0	154.0	488.0
52	40	303.5210643015521	1503.5166297117516	4.0	4.0	0.0	2.0	451.0	432.0	0.0	19.0
52	49	1846.652719665272	1728.652719665272	7.0	4.0	5.0	4.0	478.0	64.0	18.0	396.0
52	50	500.6808510638298	1760.6808510638298	7.0	4.0	5.0	4.0	658.0	104.0	30.0	524.0
52	51	628.6626506024096	1818.6626506024097	7.0	4.0	5.0	4.0	498.0	72.0	18.0	408.0
52	53	1816.716785998409	1882.716785998409	9.0	4.0	7.0	4.0	1257.0	216.0	113.0	928.0
53	20	1754.691011235955	900.6910112359551	9.0	4.0	7.0	4.0	712.0	112.0	48.0	552.0
53	21	1974.5176056338028	944.5176056338028	4.0	1.0	1.0	4.0	284.0	8.0	2.0	272.0
53	28	2412.657534246576	1136.531506849315	9.0	4.0	8.0	4.0	730.0	100.0	122.0	508.0
53	29	2100.5	1144.3119266055046	6.0	2.0	4.0	4.0	218.0	6.0	44.0	168.0
53	31	1574.7012542759408	1168.7012542759408	9.0	4.0	7.0	4.0	877.0	144.0	65.0	668.0
53	35	346.64850136239784	1360.4727520435968	9.0	4.0	8.0	6.0	734.0	92.0	154.0	488.0
53	40	303.5210643015521	1503.5166297117516	4.0	4.0	0.0	2.0	451.0	432.0	0.0	19.0
53	49	1846.652719665272	1728.652719665272	7.0	4.0	5.0	4.0	478.0	64.0	18.0	396.0
53	50	500.6808510638298	1760.6808510638298	7.0	4.0	5.0	4.0	658.0	104.0	30.0	524.0
53	51	628.6626506024096	1818.6626506024097	7.0	4.0	5.0	4.0	498.0	72.0	18.0	408.0
53	53	1816.716785998409	1882.716785998409	9.0	4.0	7.0	4.0	1257.0	216.0	113.0	928.0
54	15	2378.672191528545	810.6721915285451	7.0	4.0	5.0	4.0	543.0	84.0	19.0	440.0
54	23	112.66846846846848	1138.6684684684683	7.0	4.0	5.0	4.0	555.0	84.0	19.0	452.0
54	32	918.5831325301205	1450.4602409638553	8.0	3.0	5.0	5.0	415.0	33.0	53.0	326.0
54	36	642.5103734439834	1536.377593360996	6.0	1.0	4.0	4.0	241.0	4.0	32.0	204.0
54	40	818.6684684684685	1582.6684684684683	7.0	4.0	5.0	4.0	555.0	84.0	19.0	452.0
54	66	2072.7026431718064	2000.702643171806	9.0	4.0	7.0	4.0	908.0	148.0	72.0	688.0
55	24	158.50396825396825	922.1825396825396	6.0	1.0	4.0	4.0	252.0	3.0	81.0	168.0
55	36	368.6690140845071	1266.6690140845071	7.0	4.0	5.0	4.0	568.0	84.0	24.0	460.0
55	40	1090.6840536512668	1378.6840536512668	7.0	4.0	5.0	4.0	671.0	108.0	31.0	532.0
55	42	2426.5062761506274	1421.9267782426778	6.0	1.0	4.0	4.0	478.0	4.0	277.0	196.0
55	59	2002.716785998409	1786.716785998409	9.0	4.0	7.0	4.0	1257.0	216.0	113.0	928.0
56	17	1627.5210237659962	631.5210237659963	4.0	4.0	0.0	1.0	547.0	524.0	0.0	23.0
56	24	1219.661097852029	891.6634844868735	7.0	4.0	0.0	5.0	838.0	700.0	0.0	138.0
56	26	1906.6330749354008	962.6330749354004	7.0	4.0	1.0	4.0	387.0	48.0	3.0	332.0
56	29	2242.705761316872	1016.7057613168724	9.0	4.0	7.0	4.0	972.0	160.0	80.0	732.0
56	38	190.70661157024796	1244.706611570248	9.0	4.0	7.0	4.0	968.0	160.0	80.0	728.0
56	39	736.5119617224881	1268.511961722488	4.0	1.0	0.0	4.0	209.0	4.0	0.0	204.0
56	41	2028.51711026616	1292.5171102661598	4.0	1.0	1.0	4.0	263.0	7.0	2.0	252.0
56	42	1044.6786786786786	1316.6786786786786	7.0	4.0	5.0	4.0	666.0	104.0	30.0	532.0
56	43	1062.6684684684683	1350.6684684684683	7.0	4.0	5.0	4.0	555.0	84.0	19.0	452.0
56	44	542.5061728395061	1400.358024691358	6.0	1.0	4.0	4.0	162.0	2.0	24.0	136.0
56	64	598.6685499058381	1828.668549905838	7.0	4.0	5.0	4.0	531.0	80.0	19.0	432.0
56	74	1812.645161290323	1972.5304659498208	9.0	4.0	8.0	4.0	558.0	72.0	82.0	404.0
56	79	610.6982097186701	2042.69820971867	9.0	4.0	7.0	5.0	782.0	124.0	56.0	602.0
57	17	1627.5210237659962	631.5210237659963	4.0	4.0	0.0	1.0	547.0	524.0	0.0	23.0
57	24	1219.661097852029	891.6634844868735	7.0	4.0	0.0	5.0	838.0	700.0	0.0	138.0
57	26	1906.6330749354008	962.6330749354004	7.0	4.0	1.0	4.0	387.0	48.0	3.0	332.0
57	29	2242.705761316872	1016.7057613168724	9.0	4.0	7.0	4.0	972.0	160.0	80.0	732.0
57	38	190.70661157024796	1244.706611570248	9.0	4.0	7.0	4.0	968.0	160.0	80.0	728.0
57	39	736.5119617224881	1268.511961722488	4.0	1.0	0.0	4.0	209.0	4.0	0.0	204.0
57	41	2028.51711026616	1292.5171102661598	4.0	1.0	1.0	4.0	263.0	7.0	2.0	252.0
57	42	1044.6786786786786	1316.6786786786786	7.0	4.0	5.0	4.0	666.0	104.0	30.0	532.0
57	43	1062.6684684684683	1350.6684684684683	7.0	4.0	5.0	4.0	555.0	84.0	19.0	452.0
57	44	542.5061728395061	1400.358024691358	6.0	1.0	4.0	4.0	162.0	2.0	24.0	136.0
57	64	598.6685499058381	1828.668549905838	7.0	4.0	5.0	4.0	531.0	80.0	19.0	432.0
57	74	1812.645161290323	1972.5304659498208	9.0	4.0	8.0	4.0	558.0	72.0	82.0	404.0
57	79	610.6982097186701	2042.69820971867	9.0	4.0	7.0	5.0	782.0	124.0	56.0	602.0
58	9	164.69741697416976	780.6974169741698	9.0	4.0	7.0	4.0	813.0	132.0	57.0	624.0
58	13	2358.57180156658	940.44908616188	8.0	3.0	6.0	4.0	383.0	30.0	55.0	296.0
58	14	573.5167095115681	947.516709511568	4.0	4.0	0.0	1.0	389.0	376.0	0.0	13.0
58	20	592.5149253731344	1100.5149253731342	4.0	1.0	1.0	4.0	268.0	7.0	2.0	256.0
58	33	1976.663967611336	1382.663967611336	7.0	4.0	5.0	4.0	494.0	72.0	18.0	404.0
58	37	366.7039627039627	1478.7039627039628	9.0	4.0	7.0	5.0	858.0	140.0	64.0	654.0
58	42	1818.516129032258	1664.516129032258	4.0	1.0	1.0	4.0	279.0	7.0	2.0	268.0
58	44	762.4708994708994	1744.8275132275132	10.0	4.0	9.0	4.0	945.0	48.0	297.0	600.0
58	46	1632.6660482374768	1760.6660482374768	7.0	4.0	5.0	4.0	539.0	80.0	19.0	440.0
58	48	2366.664739884393	1820.6647398843927	7.0	4.0	5.0	4.0	519.0	76.0	19.0	424.0
58	51	1840.676923076923	2036.676923076923	7.0	4.0	5.0	4.0	650.0	100.0	30.0	520.0
58	53	1876.0	2046.5	2.0	2.0	0.0	2.0	44.0	18.0	0.0	26.0
59	3	1226.5	105.0	2.0	0.0	2.0	2.0	30.0	0.0	10.0	20.0
59	9	1828.6780185758516	546.6780185758514	7.0	4.0	5.0	4.0	646.0	100.0	30.0	516.0
59	13	468.7035398230088	636.7035398230089	9.0	4.0	7.0	4.0	904.0	148.0	72.0	684.0
59	19	876.5128205128206	856.2735042735043	6.0	1.0	5.0	4.0	351.0	7.0	87.0	256.0
59	24	240.51212938005392	982.2641509433962	6.0	1.0	5.0	4.0	371.0	7.0	95.0	268.0
59	27	1864.5072463768115	1028.5072463768115	4.0	1.0	0.0	4.0	138.0	2.0	0.0	136.0
59	33	1900.6208333333332	1166.4708333333333	9.0	4.0	8.0	4.0	480.0	52.0	84.0	344.0
59	43	2036.5	1381.321428571429	4.0	0.0	4.0	2.0	56.0	0.0	36.0	20.0
59	48	768.6953807740325	1480.6953807740324	9.0	4.0	7.0	4.0	801.0	128.0	57.0	616.0
59	54	386.5047021943574	1798.0156739811912	6.0	1.0	4.0	4.0	319.0	3.0	156.0	160.0
60	4	1031.524105754277	247.52099533437013	4.0	4.0	0.0	2.0	643.0	612.0	0.0	31.0
60	41	36.51219512195122	1470.2857142857142	6.0	1.0	4.0	4.0	287.0	5.0	65.0	216.0
60	48	1874.5176056338028	1744.5176056338028	4.0	1.0	1.0	4.0	284.0	8.0	2.0	272.0
60	56	1344.517361111111	1892.517361111111	4.0	1.0	1.0	4.0	288.0	8.0	2.0	276.0
60	59	366.5074626865672	1988.5074626865671	4.0	1.0	0.0	4.0	134.0	2.0	0.0	132.0
61	4	1031.524105754277	247.52099533437013	4.0	4.0	0.0	2.0	643.0	612.0	0.0	31.0
61	41	36.51219512195122	1470.2857142857142	6.0	1.0	4.0	4.0	287.0	5.0	65.0	216.0
61	48	1874.5176056338028	1744.5176056338028	4.0	1.0	1.0	4.0	284.0	8.0	2.0	272.0
61	56	1344.517361111111	1892.517361111111	4.0	1.0	1.0	4.0	288.0	8.0	2.0	276.0
61	59	366.5074626865672	1988.5074626865671	4.0	1.0	0.0	4.0	134.0	2.0	0.0	132.0
62	1	2224.5774336283184	100.08960176991152	9.0	6.0	8.0	5.0	904.0	72.0	450.0	382.0
62	12	184.6533957845433	580.6510538641686	7.0	4.0	5.0	5.0	427.0	56.0	12.0	358.0
62	18	2184.507462686567	724.5074626865671	4.0	1.0	0.0	4.0	134.0	2.0	0.0	132.0
62	21	2042.701793721973	760.7017937219731	9.0	4.0	7.0	4.0	892.0	144.0	72.0	676.0
62	31	1958.55078447564	1087.0619322873658	13.0	4.0	12.0	7.0	1211.0	60.0	535.0	616.0
62	34	2253.51966873706	1159.51966873706	4.0	4.0	0.0	1.0	483.0	464.0	0.0	19.0
62	35	305.66336633663366	1189.6633663366338	7.0	4.0	0.0	4.0	808.0	676.0	0.0	132.0
62	41	2438.6425120772947	1346.647342995169	7.0	4.0	5.0	5.0	414.0	52.0	12.0	350.0
62	67	496.69537275064266	1786.694087403599	9.0	4.0	7.0	4.0	778.0	124.0	57.0	596.0
62	75	1848.7046688382195	1848.7046688382195	9.0	4.0	7.0	4.0	921.0	152.0	73.0	696.0
63	5	2180.5117370892017	426.51173708920186	4.0	1.0	0.0	4.0	213.0	4.0	0.0	208.0
63	37	96.51612903225806	1444.516129032258	4.0	1.0	1.0	4.0	279.0	7.0	2.0	268.0
63	44	890.689608636977	1552.689608636977	9.0	4.0	7.0	4.0	741.0	116.0	49.0	576.0
63	45	2130.708163265306	1568.7081632653062	9.0	4.0	7.0	4.0	980.0	164.0	80.0	736.0
63	50	518.6542669584245	1666.6542669584246	7.0	4.0	5.0	4.0	457.0	64.0	13.0	380.0
63	62	2232.698393077874	2024.698393077874	9.0	4.0	7.0	4.0	809.0	132.0	57.0	620.0
64	4	1001.519587628866	455.5175257731959	4.0	4.0	0.0	1.0	485.0	464.0	0.0	19.0
64	5	1508.5072463768115	508.5072463768116	4.0	1.0	0.0	4.0	138.0	2.0	0.0	136.0
64	8	865.6680412371134	577.6680412371134	7.0	4.0	0.0	5.0	970.0	804.0	0.0	166.0
64	9	1222.6819571865444	594.6819571865443	7.0	4.0	5.0	4.0	654.0	104.0	30.0	520.0
64	10	965.5177570093458	633.4130841121495	6.0	4.0	4.0	1.0	535.0	460.0	56.0	19.0
64	12	1976.6623616236163	670.6678966789668	7.0	5.0	5.0	4.0	542.0	83.0	19.0	440.0
64	14	174.50877192982455	754.1812865497076	6.0	1.0	4.0	4.0	342.0	5.0	112.0	224.0
64	41	1808.7054429028813	1506.7054429028815	9.0	4.0	7.0	4.0	937.0	156.0	73.0	708.0
64	43	1942.5	1519.6382978723404	4.0	0.0	4.0	2.0	188.0	0.0	136.0	52.0
64	55	1690.5	1852.9913793103449	6.0	0.0	4.0	4.0	464.0	0.0	228.0	236.0
64	57	2304.519867549669	1948.5198675496688	4.0	1.0	1.0	4.0	302.0	9.0	3.0	288.0
65	4	1001.519587628866	455.5175257731959	4.0	4.0	0.0	1.0	485.0	464.0	0.0	19.0
65	5	1508.5072463768115	508.5072463768116	4.0	1.0	0.0	4.0	138.0	2.0	0.0	136.0
65	8	865.6680412371134	577.6680412371134	7.0	4.0	0.0	5.0	970.0	804.0	0.0	166.0
65	9	1222.6819571865444	594.6819571865443	7.0	4.0	5.0	4.0	654.0	104.0	30.0	520.0
65	10	965.5177570093458	633.4130841121495	6.0	4.0	4.0	1.0	535.0	460.0	56.0	19.0
65	12	1976.6623616236163	670.6678966789668	7.0	5.0	5.0	4.0	542.0	83.0	19.0	440.0
65	14	174.50877192982455	754.1812865497076	6.0	1.0	4.0	4.0	342.0	5.0	112.0	224.0
65	41	1808.7054429028813	1506.7054429028815	9.0	4.0	7.0	4.0	937.0	156.0	73.0	708.0
65	43	1942.5	1519.6382978723404	4.0	0.0	4.0	2.0	188.0	0.0	136.0	52.0
65	55	1690.5	1852.9913793103449	6.0	0.0	4.0	4.0	464.0	0.0	228.0	236.0
65	57	2304.519867549669	1948.5198675496688	4.0	1.0	1.0	4.0	302.0	9.0	3.0	288.0
66	5	848.5168539325842	400.5168539325843	4.0	1.0	1.0	4.0	267.0	7.0	2.0	256.0
66	11	2379.5216637781627	655.5216637781629	4.0	4.0	0.0	1.0	577.0	552.0	0.0	25.0
66	18	267.521815008726	771.521815008726	4.0	4.0	0.0	1.0	573.0	548.0	0.0	25.0
66	27	2073.522504892368	925.518590998043	4.0	4.0	0.0	2.0	511.0	488.0	0.0	23.0
66	35	2328.714285714286	1214.7142857142858	9.0	4.0	7.0	4.0	1197.0	204.0	105.0	888.0
66	42	1664.5851648351647	1396.1703296703297	9.0	4.0	8.0	6.0	728.0	56.0	308.0	364.0
66	48	1633.5217391304348	1485.517391304348	4.0	4.0	0.0	2.0	460.0	440.0	0.0	20.0
66	57	1414.5	1627.3333333333333	4.0	0.0	4.0	2.0	60.0	0.0	40.0	20.0
66	59	824.6953807740325	1650.6953807740324	9.0	4.0	7.0	4.0	801.0	128.0	57.0	616.0
66	61	1045.6693548387098	1721.6693548387098	7.0	4.0	0.0	4.0	992.0	824.0	0.0	168.0
66	72	2224.634464751958	2016.634464751958	7.0	4.0	1.0	4.0	383.0	48.0	3.0	328.0
67	16	2275.5563798219587	605.660237388724	9.0	4.0	4.0	4.0	1348.0	992.0	140.0	216.0
67	30	454.7054714784633	988.7054714784632	9.0	4.0	7.0	5.0	859.0	140.0	64.0	655.0
67	46	1282.5	1279.2777777777778	4.0	0.0	4.0	4.0	108.0	0.0	52.0	56.0
67	50	783.5155875299761	1421.515587529976	4.0	4.0	0.0	1.0	417.0	404.0	0.0	13.0
67	59	1642.69209039548	1782.69209039548	9.0	4.0	7.0	4.0	708.0	112.0	48.0	548.0
67	62	52.681957186544345	1862.6819571865444	7.0	4.0	5.0	4.0	654.0	104.0	30.0	520.0
68	4	1158.5115207373271	120.5115207373272	4.0	1.0	0.0	4.0	217.0	4.0	0.0	212.0
68	29	810.6899441340782	1054.689944134078	9.0	4.0	7.0	4.0	716.0	112.0	48.0	556.0
68	35	532.6955223880597	1186.6776119402984	8.0	4.0	6.0	5.0	670.0	104.0	36.0	530.0
68	36	1465.520161290323	1205.520161290323	4.0	4.0	0.0	1.0	496.0	476.0	0.0	20.0
68	38	2412.5	1247.5862068965516	4.0	0.0	4.0	2.0	232.0	0.0	192.0	40.0
68	47	502.66718027734976	1484.617873651772	9.0	4.0	8.0	4.0	649.0	96.0	57.0	496.0
68	56	942.6952247191012	1630.6952247191011	9.0	4.0	7.0	4.0	712.0	112.0	48.0	548.0
68	58	414.58357771261	1646.58357771261	6.0	3.0	1.0	4.0	341.0	30.0	3.0	304.0
68	61	910.6817042606516	1706.625313283208	11.0	4.0	10.0	4.0	798.0	120.0	94.0	584.0
68	64	2092.310810810811	1802.516216216216	6.0	1.0	5.0	4.0	370.0	9.0	80.0	280.0
68	67	556.5940054495912	1842.5803814713895	6.0	3.0	3.0	5.0	367.0	33.0	9.0	322.0
68	70	2186.694871794872	1886.694871794872	9.0	4.0	7.0	4.0	780.0	124.0	56.0	600.0
68	76	1308.6712328767123	2020.6712328767123	7.0	4.0	5.0	4.0	584.0	88.0	24.0	472.0
69	4	1158.5115207373271	120.5115207373272	4.0	1.0	0.0	4.0	217.0	4.0	0.0	212.0
69	29	810.6899441340782	1054.689944134078	9.0	4.0	7.0	4.0	716.0	112.0	48.0	556.0
69	35	532.6955223880597	1186.6776119402984	8.0	4.0	6.0	5.0	670.0	104.0	36.0	530.0
69	36	1465.520161290323	1205.520161290323	4.0	4.0	0.0	1.0	496.0	476.0	0.0	20.0
69	38	2412.5	1247.5862068965516	4.0	0.0	4.0	2.0	232.0	0.0	192.0	40.0
69	47	502.66718027734976	1484.617873651772	9.0	4.0	8.0	4.0	649.0	96.0	57.0	496.0
69	56	942.6952247191012	1630.6952247191011	9.0	4.0	7.0	4.0	712.0	112.0	48.0	548.0
69	58	414.58357771261	1646.58357771261	6.0	3.0	1.0	4.0	341.0	30.0	3.0	304.0
69	61	910.6817042606516	1706.625313283208	11.0	4.0	10.0	4.0	798.0	120.0	94.0	584.0
69	64	2092.310810810811	1802.516216216216	6.0	1.0	5.0	4.0	370.0	9.0	80.0	280.0
69	67	556.5940054495912	1842.5803814713895	6.0	3.0	3.0	5.0	367.0	33.0	9.0	322.0
69	70	2186.694871794872	1886.694871794872	9.0	4.0	7.0	4.0	780.0	124.0	56.0	600.0
69	76	1308.6712328767123	2020.6712328767123	7.0	4.0	5.0	4.0	584.0	88.0	24.0	472.0
70	0	856.7026431718061	78.70264317180617	9.0	4.0	7.0	4.0	908.0	148.0	72.0	688.0
70	1	1508.513043478261	82.51304347826087	4.0	1.0	0.0	4.0	230.0	5.0	0.0	224.0
70	7	1587.5215946843855	399.5215946843854	4.0	4.0	0.0	1.0	602.0	576.0	0.0	26.0
70	19	31.660146699266505	681.6601466992665	7.0	4.0	0.0	5.0	818.0	684.0	0.0	134.0
70	45	486.64195583596216	1564.4779179810726	9.0	4.0	8.0	4.0	634.0	80.0	120.0	432.0
70	54	1416.7093023255811	1794.7093023255811	9.0	4.0	7.0	4.0	1032.0	172.0	88.0	772.0
70	63	1040.510067114094	1908.2818791946308	6.0	1.0	4.0	4.0	298.0	5.0	68.0	224.0
70	72	1116.6813880126183	2004.6813880126183	7.0	4.0	5.0	4.0	634.0	100.0	30.0	504.0
70	73	1590.6700680272108	2020.6700680272108	7.0	4.0	5.0	4.0	588.0	88.0	24.0	476.0
71	3	350.5128205128205	182.51282051282053	4.0	1.0	0.0	4.0	234.0	5.0	0.0	228.0
71	17	2017.520309477756	553.5203094777563	4.0	4.0	0.0	1.0	517.0	496.0	0.0	21.0
71	20	22.70912547528517	726.7072243346007	9.0	4.0	8.0	4.0	1052.0	176.0	92.0	784.0
71	21	1064.6660482374768	752.6660482374768	7.0	4.0	5.0	4.0	539.0	80.0	19.0	440.0
71	26	2069.519298245614	915.519298245614	4.0	4.0	0.0	2.0	570.0	544.0	0.0	26.0
71	31	8.517123287671232	1144.5171232876712	4.0	1.0	1.0	4.0	292.0	8.0	2.0	280.0
71	39	2164.709923664122	1340.7099236641222	9.0	4.0	7.0	4.0	1048.0	176.0	88.0	784.0
71	42	36.70816326530612	1456.7081632653062	9.0	4.0	7.0	4.0	980.0	164.0	80.0	736.0
71	46	921.5213675213676	1569.5213675213674	4.0	4.0	0.0	1.0	585.0	560.0	0.0	25.0
71	47	1140.6750418760469	1602.6750418760469	7.0	4.0	5.0	4.0	597.0	92.0	25.0	480.0
71	48	17.517094017094017	1621.5213675213674	4.0	4.0	0.0	2.0	468.0	448.0	0.0	20.0
71	59	342.5135869565217	1830.3070652173917	6.0	1.0	5.0	4.0	368.0	8.0	79.0	280.0
71	61	263.6673866090713	1891.6695464362847	7.0	4.0	0.0	5.0	926.0	768.0	0.0	158.0
71	62	1370.5	1913.5320512820515	4.0	0.0	4.0	2.0	312.0	0.0	292.0	20.0
72	14	1534.667832167832	932.6678321678322	7.0	4.0	5.0	4.0	572.0	84.0	24.0	464.0
72	26	998.6571428571428	1338.6571428571428	7.0	4.0	5.0	4.0	490.0	68.0	18.0	404.0
72	35	1942.6444444444444	1596.6444444444444	7.0	4.0	1.0	5.0	405.0	52.0	3.0	346.0
72	37	1400.5870786516855	1676.5870786516855	6.0	3.0	1.0	4.0	356.0	33.0	3.0	316.0
72	42	2428.6672629695886	1780.6672629695886	7.0	4.0	5.0	4.0	559.0	84.0	19.0	456.0
72	49	443.5163727959698	1937.5163727959696	4.0	4.0	0.0	1.0	397.0	384.0	0.0	13.0
73	18	1124.7092264678472	884.7092264678472	9.0	4.0	7.0	4.0	1073.0	180.0	89.0	804.0
73	22	254.6738768718802	1104.67387687188	7.0	4.0	5.0	4.0	601.0	92.0	25.0	484.0
73	29	1984.5851648351647	1306.5851648351647	6.0	3.0	1.0	4.0	364.0	33.0	3.0	324.0
73	34	1730.7009345794393	1584.7079439252336	9.0	4.0	7.0	6.0	856.0	140.0	64.0	652.0
73	37	2330.671232876712	1614.6712328767123	7.0	4.0	5.0	4.0	584.0	88.0	24.0	472.0
74	18	1124.7092264678472	884.7092264678472	9.0	4.0	7.0	4.0	1073.0	180.0	89.0	804.0
74	22	254.6738768718802	1104.67387687188	7.0	4.0	5.0	4.0	601.0	92.0	25.0	484.0
74	29	1984.5851648351647	1306.5851648351647	6.0	3.0	1.0	4.0	364.0	33.0	3.0	324.0
74	34	1730.7009345794393	1584.7079439252336	9.0	4.0	7.0	6.0	856.0	140.0	64.0	652.0
74	37	2330.671232876712	1614.6712328767123	7.0	4.0	5.0	4.0	584.0	88.0	24.0	472.0
75	11	1094.5148936170212	394.5148936170213	4.0	1.0	0.0	4.0	235.0	6.0	0.0	228.0
75	30	1730.7107981220656	1162.7107981220656	9.0	4.0	7.0	4.0	1065.0	180.0	89.0	796.0
75	31	484.6773162939297	1222.6773162939296	7.0	4.0	5.0	4.0	626.0	96.0	30.0	500.0
75	43	1234.7	1530.7	9.0	4.0	7.0	4.0	860.0	140.0	64.0	656.0
75	46	1424.651376146789	1544.651376146789	7.0	4.0	5.0	4.0	436.0	60.0	12.0	364.0
76	5	1248.516129032258	234.51612903225808	4.0	1.0	1.0	4.0	279.0	7.0	2.0	268.0
76	9	1511.5198329853863	407.51983298538624	4.0	4.0	0.0	1.0	479.0	460.0	0.0	19.0
76	13	2147.520309477756	633.5203094777563	4.0	4.0	0.0	1.0	517.0	496.0	0.0	21.0
76	14	1689.6634615384614	637.6634615384615	7.0	4.0	0.0	4.0	832.0	696.0	0.0	136.0
76	22	1894.7052401746728	1054.7052401746726	9.0	4.0	7.0	4.0	916.0	152.0	72.0	692.0
76	25	2190.5098039215686	1278.1928104575163	6.0	1.0	4.0	4.0	306.0	4.0	97.0	204.0
76	27	1954.7156862745096	1314.7156862745098	9.0	4.0	7.0	4.0	1224.0	208.0	112.0	904.0
76	37	1479.6651428571429	1587.662857142857	7.0	4.0	0.0	5.0	875.0	728.0	0.0	146.0
76	43	556.6724738675958	1762.6689895470383	7.0	4.0	5.0	5.0	574.0	84.0	24.0	466.0
77	3	2358.5176056338028	318.5176056338028	4.0	1.0	1.0	4.0	284.0	8.0	2.0	272.0
77	19	1098.5	845.8125	4.0	0.0	4.0	2.0	64.0	0.0	24.0	40.0
77	22	2252.5132743362838	946.5044247787612	4.0	1.0	2.0	4.0	226.0	5.0	4.0	216.0
77	29	1258.5855855855857	1126.5855855855857	6.0	3.0	1.0	4.0	333.0	30.0	3.0	296.0
77	32	1836.5689655172412	1180.5344827586207	5.0	2.0	2.0	4.0	290.0	16.0	4.0	268.0
77	49	2434.666048237477	1582.6660482374768	7.0	4.0	5.0	4.0	539.0	80.0	19.0	440.0
77	52	1548.508771929825	1670.508771929825	4.0	1.0	0.0	4.0	171.0	3.0	0.0	168.0
77	55	1234.703539823009	1760.703539823009	9.0	4.0	7.0	4.0	904.0	148.0	72.0	684.0
77	59	1952.5	1827.0	8.0	0.0	8.0	4.0	288.0	0.0	248.0	40.0
77	68	1910.7174780526736	2034.7174780526736	9.0	4.0	7.0	4.0	1253.0	216.0	113.0	924.0
78	3	2358.5176056338028	318.5176056338028	4.0	1.0	1.0	4.0	284.0	8.0	2.0	272.0
78	19	1098.5	845.8125	4.0	0.0	4.0	2.0	64.0	0.0	24.0	40.0
78	22	2252.5132743362838	946.5044247787612	4.0	1.0	2.0	4.0	226.0	5.0	4.0	216.0
78	29	1258.5855855855857	1126.5855855855857	6.0	3.0	1.0	4.0	333.0	30.0	3.0	296.0
78	32	1836.5689655172412	1180.5344827586207	5.0	2.0	2.0	4.0	290.0	16.0	4.0	268.0
78	49	2434.666048237477	1582.6660482374768	7.0	4.0	5.0	4.0	539.0	80.0	19.0	440.0
78	52	1548.508771929825	1670.508771929825	4.0	1.0	0.0	4.0	171.0	3.0	0.0	168.0
78	55	1234.703539823009	1760.703539823009	9.0	4.0	7.0	4.0	904.0	148.0	72.0	684.0
78	59	1952.5	1827.0	8.0	0.0	8.0	4.0	288.0	0.0	248.0	40.0
78	68	1910.7174780526736	2034.7174780526736	9.0	4.0	7.0	4.0	1253.0	216.0	113.0	924.0
79	11	163.52	477.52	4.0	4.0	0.0	1.0	525.0	504.0	0.0	21.0
79	20	825.52	839.52	4.0	4.0	0.0	1.0	500.0	480.0	0.0	20.0
79	21	2106.513043478261	856.5130434782609	4.0	1.0	0.0	4.0	230.0	5.0	0.0	224.0
79	27	312.5115207373272	1052.5115207373271	4.0	1.0	0.0	4.0	217.0	4.0	0.0	212.0
79	31	74.69832402234637	1106.689944134078	9.0	4.0	7.0	6.0	716.0	112.0	48.0	556.0
79	33	432.6769230769231	1160.676923076923	7.0	4.0	5.0	4.0	650.0	100.0	30.0	520.0
79	46	2296.6899441340784	1436.689944134078	9.0	4.0	7.0	4.0	716.0	112.0	48.0	556.0
79	47	1871.520153550864	1449.5201535508638	4.0	4.0	0.0	1.0	521.0	500.0	0.0	21.0
79	55	1753.517094017094	1641.517094017094	4.0	4.0	0.0	2.0	468.0	448.0	0.0	20.0
79	60	154.7037837837838	1710.7037837837838	9.0	4.0	7.0	4.0	925.0	152.0	73.0	700.0
79	61	1723.52	1719.52	4.0	4.0	0.0	1.0	525.0	504.0	0.0	21.0
79	70	2150.7113783533764	1958.7113783533764	9.0	4.0	7.0	4.0	1081.0	184.0	89.0	808.0
80	12	1552.5047021943574	502.0407523510972	6.0	1.0	4.0	4.0	319.0	3.0	148.0	168.0
80	22	2384.6724137931037	968.6724137931036	7.0	4.0	5.0	4.0	580.0	88.0	24.0	468.0
80	30	1394.634464751958	1162.634464751958	7.0	4.0	1.0	4.0	383.0	48.0	3.0	328.0
80	34	1302.6117647058825	1228.394117647059	9.0	4.0	5.0	5.0	510.0	52.0	117.0	338.0
80	38	2160.663967611336	1350.663967611336	7.0	4.0	5.0	4.0	494.0	72.0	18.0	404.0
80	51	522.6685288640596	1704.672253258845	7.0	4.0	5.0	5.0	537.0	80.0	19.0	438.0
80	63	2420.7634408602157	1988.247311827957	7.0	5.0	0.0	4.0	186.0	50.0	0.0	136.0
81	12	1552.5047021943574	502.0407523510972	6.0	1.0	4.0	4.0	319.0	3.0	148.0	168.0
81	22	2384.6724137931037	968.6724137931036	7.0	4.0	5.0	4.0	580.0	88.0	24.0	468.0
81	30	1394.634464751958	1162.634464751958	7.0	4.0	1.0	4.0	383.0	48.0	3.0	328.0
81	34	1302.6117647058825	1228.394117647059	9.0	4.0	5.0	5.0	510.0	52.0	117.0	338.0
81	38	2160.663967611336	1350.663967611336	7.0	4.0	5.0	4.0	494.0	72.0	18.0	404.0
81	51	522.6685288640596	1704.672253258845	7.0	4.0	5.0	5.0	537.0	80.0	19.0	438.0
81	63	2420.7634408602157	1988.247311827957	7.0	5.0	0.0	4.0	186.0	50.0	0.0	136.0
82	17	816.6931359353971	1008.7012113055182	9.0	4.0	7.0	7.0	743.0	116.0	49.0	578.0
82	26	163.51739130434785	1183.5217391304348	4.0	4.0	0.0	2.0	460.0	440.0	0.0	20.0
82	35	1968.5855855855852	1480.5855855855857	6.0	3.0	1.0	4.0	333.0	30.0	3.0	296.0
82	36	128.69986357435198	1512.6916780354709	9.0	4.0	7.0	6.0	733.0	116.0	49.0	568.0
82	57	1656.6700680272108	1944.6700680272108	7.0	4.0	5.0	4.0	588.0	88.0	24.0	476.0
82	60	500.6700680272109	2010.6700680272108	7.0	4.0	5.0	4.0	588.0	88.0	24.0	476.0
83	22	1916.6542669584248	1048.6542669584246	7.0	4.0	5.0	4.0	457.0	64.0	13.0	380.0
83	29	1344.7067745197169	1200.7067745197169	9.0	4.0	7.0	4.0	989.0	164.0	81.0	744.0
83	35	2125.6625615763546	1385.6625615763546	7.0	4.0	0.0	4.0	812.0	680.0	0.0	132.0
83	36	738.5121293800539	1408.2318059299191	6.0	1.0	5.0	4.0	371.0	7.0	107.0	256.0
83	37	184.6639344262295	1416.6639344262296	7.0	4.0	5.0	5.0	488.0	68.0	18.0	402.0
83	51	2156.700340522134	1722.700340522134	9.0	4.0	7.0	4.0	881.0	144.0	65.0	672.0
83	52	414.6570247933884	1726.6570247933885	7.0	5.0	5.0	4.0	484.0	70.0	18.0	396.0
83	62	2228.507462686567	1902.5074626865671	4.0	1.0	0.0	4.0	134.0	2.0	0.0	132.0
84	15	106.5855855855856	714.5855855855856	6.0	3.0	1.0	4.0	333.0	30.0	3.0	296.0
84	19	867.5243445692884	819.5168539325842	4.0	4.0	0.0	2.0	534.0	508.0	0.0	26.0
84	22	2320.694871794872	976.6948717948718	9.0	4.0	7.0	4.0	780.0	124.0	56.0	600.0
84	24	2275.521885521885	979.5218855218856	4.0	4.0	0.0	1.0	594.0	568.0	0.0	26.0
84	36	1222.651376146789	1242.651376146789	7.0	4.0	5.0	4.0	436.0	60.0	12.0	364.0
84	37	1615.516339869281	1259.516339869281	4.0	4.0	0.0	2.0	459.0	440.0	0.0	19.0
84	38	1552.5801104972377	1276.5	8.0	3.0	5.0	4.0	362.0	30.0	33.0	296.0
84	43	1109.52	1341.52	4.0	4.0	0.0	1.0	500.0	480.0	0.0	20.0
84	47	2231.521367521368	1451.5213675213674	4.0	4.0	0.0	1.0	585.0	560.0	0.0	25.0
84	54	1246.648780487805	1736.458536585366	9.0	4.0	8.0	5.0	820.0	104.0	186.0	530.0
84	57	2320.693135935397	1820.693135935397	9.0	4.0	7.0	5.0	743.0	116.0	49.0	578.0
85	5	1324.7142857142858	208.7142857142857	9.0	4.0	7.0	4.0	1141.0	196.0	97.0	848.0
85	11	1579.522281639929	355.5187165775401	4.0	4.0	0.0	2.0	561.0	536.0	0.0	25.0
85	19	958.6542669584244	710.6542669584245	7.0	4.0	5.0	4.0	457.0	64.0	13.0	380.0
85	29	1396.6647398843932	874.664739884393	7.0	4.0	5.0	4.0	519.0	76.0	19.0	424.0
85	40	1488.5135699373695	1160.1440501043842	6.0	1.0	5.0	4.0	479.0	9.0	181.0	288.0
85	47	363.6617647058824	1365.6617647058824	7.0	4.0	0.0	4.0	816.0	684.0	0.0	132.0
85	49	159.51653944020356	1395.5165394402036	4.0	4.0	0.0	1.0	393.0	380.0	0.0	13.0
85	59	544.6968503937007	1610.6417322834643	11.0	4.0	10.0	4.0	1016.0	160.0	136.0	720.0
85	62	326.6588235294118	1722.6588235294118	7.0	4.0	5.0	4.0	510.0	72.0	18.0	420.0
85	65	893.5234657039712	1747.4981949458484	4.0	4.0	0.0	2.0	277.0	264.0	0.0	13.0
85	69	2250.516853932584	1798.50936329588	4.0	1.0	3.0	4.0	267.0	7.0	7.0	252.0
85	71	3.510887772194305	1833.1691792294807	6.0	4.0	4.0	1.0	597.0	380.0	204.0	13.0
85	72	1599.516709511568	1867.516709511568	4.0	4.0	0.0	1.0	389.0	376.0	0.0	13.0
85	77	2090.0	2004.0	1.0	1.0	0.0	1.0	20.0	7.0	0.0	13.0
86	5	1324.7142857142858	208.7142857142857	9.0	4.0	7.0	4.0	1141.0	196.0	97.0	848.0
86	11	1579.522281639929	355.5187165775401	4.0	4.0	0.0	2.0	561.0	536.0	0.0	25.0
86	19	958.6542669584244	710.6542669584245	7.0	4.0	5.0	4.0	457.0	64.0	13.0	380.0
86	29	1396.6647398843932	874.664739884393	7.0	4.0	5.0	4.0	519.0	76.0	19.0	424.0
86	40	1488.5135699373695	1160.1440501043842	6.0	1.0	5.0	4.0	479.0	9.0	181.0	288.0
86	47	363.6617647058824	1365.6617647058824	7.0	4.0	0.0	4.0	816.0	684.0	0.0	132.0
86	49	159.51653944020356	1395.5165394402036	4.0	4.0	0.0	1.0	393.0	380.0	0.0	13.0
86	59	544.6968503937007	1610.6417322834643	11.0	4.0	10.0	4.0	1016.0	160.0	136.0	720.0
86	62	326.6588235294118	1722.6588235294118	7.0	4.0	5.0	4.0	510.0	72.0	18.0	420.0
86	65	893.5234657039712	1747.4981949458484	4.0	4.0	0.0	2.0	277.0	264.0	0.0	13.0
86	69	2250.516853932584	1798.50936329588	4.0	1.0	3.0	4.0	267.0	7.0	7.0	252.0
86	71	3.510887772194305	1833.1691792294807	6.0	4.0	4.0	1.0	597.0	380.0	204.0	13.0
86	72	1599.516709511568	1867.516709511568	4.0	4.0	0.0	1.0	389.0	376.0	0.0	13.0
86	77	2090.0	2004.0	1.0	1.0	0.0	1.0	20.0	7.0	0.0	13.0
87	23	2366.5	935.5581395348836	4.0	0.0	4.0	2.0	172.0	0.0	152.0	20.0
87	29	462.50931677018633	1146.0786749482402	6.0	1.0	5.0	4.0	483.0	7.0	211.0	264.0
87	38	2268.4804469273745	1406.2513966480446	6.0	3.0	4.0	4.0	179.0	10.0	37.0	132.0
87	45	2282.6617210682493	1658.5771513353116	9.0	4.0	8.0	4.0	674.0	96.0	82.0	496.0
87	55	62.63025210084034	1932.126050420168	5.0	0.0	4.0	5.0	119.0	0.0	24.0	94.0
87	60	1806.710144927536	2026.715579710145	9.0	4.0	7.0	6.0	1104.0	184.0	96.0	824.0
88	8	1870.7012542759408	276.7012542759407	9.0	4.0	7.0	4.0	877.0	144.0	65.0	668.0
88	15	1798.5128205128206	658.5128205128206	4.0	1.0	0.0	4.0	234.0	5.0	0.0	228.0
88	37	1244.670303030303	1312.5684848484848	11.0	4.0	10.0	4.0	825.0	116.0	133.0	576.0
88	38	991.5206286836936	1355.5206286836935	4.0	4.0	0.0	1.0	509.0	488.0	0.0	21.0
88	47	1302.699074074074	1684.699074074074	9.0	4.0	7.0	4.0	864.0	140.0	64.0	660.0
88	49	2252.5081433224755	1886.78664495114	6.0	2.0	5.0	6.0	614.0	4.0	154.0	456.0
88	54	54.51736111111112	2042.517361111111	4.0	1.0	1.0	4.0	288.0	8.0	2.0	276.0
89	1	746.5018315018315	174.1135531135531	6.0	1.0	4.0	4.0	273.0	3.0	106.0	164.0
89	6	1194.7082917082917	430.7082917082917	9.0	4.0	7.0	4.0	1001.0	168.0	81.0	752.0
89	17	2012.679758308157	848.6797583081571	7.0	4.0	5.0	4.0	662.0	104.0	30.0	528.0
89	27	1220.667289719626	1090.667289719626	7.0	4.0	5.0	4.0	535.0	80.0	19.0	436.0
89	32	364.0	1184.0	1.0	1.0	0.0	1.0	28.0	3.0	0.0	25.0
89	33	2060.7054429028817	1212.7054429028815	9.0	4.0	7.0	4.0	937.0	156.0	73.0	708.0
89	42	388.6575342465753	1534.6529680365295	7.0	4.0	5.0	5.0	438.0	60.0	12.0	366.0
89	47	1616.5	1659.5396825396826	4.0	0.0	4.0	2.0	252.0	0.0	232.0	20.0
89	51	2382.684053651267	1786.6840536512668	7.0	4.0	5.0	4.0	671.0	108.0	31.0	532.0
89	56	1750.6709796672828	1854.667282809612	7.0	4.0	5.0	5.0	541.0	80.0	19.0	442.0
89	62	862.6613545816733	1970.661354581673	7.0	4.0	5.0	4.0	502.0	72.0	18.0	412.0
89	63	1690.6647398843932	1970.6647398843927	7.0	4.0	5.0	4.0	519.0	76.0	19.0	424.0
89	65	466.5811965811966	1982.5669515669515	6.0	3.0	3.0	4.0	351.0	30.0	14.0	304.0
89	70	1940.7112733171127	2024.691808596918	11.0	4.0	10.0	4.0	1233.0	208.0	129.0	896.0
90	1	746.5018315018315	174.1135531135531	6.0	1.0	4.0	4.0	273.0	3.0	106.0	164.0
90	6	1194.7082917082917	430.7082917082917	9.0	4.0	7.0	4.0	1001.0	168.0	81.0	752.0
90	17	2012.679758308157	848.6797583081571	7.0	4.0	5.0	4.0	662.0	104.0	30.0	528.0
90	27	1220.667289719626	1090.667289719626	7.0	4.0	5.0	4.0	535.0	80.0	19.0	436.0
90	32	364.0	1184.0	1.0	1.0	0.0	1.0	28.0	3.0	0.0	25.0
90	33	2060.7054429028817	1212.7054429028815	9.0	4.0	7.0	4.0	937.0	156.0	73.0	708.0
90	42	388.6575342465753	1534.6529680365295	7.0	4.0	5.0	5.0	438.0	60.0	12.0	366.0
90	47	1616.5	1659.5396825396826	4.0	0.0	4.0	2.0	252.0	0.0	232.0	20.0
90	51	2382.684053651267	1786.6840536512668	7.0	4.0	5.0	4.0	671.0	108.0	31.0	532.0
90	56	1750.6709796672828	1854.667282809612	7.0	4.0	5.0	5.0	541.0	80.0	19.0	442.0
90	62	862.6613545816733	1970.661354581673	7.0	4.0	5.0	4.0	502.0	72.0	18.0	412.0
90	63	1690.6647398843932	1970.6647398843927	7.0	4.0	5.0	4.0	519.0	76.0	19.0	424.0
90	65	466.5811965811966	1982.5669515669515	6.0	3.0	3.0	4.0	351.0	30.0	14.0	304.0
90	70	1940.7112733171127	2024.691808596918	11.0	4.0	10.0	4.0	1233.0	208.0	129.0	896.0
91	23	2164.688888888889	664.6888888888889	9.0	4.0	7.0	4.0	720.0	112.0	48.0	560.0
91	25	1066.634464751958	714.6344647519583	7.0	4.0	1.0	4.0	383.0	48.0	3.0	328.0
91	34	1324.7091273821463	1204.7091273821463	9.0	4.0	7.0	4.0	997.0	168.0	81.0	748.0
91	40	2207.5213815789475	1439.516447368421	4.0	4.0	2.0	1.0	608.0	576.0	6.0	26.0
91	55	1185.6118143459917	1884.253164556962	12.0	5.0	8.0	4.0	474.0	125.0	144.0	204.0
92	9	982.6478873239436	252.6525821596244	7.0	4.0	5.0	5.0	426.0	56.0	12.0	358.0
92	23	740.5907780979827	896.5850144092219	6.0	3.0	1.0	5.0	347.0	30.0	3.0	310.0
92	32	1900.6601307189544	1100.6557734204794	7.0	4.0	5.0	5.0	459.0	64.0	13.0	382.0
92	35	2070.5171232876714	1230.5171232876712	4.0	1.0	1.0	4.0	292.0	8.0	2.0	280.0
92	51	1533.521815008726	1903.521815008726	4.0	4.0	0.0	1.0	573.0	548.0	0.0	25.0
93	11	1646.6837837837838	840.6405405405405	11.0	4.0	10.0	4.0	740.0	112.0	80.0	548.0
93	21	2378.719814241486	1124.719814241486	9.0	4.0	7.0	4.0	1292.0	224.0	120.0	948.0
93	23	98.51685393258428	1204.5168539325844	4.0	1.0	1.0	4.0	267.0	7.0	2.0	256.0
93	24	2430.695493300853	1208.6954933008526	9.0	4.0	7.0	4.0	821.0	132.0	57.0	632.0
93	25	1292.6712802768166	1248.6678200692045	7.0	4.0	5.0	5.0	578.0	84.0	24.0	470.0
93	30	1658.679758308157	1390.679758308157	7.0	4.0	5.0	4.0	662.0	104.0	30.0	528.0
93	31	744.6808510638298	1450.6808510638298	7.0	4.0	5.0	4.0	658.0	104.0	30.0	524.0
93	37	2228.5	1521.576923076923	4.0	0.0	4.0	2.0	260.0	0.0	220.0	40.0
93	40	1353.519011406844	1639.519011406844	4.0	4.0	0.0	1.0	526.0	504.0	0.0	21.0
93	44	1754.6544715447155	1794.658536585366	7.0	4.0	6.0	5.0	492.0	68.0	26.0	398.0
94	11	1646.6837837837838	840.6405405405405	11.0	4.0	10.0	4.0	740.0	112.0	80.0	548.0
94	21	2378.719814241486	1124.719814241486	9.0	4.0	7.0	4.0	1292.0	224.0	120.0	948.0
94	23	98.51685393258428	1204.5168539325844	4.0	1.0	1.0	4.0	267.0	7.0	2.0	256.0
94	24	2430.695493300853	1208.6954933008526	9.0	4.0	7.0	4.0	821.0	132.0	57.0	632.0
94	25	1292.6712802768166	1248.6678200692045	7.0	4.0	5.0	5.0	578.0	84.0	24.0	470.0
94	30	1658.679758308157	1390.679758308157	7.0	4.0	5.0	4.0	662.0	104.0	30.0	528.0
94	31	744.6808510638298	1450.6808510638298	7.0	4.0	5.0	4.0	658.0	104.0	30.0	524.0
94	37	2228.5	1521.576923076923	4.0	0.0	4.0	2.0	260.0	0.0	220.0	40.0
94	40	1353.519011406844	1639.519011406844	4.0	4.0	0.0	1.0	526.0	504.0	0.0	21.0
94	44	1754.6544715447155	1794.658536585366	7.0	4.0	6.0	5.0	492.0	68.0	26.0	398.0
95	19	18.517123287671232	886.5171232876712	4.0	1.0	1.0	4.0	292.0	8.0	2.0	280.0
95	46	1579.6449704142012	1457.4704142011835	9.0	4.0	4.0	4.0	1352.0	920.0	236.0	196.0
95	55	1882.5074626865671	1634.5074626865671	4.0	1.0	0.0	4.0	134.0	2.0	0.0	132.0
95	56	1670.6448598130842	1650.6448598130842	7.0	4.0	5.0	4.0	428.0	56.0	12.0	360.0
95	59	2252.5870786516853	1704.5870786516855	6.0	3.0	1.0	4.0	356.0	33.0	3.0	316.0
95	65	1626.5205047318611	1900.6466876971608	9.0	4.0	8.0	4.0	634.0	84.0	102.0	448.0
95	66	2370.5939226519336	1912.5883977900555	6.0	3.0	1.0	5.0	362.0	33.0	3.0	322.0
95	69	70.6965601965602	1960.699017199017	9.0	4.0	7.0	4.0	814.0	132.0	58.0	624.0
