#	frame	event	cm_x	cm_y	size	size_r	size_g	size_b	sum	sum_r	sum_g	sum_b
0	4	315.5173913043478	109.51739130434784	4.0	4.0	0.0	2.0	460.0	440.0	0.0	20.0	
0	46	1685.5191489361705	1655.5191489361705	4.0	4.0	0.0	1.0	470.0	452.0	0.0	18.0	
0	50	412.6832298136646	1732.6832298136646	7.0	4.0	5.0	5.0	644.0	100.0	30.0	514.0	
0	57	1103.509881422925	1885.509881422925	4.0	4.0	0.0	1.0	253.0	248.0	0.0	5.0	
1	4	315.5173913043478	109.51739130434784	4.0	4.0	0.0	2.0	460.0	440.0	0.0	20.0	
1	46	1685.5191489361705	1655.5191489361705	4.0	4.0	0.0	1.0	470.0	452.0	0.0	18.0	
1	50	412.6832298136646	1732.6832298136646	7.0	4.0	5.0	5.0	644.0	100.0	30.0	514.0	
1	57	1103.509881422925	1885.509881422925	4.0	4.0	0.0	1.0	253.0	248.0	0.0	5.0	
2	11	81.51984126984127	759.5198412698413	4.0	4.0	0.0	1.0	504.0	484.0	0.0	20.0	
2	13	1940.689608636977	840.689608636977	9.0	4.0	7.0	4.0	741.0	116.0	49.0	576.0	
2	18	901.522033898305	897.5203389830508	4.0	4.0	0.0	1.0	590.0	564.0	0.0	25.0	
2	32	1129.6614583333333	1373.6614583333333	7.0	4.0	0.0	4.0	768.0	644.0	0.0	124.0	
2	41	577.6636155606408	1585.663615560641	7.0	4.0	0.0	5.0	874.0	728.0	0.0	146.0	
2	43	1579.673431734317	1665.673431734317	7.0	4.0	0.0	4.0	1084.0	896.0	0.0	188.0	
2	53	2293.5127272727277	1985.5127272727275	4.0	4.0	0.0	1.0	275.0	268.0	0.0	7.0	
3	21	1379.495283018868	855.8962264150944	6.0	4.0	4.0	2.0	424.0	256.0	164.0	4.0	
3	31	1851.5127272727275	1151.5127272727273	4.0	4.0	0.0	1.0	275.0	268.0	0.0	7.0	
3	32	1259.5072463768115	1193.5072463768115	4.0	4.0	0.0	1.0	207.0	204.0	0.0	3.0	
3	39	1521.5198412698412	1561.5198412698412	4.0	4.0	0.0	1.0	504.0	484.0	0.0	20.0	
3	47	2056.1768115942027	1805.9333333333332	8.0	4.0	4.0	4.0	345.0	112.0	84.0	148.0	
3	52	165.5142118863049	1933.514211886305	4.0	4.0	0.0	2.0	387.0	372.0	0.0	15.0	
3	53	1987.51497005988	2007.51497005988	4.0	4.0	0.0	1.0	334.0	324.0	0.0	10.0	
3	54	1940.665154264973	2030.4718693284933	11.0	4.0	10.0	6.0	1102.0	144.0	281.0	676.0	
4	32	931.5176470588236	1165.4235294117648	6.0	4.0	4.0	1.0	510.0	444.0	48.0	18.0	
4	46	2069.6624365482235	1629.6624365482232	7.0	4.0	0.0	4.0	788.0	660.0	0.0	128.0	
4	52	1836.6622807017543	1752.5701754385964	9.0	4.0	8.0	4.0	684.0	96.0	90.0	496.0	
4	56	661.6658767772511	1851.6658767772512	7.0	4.0	0.0	4.0	844.0	704.0	0.0	140.0	
4	59	2039.5116279069769	1949.5174418604647	4.0	4.0	0.0	2.0	344.0	332.0	0.0	12.0	
4	63	1657.5128205128206	1991.5128205128208	4.0	4.0	0.0	1.0	312.0	304.0	0.0	8.0	
4	64	2045.5198329853863	1993.5198329853863	4.0	4.0	0.0	1.0	479.0	460.0	0.0	19.0	
5	32	931.5176470588236	1165.4235294117648	6.0	4.0	4.0	1.0	510.0	444.0	48.0	18.0	
5	46	2069.6624365482235	1629.6624365482232	7.0	4.0	0.0	4.0	788.0	660.0	0.0	128.0	
5	52	1836.6622807017543	1752.5701754385964	9.0	4.0	8.0	4.0	684.0	96.0	90.0	496.0	
5	56	661.6658767772511	1851.6658767772512	7.0	4.0	0.0	4.0	844.0	704.0	0.0	140.0	
5	59	2039.5116279069769	1949.5174418604647	4.0	4.0	0.0	2.0	344.0	332.0	0.0	12.0	
5	63	1657.5128205128206	1991.5128205128208	4.0	4.0	0.0	1.0	312.0	304.0	0.0	8.0	
5	64	2045.5198329853863	1993.5198329853863	4.0	4.0	0.0	1.0	479.0	460.0	0.0	19.0	
6	7	1405.5061728395062	573.7716049382716	6.0	4.0	4.0	2.0	324.0	236.0	84.0	4.0	
6	8	2248.67585089141	574.67585089141	7.0	4.0	5.0	4.0	617.0	96.0	25.0	496.0	
6	9	1195.5201535508638	599.5201535508637	4.0	4.0	0.0	1.0	521.0	500.0	0.0	21.0	
6	20	345.51950718685833	857.5195071868583	4.0	4.0	0.0	1.0	487.0	468.0	0.0	19.0	
6	26	1325.5163727959698	1009.5163727959698	4.0	4.0	0.0	1.0	397.0	384.0	0.0	13.0	
6	31	559.5116279069767	1115.5116279069769	4.0	4.0	0.0	1.0	258.0	252.0	0.0	6.0	
6	37	1225.6680672268908	1269.6680672268908	7.0	4.0	0.0	4.0	952.0	792.0	0.0	160.0	
6	41	1877.5140186915887	1491.5140186915887	4.0	4.0	0.0	1.0	321.0	312.0	0.0	9.0	
7	16	445.5217391304348	789.5217391304348	4.0	4.0	0.0	1.0	598.0	572.0	0.0	26.0	
7	23	1971.516883116883	975.5168831168832	4.0	4.0	0.0	1.0	385.0	372.0	0.0	13.0	
7	32	1160.7074626865672	1174.7074626865672	9.0	4.0	7.0	4.0	1005.0	168.0	81.0	756.0	
7	41	1445.520979020979	1341.520979020979	4.0	4.0	0.0	1.0	572.0	548.0	0.0	24.0	
7	44	576.6769230769231	1432.676923076923	7.0	4.0	5.0	4.0	650.0	100.0	30.0	520.0	
7	51	183.6674008810573	1641.6674008810571	7.0	4.0	0.0	4.0	908.0	756.0	0.0	152.0	
8	7	306.7398568019093	248.92840095465397	9.0	4.0	7.0	5.0	1676.0	304.0	428.0	944.0	
8	26	2437.6609336609336	1089.6609336609336	7.0	4.0	0.0	5.0	814.0	680.0	0.0	134.0	
8	35	1549.5	1299.8513513513512	6.0	4.0	4.0	0.0	148.0	96.0	52.0	0.0	
8	47	1647.6589147286822	1545.6614987080104	7.0	4.0	0.0	5.0	774.0	648.0	0.0	126.0	
8	48	487.51145038167937	1563.5114503816794	4.0	4.0	0.0	1.0	262.0	256.0	0.0	6.0	
8	53	1511.6617647058824	1695.6617647058824	7.0	4.0	0.0	4.0	816.0	684.0	0.0	132.0	
8	58	1507.521663778163	1823.521663778163	4.0	4.0	0.0	1.0	577.0	552.0	0.0	25.0	
8	59	1847.6659192825111	1897.6659192825111	7.0	4.0	0.0	4.0	892.0	744.0	0.0	148.0	
8	67	1767.5080213903743	1973.5080213903743	4.0	4.0	0.0	1.0	187.0	184.0	0.0	3.0	
8	68	2265.514066496164	1973.514066496164	4.0	4.0	0.0	2.0	391.0	376.0	0.0	15.0	
9	7	306.7398568019093	248.92840095465397	9.0	4.0	7.0	5.0	1676.0	304.0	428.0	944.0	
9	26	2437.6609336609336	1089.6609336609336	7.0	4.0	0.0	5.0	814.0	680.0	0.0	134.0	
9	35	1549.5	1299.8513513513512	6.0	4.0	4.0	0.0	148.0	96.0	52.0	0.0	
9	47	1647.6589147286822	1545.6614987080104	7.0	4.0	0.0	5.0	774.0	648.0	0.0	126.0	
9	48	487.51145038167937	1563.5114503816794	4.0	4.0	0.0	1.0	262.0	256.0	0.0	6.0	
9	53	1511.6617647058824	1695.6617647058824	7.0	4.0	0.0	4.0	816.0	684.0	0.0	132.0	
9	58	1507.521663778163	1823.521663778163	4.0	4.0	0.0	1.0	577.0	552.0	0.0	25.0	
9	59	1847.6659192825111	1897.6659192825111	7.0	4.0	0.0	4.0	892.0	744.0	0.0	148.0	
9	67	1767.5080213903743	1973.5080213903743	4.0	4.0	0.0	1.0	187.0	184.0	0.0	3.0	
9	68	2265.514066496164	1973.514066496164	4.0	4.0	0.0	2.0	391.0	376.0	0.0	15.0	
10	19	253.66267942583733	939.6626794258372	7.0	4.0	0.0	4.0	836.0	700.0	0.0	136.0	
10	25	1751.5084745762713	1125.5084745762713	4.0	4.0	0.0	1.0	236.0	232.0	0.0	4.0	
10	28	331.52252252252254	1155.5225225225224	4.0	4.0	0.0	1.0	666.0	636.0	0.0	30.0	
10	41	1165.504132231405	1379.504132231405	4.0	4.0	0.0	0.0	121.0	120.0	0.0	0.0	
10	56	1961.5187637969093	1663.5187637969095	4.0	4.0	0.0	1.0	453.0	436.0	0.0	17.0	
10	59	941.5128205128206	1743.5128205128206	4.0	4.0	0.0	1.0	312.0	304.0	0.0	8.0	
11	6	385.5084745762712	273.5084745762712	4.0	4.0	0.0	1.0	236.0	232.0	0.0	4.0	
11	19	2356.680250783699	610.6802507836991	7.0	4.0	5.0	4.0	638.0	100.0	30.0	508.0	
11	20	1858.65548098434	766.6398210290828	7.0	5.0	5.0	4.0	447.0	67.0	12.0	368.0	
11	22	880.6813008130081	840.6813008130081	7.0	4.0	5.0	5.0	615.0	96.0	25.0	494.0	
11	33	1409.5203094777562	1137.5203094777562	4.0	4.0	0.0	1.0	517.0	496.0	0.0	21.0	
11	52	2277.5131578947367	1773.5131578947369	4.0	4.0	0.0	1.0	304.0	296.0	0.0	8.0	
11	53	303.51633986928107	1805.516339869281	4.0	4.0	0.0	2.0	459.0	440.0	0.0	19.0	
11	54	1823.5198412698408	1805.5198412698408	4.0	4.0	0.0	1.0	504.0	484.0	0.0	20.0	
11	56	2389.5114503816794	1905.5114503816797	4.0	4.0	0.0	1.0	262.0	256.0	0.0	6.0	
11	58	679.5131578947369	1977.5131578947369	4.0	4.0	0.0	1.0	304.0	296.0	0.0	8.0	
12	21	1413.5	1020.5098684210526	8.0	8.0	0.0	3.0	304.0	296.0	0.0	6.0	
12	23	1531.6609756097562	1049.6609756097562	7.0	4.0	0.0	4.0	820.0	688.0	0.0	132.0	
12	26	1367.51966873706	1275.51966873706	4.0	4.0	0.0	1.0	483.0	464.0	0.0	19.0	
12	37	982.6769230769232	1486.676923076923	7.0	4.0	5.0	4.0	650.0	100.0	30.0	520.0	
12	56	1422.644090305445	1966.4581673306773	9.0	4.0	8.0	4.0	753.0	96.0	165.0	492.0	
12	59	1843.5225225225224	1997.5225225225224	4.0	4.0	0.0	1.0	666.0	636.0	0.0	30.0	
12	60	2277.521276595745	2009.521276595745	4.0	4.0	0.0	1.0	564.0	540.0	0.0	24.0	
13	21	1413.5	1020.5098684210526	8.0	8.0	0.0	3.0	304.0	296.0	0.0	6.0	
13	23	1531.6609756097562	1049.6609756097562	7.0	4.0	0.0	4.0	820.0	688.0	0.0	132.0	
13	26	1367.51966873706	1275.51966873706	4.0	4.0	0.0	1.0	483.0	464.0	0.0	19.0	
13	37	982.6769230769232	1486.676923076923	7.0	4.0	5.0	4.0	650.0	100.0	30.0	520.0	
13	56	1422.644090305445	1966.4581673306773	9.0	4.0	8.0	4.0	753.0	96.0	165.0	492.0	
13	59	1843.5225225225224	1997.5225225225224	4.0	4.0	0.0	1.0	666.0	636.0	0.0	30.0	
13	60	2277.521276595745	2009.521276595745	4.0	4.0	0.0	1.0	564.0	540.0	0.0	24.0	
14	27	1719.5080213903743	1127.5080213903743	4.0	4.0	0.0	1.0	187.0	184.0	0.0	3.0	
14	32	833.5	1241.8684210526317	6.0	4.0	4.0	0.0	152.0	96.0	56.0	0.0	
14	48	1281.5204678362572	1653.5204678362572	4.0	4.0	0.0	1.0	513.0	492.0	0.0	21.0	
14	62	1325.5112781954888	1917.5112781954888	4.0	4.0	0.0	1.0	266.0	260.0	0.0	6.0	
15	19	819.5206286836935	973.5206286836936	4.0	4.0	0.0	1.0	509.0	488.0	0.0	21.0	
15	26	357.52097902097904	1199.520979020979	4.0	4.0	0.0	1.0	572.0	548.0	0.0	24.0	
15	27	967.669133192389	1321.6680761099365	7.0	4.0	0.0	4.0	946.0	784.0	0.0	160.0	
15	46	902.6773162939296	1788.6773162939296	7.0	4.0	5.0	4.0	626.0	96.0	30.0	500.0	
15	52	2095.5	2029.8388429752067	6.0	4.0	4.0	0.0	484.0	320.0	164.0	0.0	
16	10	2091.6581986143187	521.6639722863741	7.0	4.0	0.0	5.0	866.0	720.0	0.0	144.0	
16	11	1981.5238095238096	539.520634920635	4.0	4.0	0.0	2.0	630.0	600.0	0.0	30.0	
16	15	1697.508650519031	583.5155709342561	4.0	4.0	0.0	2.0	289.0	280.0	0.0	9.0	
16	23	2335.5180722891564	773.5180722891566	4.0	4.0	0.0	1.0	415.0	400.0	0.0	15.0	
16	29	1029.6572890025575	923.6572890025576	7.0	4.0	0.0	5.0	782.0	656.0	0.0	126.0	
16	40	661.521815008726	1409.521815008726	4.0	4.0	0.0	1.0	573.0	548.0	0.0	25.0	
16	41	2437.5080213903743	1443.5080213903743	4.0	4.0	0.0	1.0	187.0	184.0	0.0	3.0	
16	54	2181.5216741405084	1741.521674140508	4.0	4.0	0.0	1.0	669.0	640.0	0.0	29.0	
16	70	1153.6693548387098	1957.6693548387095	7.0	4.0	0.0	4.0	992.0	824.0	0.0	168.0	
16	71	2383.522480620155	1971.522480620155	4.0	4.0	0.0	1.0	645.0	616.0	0.0	29.0	
17	10	2091.6581986143187	521.6639722863741	7.0	4.0	0.0	5.0	866.0	720.0	0.0	144.0	
17	11	1981.5238095238096	539.520634920635	4.0	4.0	0.0	2.0	630.0	600.0	0.0	30.0	
17	15	1697.508650519031	583.5155709342561	4.0	4.0	0.0	2.0	289.0	280.0	0.0	9.0	
17	23	2335.5180722891564	773.5180722891566	4.0	4.0	0.0	1.0	415.0	400.0	0.0	15.0	
17	29	1029.6572890025575	923.6572890025576	7.0	4.0	0.0	5.0	782.0	656.0	0.0	126.0	
17	40	661.521815008726	1409.521815008726	4.0	4.0	0.0	1.0	573.0	548.0	0.0	25.0	
17	41	2437.5080213903743	1443.5080213903743	4.0	4.0	0.0	1.0	187.0	184.0	0.0	3.0	
17	54	2181.5216741405084	1741.521674140508	4.0	4.0	0.0	1.0	669.0	640.0	0.0	29.0	
17	70	1153.6693548387098	1957.6693548387095	7.0	4.0	0.0	4.0	992.0	824.0	0.0	168.0	
17	71	2383.522480620155	1971.522480620155	4.0	4.0	0.0	1.0	645.0	616.0	0.0	29.0	
18	2	1461.6633663366338	129.66336633663366	7.0	4.0	0.0	4.0	808.0	676.0	0.0	132.0	
18	3	2319.5115511551157	137.5115511551155	4.0	4.0	0.0	1.0	303.0	296.0	0.0	7.0	
18	11	1269.519650655022	249.51965065502185	4.0	4.0	0.0	1.0	458.0	440.0	0.0	18.0	
18	47	1828.676923076923	1194.676923076923	7.0	4.0	5.0	4.0	650.0	100.0	30.0	520.0	
19	18	2393.51186440678	1041.5118644067798	4.0	4.0	0.0	1.0	295.0	288.0	0.0	7.0	
19	22	1187.5073891625616	1189.5073891625616	4.0	4.0	0.0	1.0	203.0	200.0	0.0	3.0	
19	29	1693.5150214592277	1369.75321888412	6.0	4.0	4.0	2.0	466.0	348.0	104.0	14.0	
19	34	727.5100401606426	1449.5100401606426	4.0	4.0	0.0	1.0	249.0	244.0	0.0	5.0	
19	37	615.5142118863049	1587.514211886305	4.0	4.0	0.0	2.0	387.0	372.0	0.0	15.0	
19	43	1353.514450867052	1869.514450867052	4.0	4.0	0.0	1.0	346.0	336.0	0.0	10.0	
20	20	583.5037593984962	817.7481203007519	6.0	4.0	4.0	0.0	266.0	200.0	64.0	0.0	
20	28	1212.55617628802	1024.6908752327747	11.0	4.0	10.0	6.0	1611.0	244.0	343.0	1024.0	
20	48	321.5124378109453	1625.5149253731342	4.0	4.0	2.0	1.0	402.0	384.0	4.0	13.0	
20	58	244.71612903225807	1756.716129032258	9.0	4.0	7.0	4.0	1240.0	212.0	112.0	916.0	
20	62	1323.51966873706	1787.51966873706	4.0	4.0	0.0	1.0	483.0	464.0	0.0	19.0	
20	63	1235.5086206896551	1803.5086206896551	4.0	4.0	0.0	1.0	232.0	228.0	0.0	4.0	
20	69	1457.516883116883	1957.516883116883	4.0	4.0	0.0	1.0	385.0	372.0	0.0	13.0	
20	75	1869.5210526315789	2031.6368421052632	6.0	4.0	4.0	2.0	380.0	328.0	36.0	16.0	
20	76	109.52917505030182	2046.0291750503015	6.0	6.0	0.0	2.0	994.0	936.0	0.0	58.0	
21	20	583.5037593984962	817.7481203007519	6.0	4.0	4.0	0.0	266.0	200.0	64.0	0.0	
21	28	1212.55617628802	1024.6908752327747	11.0	4.0	10.0	6.0	1611.0	244.0	343.0	1024.0	
21	48	321.5124378109453	1625.5149253731342	4.0	4.0	2.0	1.0	402.0	384.0	4.0	13.0	
21	58	244.71612903225807	1756.716129032258	9.0	4.0	7.0	4.0	1240.0	212.0	112.0	916.0	
21	62	1323.51966873706	1787.51966873706	4.0	4.0	0.0	1.0	483.0	464.0	0.0	19.0	
21	63	1235.5086206896551	1803.5086206896551	4.0	4.0	0.0	1.0	232.0	228.0	0.0	4.0	
21	69	1457.516883116883	1957.516883116883	4.0	4.0	0.0	1.0	385.0	372.0	0.0	13.0	
21	75	1869.5210526315789	2031.6368421052632	6.0	4.0	4.0	2.0	380.0	328.0	36.0	16.0	
21	76	109.52917505030182	2046.0291750503015	6.0	6.0	0.0	2.0	994.0	936.0	0.0	58.0	
22	6	1173.5149700598802	455.5149700598802	4.0	4.0	0.0	1.0	334.0	324.0	0.0	10.0	
22	9	1993.5080213903743	555.5080213903743	4.0	4.0	0.0	1.0	187.0	184.0	0.0	3.0	
22	14	2401.5183486238534	709.5183486238532	4.0	4.0	0.0	1.0	436.0	420.0	0.0	16.0	
22	60	2151.5030303030303	1999.760606060606	6.0	4.0	4.0	4.0	330.0	244.0	76.0	10.0	
23	13	985.5160599571734	817.4218415417558	6.0	4.0	4.0	1.0	467.0	408.0	44.0	15.0	
23	22	1818.7091273821463	1032.7091273821463	9.0	4.0	7.0	4.0	997.0	168.0	81.0	748.0	
23	25	627.5181818181818	1101.5181818181818	4.0	4.0	0.0	1.0	440.0	424.0	0.0	16.0	
23	32	2243.5024390243902	1255.5024390243902	4.0	4.0	0.0	2.0	205.0	200.0	0.0	5.0	
23	34	585.5	1265.5	4.0	4.0	0.0	0.0	112.0	112.0	0.0	0.0	
23	38	1750.67585089141	1470.67585089141	7.0	4.0	5.0	4.0	617.0	96.0	25.0	496.0	
23	39	1558.680250783699	1492.680250783699	7.0	4.0	5.0	4.0	638.0	100.0	30.0	508.0	
23	41	991.5	1605.4897959183672	4.0	4.0	0.0	0.0	98.0	96.0	0.0	0.0	
23	43	613.2047377326566	1625.178510998308	12.0	4.0	8.0	9.0	1182.0	572.0	48.0	562.0	
23	45	195.5103734439834	1715.510373443983	4.0	4.0	0.0	1.0	241.0	236.0	0.0	5.0	
23	57	981.5084745762712	2029.5084745762715	4.0	4.0	0.0	1.0	236.0	232.0	0.0	4.0	
24	7	509.51145038167937	307.51145038167937	4.0	4.0	0.0	1.0	262.0	256.0	0.0	6.0	
24	11	114.76480263157896	458.5559210526316	13.0	7.0	8.0	4.0	608.0	153.0	135.0	316.0	
24	21	2175.662337662337	943.6597402597404	7.0	4.0	0.0	5.0	770.0	644.0	0.0	126.0	
24	34	1953.5115511551155	1211.5115511551155	4.0	4.0	0.0	1.0	303.0	296.0	0.0	7.0	
24	39	1293.5198329853863	1429.5198329853863	4.0	4.0	0.0	1.0	479.0	460.0	0.0	19.0	
24	54	315.51372549019607	1753.5058823529412	4.0	4.0	0.0	2.0	255.0	248.0	0.0	7.0	
24	64	278.6787878787879	1964.6727272727276	7.0	4.0	6.0	5.0	660.0	100.0	38.0	522.0	
25	7	509.51145038167937	307.51145038167937	4.0	4.0	0.0	1.0	262.0	256.0	0.0	6.0	
25	11	114.76480263157896	458.5559210526316	13.0	7.0	8.0	4.0	608.0	153.0	135.0	316.0	
25	21	2175.662337662337	943.6597402597404	7.0	4.0	0.0	5.0	770.0	644.0	0.0	126.0	
25	34	1953.5115511551155	1211.5115511551155	4.0	4.0	0.0	1.0	303.0	296.0	0.0	7.0	
25	39	1293.5198329853863	1429.5198329853863	4.0	4.0	0.0	1.0	479.0	460.0	0.0	19.0	
25	54	315.51372549019607	1753.5058823529412	4.0	4.0	0.0	2.0	255.0	248.0	0.0	7.0	
25	64	278.6787878787879	1964.6727272727276	7.0	4.0	6.0	5.0	660.0	100.0	38.0	522.0	
26	5	1399.5136778115502	281.51367781155017	4.0	4.0	0.0	1.0	329.0	320.0	0.0	9.0	
26	23	499.5140186915888	985.5140186915888	4.0	4.0	0.0	1.0	321.0	312.0	0.0	9.0	
26	29	797.5122807017544	1077.508771929825	4.0	4.0	0.0	1.0	285.0	276.0	0.0	7.0	
26	34	1705.513863216266	1257.5268022181149	4.0	4.0	0.0	2.0	541.0	512.0	0.0	29.0	
26	43	1649.5	1413.5	4.0	4.0	0.0	0.0	112.0	112.0	0.0	0.0	
26	45	738.6763803680982	1454.6748466257668	7.0	4.0	5.0	4.0	652.0	100.0	31.0	520.0	
26	65	1833.5217391304348	1805.5217391304348	4.0	4.0	0.0	1.0	598.0	572.0	0.0	26.0	
26	68	853.5	1879.5	4.0	4.0	0.0	0.0	100.0	100.0	0.0	0.0	
27	7	1183.52	239.52	4.0	4.0	0.0	1.0	500.0	480.0	0.0	20.0	
27	8	1738.6768982229405	254.6801292407108	7.0	4.0	5.0	5.0	619.0	96.0	25.0	498.0	
27	14	1565.5125448028673	575.5125448028674	4.0	4.0	0.0	1.0	279.0	272.0	0.0	7.0	
27	20	1169.5	795.9926470588235	6.0	4.0	4.0	0.0	544.0	276.0	268.0	0.0	
27	37	1473.6682134570765	1333.6658932714618	7.0	4.0	0.0	5.0	862.0	716.0	0.0	146.0	
27	43	791.5208791208792	1427.5164835164835	4.0	4.0	0.0	2.0	455.0	436.0	0.0	19.0	
27	45	1832.7021764032077	1466.7021764032074	9.0	4.0	7.0	4.0	873.0	144.0	65.0	664.0	
27	49	676.6918990703851	1544.691899070385	9.0	4.0	7.0	4.0	753.0	120.0	49.0	584.0	
27	56	730.7017937219731	1684.701793721973	9.0	4.0	7.0	4.0	892.0	144.0	72.0	676.0	
27	58	285.5204678362573	1697.5204678362572	4.0	4.0	0.0	1.0	513.0	492.0	0.0	21.0	
28	3	1431.5872855701311	145.5388496468214	11.0	4.0	7.0	7.0	991.0	716.0	105.0	170.0	
28	10	1761.4897959183672	487.48979591836735	4.0	4.0	0.0	1.0	98.0	96.0	0.0	2.0	
28	27	1657.5086206896551	1279.5086206896551	4.0	4.0	0.0	1.0	232.0	228.0	0.0	4.0	
28	53	1283.5112781954888	1939.5112781954888	4.0	4.0	0.0	1.0	266.0	260.0	0.0	6.0	
28	59	253.51906779661016	1973.5169491525423	4.0	4.0	0.0	1.0	472.0	452.0	0.0	18.0	
29	3	1431.5872855701311	145.5388496468214	11.0	4.0	7.0	7.0	991.0	716.0	105.0	170.0	
29	10	1761.4897959183672	487.48979591836735	4.0	4.0	0.0	1.0	98.0	96.0	0.0	2.0	
29	27	1657.5086206896551	1279.5086206896551	4.0	4.0	0.0	1.0	232.0	228.0	0.0	4.0	
29	53	1283.5112781954888	1939.5112781954888	4.0	4.0	0.0	1.0	266.0	260.0	0.0	6.0	
29	59	253.51906779661016	1973.5169491525423	4.0	4.0	0.0	1.0	472.0	452.0	0.0	18.0	
30	6	597.5142118863049	227.5142118863049	4.0	4.0	0.0	2.0	387.0	372.0	0.0	15.0	
30	23	245.5098814229249	981.5098814229248	4.0	4.0	0.0	1.0	253.0	248.0	0.0	5.0	
30	36	1426.6888888888889	1352.6888888888889	9.0	4.0	7.0	4.0	720.0	112.0	48.0	560.0	
30	38	1769.5	1438.0102040816328	6.0	4.0	4.0	0.0	196.0	96.0	100.0	0.0	
30	55	1759.660621761658	1913.660621761658	7.0	4.0	0.0	4.0	772.0	648.0	0.0	124.0	
31	24	461.5182186234818	929.5182186234816	4.0	4.0	0.0	2.0	494.0	472.0	0.0	22.0	
31	26	1701.6644736842106	953.6688596491229	7.0	4.0	0.0	5.0	912.0	756.0	0.0	156.0	
31	38	2173.5142045454545	1233.5	4.0	4.0	2.0	1.0	352.0	332.0	10.0	10.0	
31	41	821.5174129353234	1345.5174129353234	4.0	4.0	0.0	1.0	402.0	388.0	0.0	14.0	
31	47	1361.5323383084576	1435.5796019900497	5.0	4.0	3.0	2.0	402.0	368.0	12.0	22.0	
31	72	767.5059760956175	1999.5059760956176	4.0	4.0	0.0	2.0	251.0	244.0	0.0	7.0	
32	7	634.0741337630943	295.0628525382756	9.0	4.0	8.0	6.0	1241.0	440.0	305.0	496.0	
32	22	507.5084745762712	899.5084745762712	4.0	4.0	0.0	1.0	236.0	232.0	0.0	4.0	
32	26	663.5087719298245	1093.5157894736842	4.0	4.0	0.0	2.0	285.0	276.0	0.0	9.0	
32	27	1915.5198329853863	1141.5198329853863	4.0	4.0	0.0	1.0	479.0	460.0	0.0	19.0	
32	29	2045.5217391304348	1201.5217391304348	4.0	4.0	0.0	1.0	598.0	572.0	0.0	26.0	
32	31	1667.6688311688313	1219.6688311688313	7.0	4.0	0.0	4.0	924.0	768.0	0.0	156.0	
32	34	921.5149700598804	1281.5149700598802	4.0	4.0	0.0	1.0	334.0	324.0	0.0	10.0	
32	41	1621.5201535508638	1495.5201535508638	4.0	4.0	0.0	1.0	521.0	500.0	0.0	21.0	
32	42	2047.5177304964536	1495.517730496454	4.0	4.0	0.0	1.0	423.0	408.0	0.0	15.0	
32	46	1619.5163727959698	1641.5163727959698	4.0	4.0	0.0	1.0	397.0	384.0	0.0	13.0	
32	47	721.5117056856187	1681.5117056856188	4.0	4.0	0.0	1.0	299.0	292.0	0.0	7.0	
32	49	1973.5163727959696	1725.5163727959698	4.0	4.0	0.0	1.0	397.0	384.0	0.0	13.0	
32	52	1551.5059760956176	1793.5059760956176	4.0	4.0	0.0	2.0	251.0	244.0	0.0	7.0	
32	61	2405.522480620155	1973.522480620155	4.0	4.0	0.0	1.0	645.0	616.0	0.0	29.0	
32	64	1887.5	2043.5	4.0	4.0	0.0	0.0	96.0	96.0	0.0	0.0	
33	7	634.0741337630943	295.0628525382756	9.0	4.0	8.0	6.0	1241.0	440.0	305.0	496.0	
33	22	507.5084745762712	899.5084745762712	4.0	4.0	0.0	1.0	236.0	232.0	0.0	4.0	
33	26	663.5087719298245	1093.5157894736842	4.0	4.0	0.0	2.0	285.0	276.0	0.0	9.0	
33	27	1915.5198329853863	1141.5198329853863	4.0	4.0	0.0	1.0	479.0	460.0	0.0	19.0	
33	29	2045.5217391304348	1201.5217391304348	4.0	4.0	0.0	1.0	598.0	572.0	0.0	26.0	
33	31	1667.6688311688313	1219.6688311688313	7.0	4.0	0.0	4.0	924.0	768.0	0.0	156.0	
33	34	921.5149700598804	1281.5149700598802	4.0	4.0	0.0	1.0	334.0	324.0	0.0	10.0	
33	41	1621.5201535508638	1495.5201535508638	4.0	4.0	0.0	1.0	521.0	500.0	0.0	21.0	
33	42	2047.5177304964536	1495.517730496454	4.0	4.0	0.0	1.0	423.0	408.0	0.0	15.0	
33	46	1619.5163727959698	1641.5163727959698	4.0	4.0	0.0	1.0	397.0	384.0	0.0	13.0	
33	47	721.5117056856187	1681.5117056856188	4.0	4.0	0.0	1.0	299.0	292.0	0.0	7.0	
33	49	1973.5163727959696	1725.5163727959698	4.0	4.0	0.0	1.0	397.0	384.0	0.0	13.0	
33	52	1551.5059760956176	1793.5059760956176	4.0	4.0	0.0	2.0	251.0	244.0	0.0	7.0	
33	61	2405.522480620155	1973.522480620155	4.0	4.0	0.0	1.0	645.0	616.0	0.0	29.0	
33	64	1887.5	2043.5	4.0	4.0	0.0	0.0	96.0	96.0	0.0	0.0	
34	20	559.5177304964539	831.5177304964539	4.0	4.0	0.0	1.0	423.0	408.0	0.0	15.0	
34	26	1003.5084745762712	1079.5084745762713	4.0	4.0	0.0	1.0	236.0	232.0	0.0	4.0	
34	29	1649.5183486238532	1155.5183486238532	4.0	4.0	0.0	1.0	436.0	420.0	0.0	16.0	
34	42	2317.5114503816794	1589.5114503816794	4.0	4.0	0.0	1.0	262.0	256.0	0.0	6.0	
35	1	1083.6779388083737	13.676328502415458	7.0	4.0	0.0	5.0	1242.0	1020.0	0.0	222.0	
35	25	1557.5220700152206	879.5220700152207	4.0	4.0	0.0	1.0	657.0	628.0	0.0	29.0	
35	33	2327.517382413088	1049.521472392638	4.0	4.0	0.0	2.0	489.0	468.0	0.0	21.0	
35	45	349.51876379690947	1295.5187637969095	4.0	4.0	0.0	1.0	453.0	436.0	0.0	17.0	
35	47	223.51966873706004	1411.51966873706	4.0	4.0	0.0	1.0	483.0	464.0	0.0	19.0	
35	48	1753.5178997613366	1417.5178997613366	4.0	4.0	0.0	1.0	419.0	404.0	0.0	15.0	
35	59	1473.503448275862	1839.503448275862	4.0	4.0	0.0	0.0	145.0	144.0	0.0	0.0	
35	60	239.5170603674541	1897.5170603674544	4.0	4.0	0.0	1.0	381.0	368.0	0.0	13.0	
36	8	1682.1666666666667	449.3333333333333	6.0	6.0	2.0	0.0	72.0	66.0	6.0	0.0	
36	13	175.51818181818183	551.5181818181818	4.0	4.0	0.0	1.0	440.0	424.0	0.0	16.0	
36	19	577.5220700152207	829.5220700152207	4.0	4.0	0.0	1.0	657.0	628.0	0.0	29.0	
36	25	1587.5147928994083	1077.5147928994083	4.0	4.0	0.0	1.0	338.0	328.0	0.0	10.0	
36	26	2275.520754716981	1093.5207547169812	4.0	4.0	0.0	1.0	530.0	508.0	0.0	22.0	
36	39	331.5103734439834	1397.510373443983	4.0	4.0	0.0	1.0	241.0	236.0	0.0	5.0	
36	56	214.70262390670555	1776.685131195335	11.0	4.0	10.0	6.0	1029.0	168.0	105.0	756.0	
36	61	1459.5125448028673	1845.5125448028675	4.0	4.0	0.0	1.0	279.0	272.0	0.0	7.0	
36	62	859.5185995623632	1861.5185995623635	4.0	4.0	0.0	1.0	457.0	440.0	0.0	17.0	
36	69	1229.5220949263503	1973.5220949263503	4.0	4.0	0.0	1.0	611.0	584.0	0.0	27.0	
37	8	1682.1666666666667	449.3333333333333	6.0	6.0	2.0	0.0	72.0	66.0	6.0	0.0	
37	13	175.51818181818183	551.5181818181818	4.0	4.0	0.0	1.0	440.0	424.0	0.0	16.0	
37	19	577.5220700152207	829.5220700152207	4.0	4.0	0.0	1.0	657.0	628.0	0.0	29.0	
37	25	1587.5147928994083	1077.5147928994083	4.0	4.0	0.0	1.0	338.0	328.0	0.0	10.0	
37	26	2275.520754716981	1093.5207547169812	4.0	4.0	0.0	1.0	530.0	508.0	0.0	22.0	
37	39	331.5103734439834	1397.510373443983	4.0	4.0	0.0	1.0	241.0	236.0	0.0	5.0	
37	56	214.70262390670555	1776.685131195335	11.0	4.0	10.0	6.0	1029.0	168.0	105.0	756.0	
37	61	1459.5125448028673	1845.5125448028675	4.0	4.0	0.0	1.0	279.0	272.0	0.0	7.0	
37	62	859.5185995623632	1861.5185995623635	4.0	4.0	0.0	1.0	457.0	440.0	0.0	17.0	
37	69	1229.5220949263503	1973.5220949263503	4.0	4.0	0.0	1.0	611.0	584.0	0.0	27.0	
38	31	2361.5	935.5	4.0	4.0	0.0	0.0	112.0	112.0	0.0	0.0	
38	34	450.6813880126183	992.6813880126184	7.0	4.0	5.0	4.0	634.0	100.0	30.0	504.0	
38	45	1128.7074626865672	1212.7134328358209	9.0	4.0	7.0	6.0	1005.0	168.0	81.0	756.0	
38	54	1933.5153203342616	1379.5153203342618	4.0	4.0	0.0	1.0	359.0	348.0	0.0	11.0	
38	57	184.69189907038512	1408.691899070385	9.0	4.0	7.0	4.0	753.0	120.0	49.0	584.0	
38	67	2208.67585089141	1578.67585089141	7.0	4.0	5.0	4.0	617.0	96.0	25.0	496.0	
38	77	677.5126050420168	1743.4957983193278	4.0	4.0	0.0	1.0	119.0	116.0	0.0	2.0	
38	79	221.5136778115501	1815.501519756839	4.0	4.0	2.0	1.0	329.0	312.0	8.0	9.0	
38	83	1007.512367491166	1903.512367491166	4.0	4.0	0.0	1.0	283.0	276.0	0.0	7.0	
39	26	141.49771689497717	799.5159817351598	4.0	4.0	0.0	2.0	219.0	212.0	0.0	7.0	
39	37	1247.508928571429	1211.508928571429	4.0	4.0	0.0	1.0	224.0	220.0	0.0	4.0	
39	43	413.5177304964539	1331.517730496454	4.0	4.0	0.0	1.0	423.0	408.0	0.0	15.0	
39	47	2427.518930957684	1409.5189309576838	4.0	4.0	0.0	1.0	449.0	432.0	0.0	17.0	
39	56	1146.6953642384103	1570.6913907284768	9.0	4.0	7.0	4.0	755.0	120.0	49.0	584.0	
39	60	1391.5170603674542	1699.5170603674542	4.0	4.0	0.0	1.0	381.0	368.0	0.0	13.0	
39	65	1799.5058823529412	1753.513725490196	4.0	4.0	0.0	2.0	255.0	248.0	0.0	7.0	
40	16	143.37351543942992	597.7494061757719	11.0	7.0	4.0	8.0	1684.0	1028.0	248.0	408.0	
40	19	1423.5205183585313	717.5183585313175	4.0	4.0	0.0	1.0	463.0	444.0	0.0	18.0	
40	23	367.5195911413969	803.519591141397	4.0	4.0	0.0	2.0	587.0	560.0	0.0	27.0	
40	25	703.5203094777563	809.5203094777563	4.0	4.0	0.0	1.0	517.0	496.0	0.0	21.0	
40	37	2045.6687242798355	1319.6687242798355	7.0	4.0	0.0	4.0	972.0	808.0	0.0	164.0	
40	47	917.5183486238532	1635.5183486238532	4.0	4.0	0.0	1.0	436.0	420.0	0.0	16.0	
40	54	409.5080213903743	1825.5080213903743	4.0	4.0	0.0	1.0	187.0	184.0	0.0	3.0	
40	63	1502.7124542124543	2036.7124542124543	9.0	4.0	7.0	4.0	1092.0	184.0	96.0	812.0	
41	16	143.37351543942992	597.7494061757719	11.0	7.0	4.0	8.0	1684.0	1028.0	248.0	408.0	
41	19	1423.5205183585313	717.5183585313175	4.0	4.0	0.0	1.0	463.0	444.0	0.0	18.0	
41	23	367.5195911413969	803.519591141397	4.0	4.0	0.0	2.0	587.0	560.0	0.0	27.0	
41	25	703.5203094777563	809.5203094777563	4.0	4.0	0.0	1.0	517.0	496.0	0.0	21.0	
41	37	2045.6687242798355	1319.6687242798355	7.0	4.0	0.0	4.0	972.0	808.0	0.0	164.0	
41	47	917.5183486238532	1635.5183486238532	4.0	4.0	0.0	1.0	436.0	420.0	0.0	16.0	
41	54	409.5080213903743	1825.5080213903743	4.0	4.0	0.0	1.0	187.0	184.0	0.0	3.0	
41	63	1502.7124542124543	2036.7124542124543	9.0	4.0	7.0	4.0	1092.0	184.0	96.0	812.0	
42	5	2366.438940657185	254.59195684158905	14.0	11.0	12.0	4.0	2039.0	386.0	633.0	1020.0	
42	20	1367.6688311688313	815.6688311688312	7.0	4.0	0.0	4.0	924.0	768.0	0.0	156.0	
42	29	1723.5180722891566	1213.5180722891566	4.0	4.0	0.0	1.0	415.0	400.0	0.0	15.0	
42	39	1406.6698656429942	1666.5153550863724	11.0	4.0	10.0	4.0	1042.0	144.0	226.0	672.0	
42	45	479.6589743589744	1865.6589743589743	7.0	4.0	0.0	4.0	780.0	656.0	0.0	124.0	
43	7	1413.520295202952	281.520295202952	4.0	4.0	0.0	1.0	542.0	520.0	0.0	22.0	
43	10	1633.5217391304348	323.5217391304348	4.0	4.0	0.0	1.0	598.0	572.0	0.0	26.0	
43	14	2227.51637279597	495.5163727959698	4.0	4.0	0.0	1.0	397.0	384.0	0.0	13.0	
43	15	2148.691678035471	496.69167803547066	9.0	4.0	7.0	4.0	733.0	116.0	49.0	568.0	
43	20	2023.5117056856188	627.5050167224081	4.0	4.0	2.0	1.0	299.0	288.0	4.0	7.0	
43	22	1144.692729766804	676.6927297668038	9.0	4.0	7.0	4.0	729.0	116.0	49.0	564.0	
43	28	1447.5227963525836	957.5227963525836	4.0	4.0	0.0	1.0	658.0	628.0	0.0	30.0	
43	39	1323.5215946843855	1215.5215946843855	4.0	4.0	0.0	1.0	602.0	576.0	0.0	26.0	
43	47	2041.6687242798355	1569.6687242798355	7.0	4.0	0.0	4.0	972.0	808.0	0.0	164.0	
44	0	1625.520879120879	137.5164835164835	4.0	4.0	0.0	2.0	455.0	436.0	0.0	19.0	
44	15	2029.5198412698408	829.5198412698413	4.0	4.0	0.0	1.0	504.0	484.0	0.0	20.0	
44	17	754.6621621621622	994.6679536679536	7.0	5.0	5.0	4.0	518.0	79.0	19.0	420.0	
44	19	2183.51186440678	1109.5118644067798	4.0	4.0	0.0	1.0	295.0	288.0	0.0	7.0	
44	21	1351.519650655022	1141.519650655022	4.0	4.0	0.0	1.0	458.0	440.0	0.0	18.0	
44	35	1867.5214285714285	1481.5214285714285	4.0	4.0	0.0	1.0	560.0	536.0	0.0	24.0	
44	48	2025.5217391304348	1743.5217391304348	4.0	4.0	0.0	1.0	598.0	572.0	0.0	26.0	
44	61	1081.5222929936306	1997.5222929936303	4.0	4.0	0.0	1.0	628.0	600.0	0.0	28.0	
45	0	1625.520879120879	137.5164835164835	4.0	4.0	0.0	2.0	455.0	436.0	0.0	19.0	
45	15	2029.5198412698408	829.5198412698413	4.0	4.0	0.0	1.0	504.0	484.0	0.0	20.0	
45	17	754.6621621621622	994.6679536679536	7.0	5.0	5.0	4.0	518.0	79.0	19.0	420.0	
45	19	2183.51186440678	1109.5118644067798	4.0	4.0	0.0	1.0	295.0	288.0	0.0	7.0	
45	21	1351.519650655022	1141.519650655022	4.0	4.0	0.0	1.0	458.0	440.0	0.0	18.0	
45	35	1867.5214285714285	1481.5214285714285	4.0	4.0	0.0	1.0	560.0	536.0	0.0	24.0	
45	48	2025.5217391304348	1743.5217391304348	4.0	4.0	0.0	1.0	598.0	572.0	0.0	26.0	
45	61	1081.5222929936306	1997.5222929936303	4.0	4.0	0.0	1.0	628.0	600.0	0.0	28.0	
46	6	2093.505882352941	245.5058823529412	4.0	4.0	0.0	1.0	170.0	168.0	0.0	2.0	
46	8	1153.5080213903743	415.7834224598931	6.0	4.0	4.0	2.0	374.0	268.0	100.0	6.0	
46	9	1134.7021764032074	430.7021764032073	9.0	4.0	7.0	4.0	873.0	144.0	65.0	664.0	
46	12	1933.6774193548388	513.6774193548387	7.0	4.0	0.0	4.0	1240.0	1020.0	0.0	220.0	
46	14	577.520325203252	633.520325203252	4.0	4.0	0.0	1.0	492.0	472.0	0.0	20.0	
46	19	2428.6769230769232	826.6769230769231	7.0	4.0	5.0	4.0	650.0	100.0	30.0	520.0	
46	53	839.6589743589743	1707.6589743589743	7.0	4.0	0.0	4.0	780.0	656.0	0.0	124.0	
47	11	2159.5072463768115	323.5072463768116	4.0	4.0	0.0	1.0	207.0	204.0	0.0	3.0	
47	13	1300.692729766804	470.69272976680384	9.0	4.0	7.0	4.0	729.0	116.0	49.0	564.0	
47	18	1307.673076923077	805.6730769230769	7.0	4.0	0.0	4.0	1040.0	860.0	0.0	180.0	
47	24	1499.6708333333331	1053.6708333333331	7.0	4.0	0.0	4.0	960.0	796.0	0.0	164.0	
47	40	1737.508928571429	1495.508928571429	4.0	4.0	0.0	1.0	224.0	220.0	0.0	4.0	
47	44	2263.5049504950493	1687.5115511551155	4.0	4.0	0.0	3.0	303.0	292.0	0.0	11.0	
47	48	383.5	1735.5	4.0	4.0	0.0	0.0	112.0	112.0	0.0	0.0	
47	51	1743.52	1787.52	4.0	4.0	0.0	1.0	475.0	456.0	0.0	19.0	
47	62	1061.5172413793102	2003.521298174442	4.0	4.0	0.0	2.0	493.0	472.0	0.0	21.0	
48	1	1370.9792703150913	33.72056384742952	10.0	8.0	6.0	9.0	1206.0	492.0	330.0	382.0	
48	24	1230.6813880126183	898.6813880126183	7.0	4.0	5.0	4.0	634.0	100.0	30.0	504.0	
48	25	1985.5099337748345	937.7185430463576	6.0	4.0	4.0	2.0	302.0	236.0	60.0	6.0	
48	44	2315.659793814433	1365.659793814433	7.0	4.0	0.0	4.0	776.0	652.0	0.0	124.0	
48	49	303.5146198830409	1587.514619883041	4.0	4.0	0.0	1.0	342.0	332.0	0.0	10.0	
48	62	1313.5061728395062	1883.514403292181	4.0	4.0	0.0	2.0	243.0	236.0	0.0	7.0	
49	1	1370.9792703150913	33.72056384742952	10.0	8.0	6.0	9.0	1206.0	492.0	330.0	382.0	
49	24	1230.6813880126183	898.6813880126183	7.0	4.0	5.0	4.0	634.0	100.0	30.0	504.0	
49	25	1985.5099337748345	937.7185430463576	6.0	4.0	4.0	2.0	302.0	236.0	60.0	6.0	
49	44	2315.659793814433	1365.659793814433	7.0	4.0	0.0	4.0	776.0	652.0	0.0	124.0	
49	49	303.5146198830409	1587.514619883041	4.0	4.0	0.0	1.0	342.0	332.0	0.0	10.0	
49	62	1313.5061728395062	1883.514403292181	4.0	4.0	0.0	2.0	243.0	236.0	0.0	7.0	
50	5	771.5114285714286	211.50857142857143	4.0	4.0	2.0	2.0	350.0	332.0	6.0	12.0	
50	9	1839.5178997613368	407.5178997613365	4.0	4.0	0.0	1.0	419.0	404.0	0.0	15.0	
50	18	2289.5109489051097	689.4963503649635	4.0	4.0	2.0	1.0	274.0	260.0	8.0	6.0	
50	22	227.51532033426184	865.5153203342618	4.0	4.0	0.0	1.0	359.0	348.0	0.0	11.0	
50	38	1607.6702508960573	1225.6729390681005	7.0	4.0	0.0	5.0	1116.0	920.0	0.0	194.0	
50	43	2241.5175644028104	1391.5175644028102	4.0	4.0	0.0	1.0	427.0	412.0	0.0	15.0	
50	45	1369.52	1417.52	4.0	4.0	0.0	1.0	500.0	480.0	0.0	20.0	
50	59	1889.519650655022	2025.519650655022	4.0	4.0	0.0	1.0	458.0	440.0	0.0	18.0	
51	2	1185.5026455026457	51.5026455026455	4.0	4.0	0.0	2.0	189.0	184.0	0.0	5.0	
51	19	1203.5208711433756	919.5208711433756	4.0	4.0	0.0	1.0	551.0	528.0	0.0	23.0	
51	39	2067.5147928994083	1341.5147928994083	4.0	4.0	0.0	1.0	338.0	328.0	0.0	10.0	
51	40	157.5042735042735	1353.5042735042734	4.0	4.0	0.0	0.0	117.0	116.0	0.0	0.0	
51	49	2212.7021764032074	1570.7021764032074	9.0	4.0	7.0	4.0	873.0	144.0	65.0	664.0	
51	55	1861.5194805194808	1773.5194805194806	4.0	4.0	0.0	1.0	462.0	444.0	0.0	18.0	
51	70	1463.6634615384614	2027.6634615384612	7.0	4.0	0.0	4.0	832.0	696.0	0.0	136.0	
52	20	1754.691011235955	900.6910112359551	9.0	4.0	7.0	4.0	712.0	112.0	48.0	552.0	
52	23	2109.5	1049.5	4.0	4.0	0.0	0.0	96.0	96.0	0.0	0.0	
52	28	2412.657534246576	1136.531506849315	9.0	4.0	8.0	4.0	730.0	100.0	122.0	508.0	
52	31	1574.7012542759408	1168.7012542759408	9.0	4.0	7.0	4.0	877.0	144.0	65.0	668.0	
52	38	431.51807228915663	1489.5180722891566	4.0	4.0	0.0	1.0	415.0	400.0	0.0	15.0	
52	40	303.5210643015521	1503.5166297117516	4.0	4.0	0.0	2.0	451.0	432.0	0.0	19.0	
52	42	1949.5109489051092	1593.5109489051094	4.0	4.0	0.0	1.0	274.0	268.0	0.0	6.0	
52	58	1223.5181818181818	2037.5181818181816	4.0	4.0	0.0	1.0	440.0	424.0	0.0	16.0	
53	20	1754.691011235955	900.6910112359551	9.0	4.0	7.0	4.0	712.0	112.0	48.0	552.0	
53	23	2109.5	1049.5	4.0	4.0	0.0	0.0	96.0	96.0	0.0	0.0	
53	28	2412.657534246576	1136.531506849315	9.0	4.0	8.0	4.0	730.0	100.0	122.0	508.0	
53	31	1574.7012542759408	1168.7012542759408	9.0	4.0	7.0	4.0	877.0	144.0	65.0	668.0	
53	38	431.51807228915663	1489.5180722891566	4.0	4.0	0.0	1.0	415.0	400.0	0.0	15.0	
53	40	303.5210643015521	1503.5166297117516	4.0	4.0	0.0	2.0	451.0	432.0	0.0	19.0	
53	42	1949.5109489051092	1593.5109489051094	4.0	4.0	0.0	1.0	274.0	268.0	0.0	6.0	
53	58	1223.5181818181818	2037.5181818181816	4.0	4.0	0.0	1.0	440.0	424.0	0.0	16.0	
54	64	1007.514450867052	1985.514450867052	4.0	4.0	0.0	1.0	346.0	336.0	0.0	10.0	
55	13	1515.5180722891566	661.5180722891566	4.0	4.0	0.0	1.0	415.0	400.0	0.0	15.0	
55	14	1871.5207547169807	681.5207547169812	4.0	4.0	0.0	1.0	530.0	508.0	0.0	22.0	
55	16	1233.6614583333333	713.6614583333334	7.0	4.0	0.0	4.0	768.0	644.0	0.0	124.0	
55	43	2299.521951219512	1443.5219512195122	4.0	4.0	0.0	1.0	615.0	588.0	0.0	27.0	
55	52	1853.5	1619.5	4.0	4.0	0.0	0.0	112.0	112.0	0.0	0.0	
55	53	2225.6651785714284	1623.665178571429	7.0	4.0	0.0	4.0	896.0	748.0	0.0	148.0	
55	54	1199.672932330827	1663.672932330827	7.0	4.0	0.0	4.0	1064.0	880.0	0.0	184.0	
56	8	1763.506976744186	335.50697674418603	4.0	4.0	0.0	1.0	215.0	212.0	0.0	3.0	
56	17	1627.5210237659962	631.5210237659963	4.0	4.0	0.0	1.0	547.0	524.0	0.0	23.0	
56	21	395.5114006514658	853.514657980456	4.0	4.0	0.0	2.0	307.0	296.0	0.0	10.0	
56	24	1219.661097852029	891.6634844868735	7.0	4.0	0.0	5.0	838.0	700.0	0.0	138.0	
56	31	1201.678571428571	1057.678571428571	7.0	4.0	0.0	4.0	1232.0	1012.0	0.0	220.0	
56	46	2083.512195121951	1451.5024390243902	4.0	4.0	0.0	2.0	205.0	200.0	0.0	5.0	
56	54	1393.5109489051094	1595.5109489051094	4.0	4.0	0.0	1.0	274.0	268.0	0.0	6.0	
56	62	1733.5140186915887	1683.5140186915887	4.0	4.0	0.0	1.0	321.0	312.0	0.0	9.0	
56	75	651.5	1983.75	6.0	4.0	4.0	0.0	128.0	96.0	32.0	0.0	
56	80	1371.5031055900622	2043.7577639751555	6.0	4.0	4.0	3.0	322.0	236.0	80.0	6.0	
57	8	1763.506976744186	335.50697674418603	4.0	4.0	0.0	1.0	215.0	212.0	0.0	3.0	
57	17	1627.5210237659962	631.5210237659963	4.0	4.0	0.0	1.0	547.0	524.0	0.0	23.0	
57	21	395.5114006514658	853.514657980456	4.0	4.0	0.0	2.0	307.0	296.0	0.0	10.0	
57	24	1219.661097852029	891.6634844868735	7.0	4.0	0.0	5.0	838.0	700.0	0.0	138.0	
57	31	1201.678571428571	1057.678571428571	7.0	4.0	0.0	4.0	1232.0	1012.0	0.0	220.0	
57	46	2083.512195121951	1451.5024390243902	4.0	4.0	0.0	2.0	205.0	200.0	0.0	5.0	
57	54	1393.5109489051094	1595.5109489051094	4.0	4.0	0.0	1.0	274.0	268.0	0.0	6.0	
57	62	1733.5140186915887	1683.5140186915887	4.0	4.0	0.0	1.0	321.0	312.0	0.0	9.0	
57	75	651.5	1983.75	6.0	4.0	4.0	0.0	128.0	96.0	32.0	0.0	
57	80	1371.5031055900622	2043.7577639751555	6.0	4.0	4.0	3.0	322.0	236.0	80.0	6.0	
58	14	573.5167095115681	947.516709511568	4.0	4.0	0.0	1.0	389.0	376.0	0.0	13.0	
58	32	99.51127819548871	1359.5112781954888	4.0	4.0	0.0	1.0	266.0	260.0	0.0	6.0	
58	51	1840.676923076923	2036.676923076923	7.0	4.0	5.0	4.0	650.0	100.0	30.0	520.0	
59	9	1828.6780185758516	546.6780185758514	7.0	4.0	5.0	4.0	646.0	100.0	30.0	516.0	
59	30	567.5149700598803	1073.5149700598802	4.0	4.0	0.0	1.0	334.0	324.0	0.0	10.0	
59	38	1323.5	1240.1363636363635	6.0	4.0	4.0	0.0	308.0	112.0	196.0	0.0	
60	4	1031.524105754277	247.52099533437013	4.0	4.0	0.0	2.0	643.0	612.0	0.0	31.0	
60	6	467.52	271.5232	4.0	4.0	0.0	2.0	625.0	596.0	0.0	29.0	
60	15	839.6666666666666	625.6666666666666	7.0	4.0	0.0	4.0	888.0	740.0	0.0	148.0	
60	17	1125.505376344086	679.5197132616487	4.0	4.0	0.0	2.0	279.0	268.0	0.0	11.0	
60	20	1545.514450867052	805.514450867052	4.0	4.0	0.0	1.0	346.0	336.0	0.0	10.0	
60	25	1999.660621761658	1045.660621761658	7.0	4.0	0.0	4.0	772.0	648.0	0.0	124.0	
60	26	1151.5194805194806	1059.5194805194806	4.0	4.0	0.0	1.0	462.0	444.0	0.0	18.0	
60	35	2037.6608040201008	1353.6608040201006	7.0	4.0	0.0	4.0	796.0	668.0	0.0	128.0	
60	37	333.32862903225805	1380.8729838709678	11.0	8.0	7.0	5.0	992.0	580.0	236.0	176.0	
61	4	1031.524105754277	247.52099533437013	4.0	4.0	0.0	2.0	643.0	612.0	0.0	31.0	
61	6	467.52	271.5232	4.0	4.0	0.0	2.0	625.0	596.0	0.0	29.0	
61	15	839.6666666666666	625.6666666666666	7.0	4.0	0.0	4.0	888.0	740.0	0.0	148.0	
61	17	1125.505376344086	679.5197132616487	4.0	4.0	0.0	2.0	279.0	268.0	0.0	11.0	
61	20	1545.514450867052	805.514450867052	4.0	4.0	0.0	1.0	346.0	336.0	0.0	10.0	
61	25	1999.660621761658	1045.660621761658	7.0	4.0	0.0	4.0	772.0	648.0	0.0	124.0	
61	26	1151.5194805194806	1059.5194805194806	4.0	4.0	0.0	1.0	462.0	444.0	0.0	18.0	
61	35	2037.6608040201008	1353.6608040201006	7.0	4.0	0.0	4.0	796.0	668.0	0.0	128.0	
61	37	333.32862903225805	1380.8729838709678	11.0	8.0	7.0	5.0	992.0	580.0	236.0	176.0	
62	15	1963.5183486238527	675.5183486238532	4.0	4.0	0.0	1.0	436.0	420.0	0.0	16.0	
62	21	2042.701793721973	760.7017937219731	9.0	4.0	7.0	4.0	892.0	144.0	72.0	676.0	
62	26	1299.5147928994083	1029.5147928994083	4.0	4.0	0.0	1.0	338.0	328.0	0.0	10.0	
62	34	2253.51966873706	1159.51966873706	4.0	4.0	0.0	1.0	483.0	464.0	0.0	19.0	
62	35	305.66336633663366	1189.6633663366338	7.0	4.0	0.0	4.0	808.0	676.0	0.0	132.0	
62	42	2363.520210896309	1351.5202108963092	4.0	4.0	0.0	1.0	569.0	544.0	0.0	24.0	
62	46	759.5203619909503	1457.5113122171945	4.0	4.0	0.0	3.0	442.0	420.0	0.0	22.0	
62	53	9.510373443983402	1617.510373443983	4.0	4.0	0.0	1.0	241.0	236.0	0.0	5.0	
62	80	2022.9781659388643	1997.510917030568	6.0	4.0	4.0	1.0	458.0	204.0	244.0	10.0	
62	81	1713.509881422925	2017.509881422925	4.0	4.0	0.0	1.0	253.0	248.0	0.0	5.0	
63	7	1059.504854368932	540.0194174757281	6.0	4.0	4.0	1.0	206.0	96.0	108.0	2.0	
63	12	463.51740139211137	659.5127610208817	4.0	4.0	2.0	1.0	431.0	412.0	4.0	15.0	
63	14	1709.514211886305	715.5193798449612	4.0	4.0	0.0	2.0	387.0	372.0	0.0	15.0	
63	28	599.5153203342618	1119.5153203342618	4.0	4.0	0.0	1.0	359.0	348.0	0.0	11.0	
63	39	945.66	1473.66	7.0	4.0	0.0	4.0	800.0	672.0	0.0	128.0	
63	44	890.689608636977	1552.689608636977	9.0	4.0	7.0	4.0	741.0	116.0	49.0	576.0	
64	4	1001.519587628866	455.5175257731959	4.0	4.0	0.0	1.0	485.0	464.0	0.0	19.0	
64	8	865.6680412371134	577.6680412371134	7.0	4.0	0.0	5.0	970.0	804.0	0.0	166.0	
64	10	965.5177570093458	633.4130841121495	6.0	4.0	4.0	1.0	535.0	460.0	56.0	19.0	
64	12	1976.6623616236163	670.6678966789668	7.0	5.0	5.0	4.0	542.0	83.0	19.0	440.0	
64	13	493.6688311688312	721.6688311688312	7.0	4.0	0.0	4.0	924.0	768.0	0.0	156.0	
64	33	2357.5132743362838	1261.513274336283	4.0	4.0	0.0	1.0	339.0	328.0	0.0	10.0	
64	50	885.5116279069767	1637.5116279069769	4.0	4.0	0.0	1.0	258.0	252.0	0.0	6.0	
64	56	1631.514986376022	1925.5149863760216	4.0	4.0	0.0	1.0	367.0	356.0	0.0	11.0	
65	4	1001.519587628866	455.5175257731959	4.0	4.0	0.0	1.0	485.0	464.0	0.0	19.0	
65	8	865.6680412371134	577.6680412371134	7.0	4.0	0.0	5.0	970.0	804.0	0.0	166.0	
65	10	965.5177570093458	633.4130841121495	6.0	4.0	4.0	1.0	535.0	460.0	56.0	19.0	
65	12	1976.6623616236163	670.6678966789668	7.0	5.0	5.0	4.0	542.0	83.0	19.0	440.0	
65	13	493.6688311688312	721.6688311688312	7.0	4.0	0.0	4.0	924.0	768.0	0.0	156.0	
65	33	2357.5132743362838	1261.513274336283	4.0	4.0	0.0	1.0	339.0	328.0	0.0	10.0	
65	50	885.5116279069767	1637.5116279069769	4.0	4.0	0.0	1.0	258.0	252.0	0.0	6.0	
65	56	1631.514986376022	1925.5149863760216	4.0	4.0	0.0	1.0	367.0	356.0	0.0	11.0	
66	2	1931.5214285714285	281.52142857142854	4.0	4.0	0.0	1.0	560.0	536.0	0.0	24.0	
66	9	2269.5089285714284	595.5089285714286	4.0	4.0	0.0	1.0	224.0	220.0	0.0	4.0	
66	11	2379.5216637781627	655.5216637781629	4.0	4.0	0.0	1.0	577.0	552.0	0.0	25.0	
66	18	267.521815008726	771.521815008726	4.0	4.0	0.0	1.0	573.0	548.0	0.0	25.0	
66	20	321.5	835.5	4.0	4.0	0.0	0.0	96.0	96.0	0.0	0.0	
66	27	2073.522504892368	925.518590998043	4.0	4.0	0.0	2.0	511.0	488.0	0.0	23.0	
66	35	2328.714285714286	1214.7142857142858	9.0	4.0	7.0	4.0	1197.0	204.0	105.0	888.0	
66	41	1051.5144927536232	1371.5108695652175	4.0	4.0	0.0	1.0	276.0	268.0	0.0	7.0	
66	48	1633.5217391304348	1485.517391304348	4.0	4.0	0.0	2.0	460.0	440.0	0.0	20.0	
66	53	2423.521582733813	1567.7374100719423	6.0	4.0	4.0	2.0	556.0	424.0	108.0	24.0	
66	58	2197.5098039215686	1641.516339869281	4.0	4.0	0.0	2.0	306.0	296.0	0.0	10.0	
66	61	1045.6693548387098	1721.6693548387098	7.0	4.0	0.0	4.0	992.0	824.0	0.0	168.0	
67	14	905.5183486238532	575.5183486238532	4.0	4.0	0.0	1.0	436.0	420.0	0.0	16.0	
67	16	2275.5563798219587	605.660237388724	9.0	4.0	4.0	4.0	1348.0	992.0	140.0	216.0	
67	23	19.51236749116608	749.5123674911661	4.0	4.0	0.0	1.0	283.0	276.0	0.0	7.0	
67	40	47.51004016064257	1125.5100401606426	4.0	4.0	0.0	1.0	249.0	244.0	0.0	5.0	
67	48	1841.5	1335.5	4.0	4.0	0.0	0.0	100.0	100.0	0.0	0.0	
67	50	783.5155875299761	1421.515587529976	4.0	4.0	0.0	1.0	417.0	404.0	0.0	13.0	
67	59	1642.69209039548	1782.69209039548	9.0	4.0	7.0	4.0	708.0	112.0	48.0	548.0	
67	67	2161.504424778761	1925.504424778761	4.0	4.0	0.0	2.0	226.0	220.0	0.0	6.0	
67	73	557.5064377682403	2046.087982832618	6.0	6.0	4.0	2.0	466.0	384.0	76.0	6.0	
68	10	1187.5072463768115	321.5072463768116	4.0	4.0	0.0	1.0	207.0	204.0	0.0	3.0	
68	25	57.51186440677966	949.5118644067796	4.0	4.0	0.0	1.0	295.0	288.0	0.0	7.0	
68	29	810.6899441340782	1054.689944134078	9.0	4.0	7.0	4.0	716.0	112.0	48.0	556.0	
68	36	1465.520161290323	1205.520161290323	4.0	4.0	0.0	1.0	496.0	476.0	0.0	20.0	
68	43	1359.5086206896551	1385.5086206896551	4.0	4.0	0.0	1.0	232.0	228.0	0.0	4.0	
68	47	502.66718027734976	1484.617873651772	9.0	4.0	8.0	4.0	649.0	96.0	57.0	496.0	
68	56	942.6952247191012	1630.6952247191011	9.0	4.0	7.0	4.0	712.0	112.0	48.0	548.0	
68	61	910.6817042606516	1706.625313283208	11.0	4.0	10.0	4.0	798.0	120.0	94.0	584.0	
69	10	1187.5072463768115	321.5072463768116	4.0	4.0	0.0	1.0	207.0	204.0	0.0	3.0	
69	25	57.51186440677966	949.5118644067796	4.0	4.0	0.0	1.0	295.0	288.0	0.0	7.0	
69	29	810.6899441340782	1054.689944134078	9.0	4.0	7.0	4.0	716.0	112.0	48.0	556.0	
69	36	1465.520161290323	1205.520161290323	4.0	4.0	0.0	1.0	496.0	476.0	0.0	20.0	
69	43	1359.5086206896551	1385.5086206896551	4.0	4.0	0.0	1.0	232.0	228.0	0.0	4.0	
69	47	502.66718027734976	1484.617873651772	9.0	4.0	8.0	4.0	649.0	96.0	57.0	496.0	
69	56	942.6952247191012	1630.6952247191011	9.0	4.0	7.0	4.0	712.0	112.0	48.0	548.0	
69	61	910.6817042606516	1706.625313283208	11.0	4.0	10.0	4.0	798.0	120.0	94.0	584.0	
70	7	1587.5215946843855	399.5215946843854	4.0	4.0	0.0	1.0	602.0	576.0	0.0	26.0	
70	15	1277.5059760956176	491.5139442231076	4.0	4.0	0.0	2.0	251.0	244.0	0.0	7.0	
70	19	31.660146699266505	681.6601466992665	7.0	4.0	0.0	5.0	818.0	684.0	0.0	134.0	
70	23	811.5100401606426	851.5100401606426	4.0	4.0	0.0	1.0	249.0	244.0	0.0	5.0	
70	51	2211.5128205128203	1743.5128205128206	4.0	4.0	0.0	1.0	312.0	304.0	0.0	8.0	
70	64	1617.5084745762713	1915.5084745762715	4.0	4.0	0.0	1.0	236.0	232.0	0.0	4.0	
70	72	1116.6813880126183	2004.6813880126183	7.0	4.0	5.0	4.0	634.0	100.0	30.0	504.0	
71	17	2017.520309477756	553.5203094777563	4.0	4.0	0.0	1.0	517.0	496.0	0.0	21.0	
71	22	707.5086206896551	845.5086206896551	4.0	4.0	0.0	1.0	232.0	228.0	0.0	4.0	
71	25	1623.5153203342618	909.5153203342618	4.0	4.0	0.0	1.0	359.0	348.0	0.0	11.0	
71	26	2069.519298245614	915.519298245614	4.0	4.0	0.0	2.0	570.0	544.0	0.0	26.0	
71	38	283.5138888888889	1285.638888888889	6.0	4.0	4.0	2.0	288.0	248.0	32.0	8.0	
71	46	921.5213675213676	1569.5213675213674	4.0	4.0	0.0	1.0	585.0	560.0	0.0	25.0	
71	50	369.51807228915663	1633.5180722891566	4.0	4.0	0.0	1.0	415.0	400.0	0.0	15.0	
71	56	869.3006430868168	1718.032154340836	8.0	4.0	4.0	4.0	622.0	292.0	204.0	124.0	
71	61	263.6673866090713	1891.6695464362847	7.0	4.0	0.0	5.0	926.0	768.0	0.0	158.0	
72	29	2355.519480519481	1433.5194805194806	4.0	4.0	0.0	1.0	462.0	444.0	0.0	18.0	
72	49	443.5163727959698	1937.5163727959696	4.0	4.0	0.0	1.0	397.0	384.0	0.0	13.0	
73	2	1793.5900826446282	139.5900826446281	5.0	5.0	0.0	2.0	605.0	555.0	0.0	50.0	
73	28	937.5111111111112	1293.5111111111112	4.0	4.0	0.0	1.0	270.0	264.0	0.0	6.0	
73	41	361.5149700598802	1709.5149700598802	4.0	4.0	0.0	1.0	334.0	324.0	0.0	10.0	
73	52	2207.5072463768115	2009.5072463768115	4.0	4.0	0.0	1.0	207.0	204.0	0.0	3.0	
74	2	1793.5900826446282	139.5900826446281	5.0	5.0	0.0	2.0	605.0	555.0	0.0	50.0	
74	28	937.5111111111112	1293.5111111111112	4.0	4.0	0.0	1.0	270.0	264.0	0.0	6.0	
74	41	361.5149700598802	1709.5149700598802	4.0	4.0	0.0	1.0	334.0	324.0	0.0	10.0	
74	52	2207.5072463768115	2009.5072463768115	4.0	4.0	0.0	1.0	207.0	204.0	0.0	3.0	
75	31	484.6773162939297	1222.6773162939296	7.0	4.0	5.0	4.0	626.0	96.0	30.0	500.0	
76	9	1511.5198329853863	407.51983298538624	4.0	4.0	0.0	1.0	479.0	460.0	0.0	19.0	
76	13	2147.520309477756	633.5203094777563	4.0	4.0	0.0	1.0	517.0	496.0	0.0	21.0	
76	14	1689.6634615384614	637.6634615384615	7.0	4.0	0.0	4.0	832.0	696.0	0.0	136.0	
76	29	519.5	1454.6837606837607	6.0	4.0	4.0	0.0	234.0	40.0	192.0	0.0	
76	36	1635.5	1566.029411764706	6.0	4.0	4.0	0.0	204.0	96.0	108.0	0.0	
76	37	1479.6651428571429	1587.662857142857	7.0	4.0	0.0	5.0	875.0	728.0	0.0	146.0	
76	51	789.6651376146789	1995.665137614679	7.0	4.0	0.0	4.0	872.0	728.0	0.0	144.0	
77	25	1319.5174129353234	1021.5174129353234	4.0	4.0	0.0	1.0	402.0	388.0	0.0	14.0	
77	28	925.5157894736842	1107.508771929825	4.0	4.0	0.0	2.0	285.0	276.0	0.0	9.0	
77	37	1769.5	1357.5283018867924	4.0	4.0	2.0	0.0	106.0	100.0	6.0	0.0	
77	66	329.5067264573991	2025.506726457399	4.0	4.0	0.0	1.0	223.0	220.0	0.0	3.0	
77	67	965.5117056856188	2025.5117056856188	4.0	4.0	0.0	1.0	299.0	292.0	0.0	7.0	
78	25	1319.5174129353234	1021.5174129353234	4.0	4.0	0.0	1.0	402.0	388.0	0.0	14.0	
78	28	925.5157894736842	1107.508771929825	4.0	4.0	0.0	2.0	285.0	276.0	0.0	9.0	
78	37	1769.5	1357.5283018867924	4.0	4.0	2.0	0.0	106.0	100.0	6.0	0.0	
78	66	329.5067264573991	2025.506726457399	4.0	4.0	0.0	1.0	223.0	220.0	0.0	3.0	
78	67	965.5117056856188	2025.5117056856188	4.0	4.0	0.0	1.0	299.0	292.0	0.0	7.0	
79	10	1323.5102040816328	459.48979591836735	4.0	4.0	0.0	1.0	98.0	96.0	0.0	2.0	
79	11	163.52	477.52	4.0	4.0	0.0	1.0	525.0	504.0	0.0	21.0	
79	20	825.52	839.52	4.0	4.0	0.0	1.0	500.0	480.0	0.0	20.0	
79	31	74.69832402234637	1106.689944134078	9.0	4.0	7.0	6.0	716.0	112.0	48.0	556.0	
79	33	432.6769230769231	1160.676923076923	7.0	4.0	5.0	4.0	650.0	100.0	30.0	520.0	
79	46	2296.6899441340784	1436.689944134078	9.0	4.0	7.0	4.0	716.0	112.0	48.0	556.0	
79	47	1871.520153550864	1449.5201535508638	4.0	4.0	0.0	1.0	521.0	500.0	0.0	21.0	
79	59	1493.508064516129	1699.508064516129	4.0	4.0	0.0	1.0	248.0	244.0	0.0	4.0	
79	61	1723.52	1719.52	4.0	4.0	0.0	1.0	525.0	504.0	0.0	21.0	
79	65	1261.5149700598802	1875.51497005988	4.0	4.0	0.0	1.0	334.0	324.0	0.0	10.0	
79	69	1941.5220949263503	1945.5220949263503	4.0	4.0	0.0	1.0	611.0	584.0	0.0	27.0	
79	70	2150.7113783533764	1958.7113783533764	9.0	4.0	7.0	4.0	1081.0	184.0	89.0	808.0	
79	71	465.5121951219512	1973.5121951219512	4.0	4.0	0.0	1.0	287.0	280.0	0.0	7.0	
80	35	2139.5	1267.5	4.0	4.0	0.0	0.0	96.0	96.0	0.0	0.0	
80	42	2389.511111111111	1473.5111111111112	4.0	4.0	0.0	1.0	270.0	264.0	0.0	6.0	
80	43	1477.517730496454	1487.517730496454	4.0	4.0	0.0	1.0	423.0	408.0	0.0	15.0	
80	61	931.5181818181818	1949.5181818181816	4.0	4.0	0.0	1.0	440.0	424.0	0.0	16.0	
80	62	2217.5080645161293	1963.508064516129	4.0	4.0	0.0	1.0	248.0	244.0	0.0	4.0	
80	63	2420.7634408602157	1988.247311827957	7.0	5.0	0.0	4.0	186.0	50.0	0.0	136.0	
81	35	2139.5	1267.5	4.0	4.0	0.0	0.0	96.0	96.0	0.0	0.0	
81	42	2389.511111111111	1473.5111111111112	4.0	4.0	0.0	1.0	270.0	264.0	0.0	6.0	
81	43	1477.517730496454	1487.517730496454	4.0	4.0	0.0	1.0	423.0	408.0	0.0	15.0	
81	61	931.5181818181818	1949.5181818181816	4.0	4.0	0.0	1.0	440.0	424.0	0.0	16.0	
81	62	2217.5080645161293	1963.508064516129	4.0	4.0	0.0	1.0	248.0	244.0	0.0	4.0	
81	63	2420.7634408602157	1988.247311827957	7.0	5.0	0.0	4.0	186.0	50.0	0.0	136.0	
82	5	1155.509881422925	469.5098814229249	4.0	4.0	0.0	1.0	253.0	248.0	0.0	5.0	
82	10	2393.5116279069766	553.5116279069767	4.0	4.0	0.0	1.0	258.0	252.0	0.0	6.0	
82	11	323.5103734439834	681.5103734439834	4.0	4.0	0.0	1.0	241.0	236.0	0.0	5.0	
82	14	1671.5	921.28125	6.0	4.0	4.0	0.0	128.0	100.0	28.0	0.0	
82	17	816.6931359353971	1008.7012113055182	9.0	4.0	7.0	7.0	743.0	116.0	49.0	578.0	
82	26	163.51739130434785	1183.5217391304348	4.0	4.0	0.0	2.0	460.0	440.0	0.0	20.0	
82	36	128.69986357435198	1512.6916780354709	9.0	4.0	7.0	6.0	733.0	116.0	49.0	568.0	
82	44	1513.6666666666667	1665.6666666666667	7.0	4.0	0.0	4.0	864.0	720.0	0.0	144.0	
82	49	1691.5149700598802	1765.5149700598802	4.0	4.0	0.0	1.0	334.0	324.0	0.0	10.0	
82	50	957.5180722891566	1833.5180722891569	4.0	4.0	0.0	1.0	415.0	400.0	0.0	15.0	
82	61	309.5178571428572	2021.517857142857	4.0	4.0	0.0	1.0	448.0	432.0	0.0	16.0	
83	11	377.5229357798165	621.5266055045871	4.0	4.0	0.0	2.0	545.0	516.0	0.0	29.0	
83	35	2125.6625615763546	1385.6625615763546	7.0	4.0	0.0	4.0	812.0	680.0	0.0	132.0	
83	51	2156.700340522134	1722.700340522134	9.0	4.0	7.0	4.0	881.0	144.0	65.0	672.0	
83	52	414.6570247933884	1726.6570247933885	7.0	5.0	5.0	4.0	484.0	70.0	18.0	396.0	
84	19	867.5243445692884	819.5168539325842	4.0	4.0	0.0	2.0	534.0	508.0	0.0	26.0	
84	24	2275.521885521885	979.5218855218856	4.0	4.0	0.0	1.0	594.0	568.0	0.0	26.0	
84	25	987.6614583333334	983.6614583333334	7.0	4.0	0.0	4.0	768.0	644.0	0.0	124.0	
84	37	1615.516339869281	1259.516339869281	4.0	4.0	0.0	2.0	459.0	440.0	0.0	19.0	
84	41	925.5121951219512	1315.5121951219512	4.0	4.0	0.0	1.0	287.0	280.0	0.0	7.0	
84	43	1109.52	1341.52	4.0	4.0	0.0	1.0	500.0	480.0	0.0	20.0	
84	47	2231.521367521368	1451.5213675213674	4.0	4.0	0.0	1.0	585.0	560.0	0.0	25.0	
84	48	1175.5061728395062	1527.3415637860082	6.0	4.0	4.0	1.0	243.0	200.0	40.0	3.0	
84	57	2320.693135935397	1820.693135935397	9.0	4.0	7.0	5.0	743.0	116.0	49.0	578.0	
84	58	507.5042735042735	1839.5042735042732	4.0	4.0	0.0	0.0	117.0	116.0	0.0	0.0	
85	11	1579.522281639929	355.5187165775401	4.0	4.0	0.0	2.0	561.0	536.0	0.0	25.0	
85	38	1681.512367491166	1095.512367491166	4.0	4.0	0.0	1.0	283.0	276.0	0.0	7.0	
85	39	1169.519650655022	1147.519650655022	4.0	4.0	0.0	1.0	458.0	440.0	0.0	18.0	
85	47	363.6617647058824	1365.6617647058824	7.0	4.0	0.0	4.0	816.0	684.0	0.0	132.0	
85	52	863.5127272727273	1475.5127272727273	4.0	4.0	0.0	1.0	275.0	268.0	0.0	7.0	
85	65	893.5234657039712	1747.4981949458484	4.0	4.0	0.0	2.0	277.0	264.0	0.0	13.0	
85	72	1599.516709511568	1867.516709511568	4.0	4.0	0.0	1.0	389.0	376.0	0.0	13.0	
86	11	1579.522281639929	355.5187165775401	4.0	4.0	0.0	2.0	561.0	536.0	0.0	25.0	
86	38	1681.512367491166	1095.512367491166	4.0	4.0	0.0	1.0	283.0	276.0	0.0	7.0	
86	39	1169.519650655022	1147.519650655022	4.0	4.0	0.0	1.0	458.0	440.0	0.0	18.0	
86	47	363.6617647058824	1365.6617647058824	7.0	4.0	0.0	4.0	816.0	684.0	0.0	132.0	
86	52	863.5127272727273	1475.5127272727273	4.0	4.0	0.0	1.0	275.0	268.0	0.0	7.0	
86	65	893.5234657039712	1747.4981949458484	4.0	4.0	0.0	2.0	277.0	264.0	0.0	13.0	
86	72	1599.516709511568	1867.516709511568	4.0	4.0	0.0	1.0	389.0	376.0	0.0	13.0	
87	43	203.51111111111112	1591.5111111111112	4.0	4.0	0.0	1.0	270.0	264.0	0.0	6.0	
87	45	2282.6617210682493	1658.5771513353116	9.0	4.0	8.0	4.0	674.0	96.0	82.0	496.0	
87	60	1806.710144927536	2026.715579710145	9.0	4.0	7.0	6.0	1104.0	184.0	96.0	824.0	
88	8	1870.7012542759408	276.7012542759407	9.0	4.0	7.0	4.0	877.0	144.0	65.0	668.0	
88	31	919.513725490196	1147.5058823529412	4.0	4.0	0.0	2.0	255.0	248.0	0.0	7.0	
88	37	1244.670303030303	1312.5684848484848	11.0	4.0	10.0	4.0	825.0	116.0	133.0	576.0	
88	38	991.5206286836936	1355.5206286836935	4.0	4.0	0.0	1.0	509.0	488.0	0.0	21.0	
89	6	1194.7082917082917	430.7082917082917	9.0	4.0	7.0	4.0	1001.0	168.0	81.0	752.0	
89	26	2293.512195121951	1085.5121951219512	4.0	4.0	0.0	1.0	287.0	280.0	0.0	7.0	
89	45	1137.506976744186	1617.506976744186	4.0	4.0	0.0	1.0	215.0	212.0	0.0	3.0	
89	49	2213.511111111111	1761.5111111111112	4.0	4.0	0.0	1.0	270.0	264.0	0.0	6.0	
90	6	1194.7082917082917	430.7082917082917	9.0	4.0	7.0	4.0	1001.0	168.0	81.0	752.0	
90	26	2293.512195121951	1085.5121951219512	4.0	4.0	0.0	1.0	287.0	280.0	0.0	7.0	
90	45	1137.506976744186	1617.506976744186	4.0	4.0	0.0	1.0	215.0	212.0	0.0	3.0	
90	49	2213.511111111111	1761.5111111111112	4.0	4.0	0.0	1.0	270.0	264.0	0.0	6.0	
91	13	345.5	265.5	4.0	4.0	0.0	0.0	96.0	96.0	0.0	0.0	
91	14	1797.5204460966545	269.52044609665427	4.0	4.0	0.0	1.0	538.0	516.0	0.0	22.0	
91	23	2164.688888888889	664.6888888888889	9.0	4.0	7.0	4.0	720.0	112.0	48.0	560.0	
91	34	1324.7091273821463	1204.7091273821463	9.0	4.0	7.0	4.0	997.0	168.0	81.0	748.0	
91	36	2217.507575757576	1327.5151515151515	4.0	4.0	0.0	2.0	264.0	256.0	0.0	8.0	
91	40	2207.5213815789475	1439.516447368421	4.0	4.0	2.0	1.0	608.0	576.0	6.0	26.0	
91	43	383.5	1577.4716981132076	4.0	4.0	2.0	0.0	106.0	100.0	6.0	0.0	
91	55	1185.6118143459917	1884.253164556962	12.0	5.0	8.0	4.0	474.0	125.0	144.0	204.0	
91	57	1859.5197255574612	1927.5197255574612	4.0	4.0	0.0	2.0	583.0	556.0	0.0	27.0	
92	7	627.5131578947369	221.51315789473685	4.0	4.0	0.0	1.0	304.0	296.0	0.0	8.0	
92	37	1541.5222672064776	1357.5182186234815	4.0	4.0	0.0	2.0	494.0	472.0	0.0	22.0	
92	45	1059.5108359133128	1663.517027863777	4.0	4.0	0.0	2.0	323.0	312.0	0.0	11.0	
92	49	2207.503267973856	1865.4771241830065	4.0	4.0	2.0	0.0	153.0	144.0	8.0	0.0	
92	51	1533.521815008726	1903.521815008726	4.0	4.0	0.0	1.0	573.0	548.0	0.0	25.0	
93	11	1646.6837837837838	840.6405405405405	11.0	4.0	10.0	4.0	740.0	112.0	80.0	548.0	
93	12	1977.513274336283	871.5044247787611	4.0	4.0	0.0	2.0	226.0	220.0	0.0	6.0	
93	22	979.6589743589744	1167.6589743589743	7.0	4.0	0.0	4.0	780.0	656.0	0.0	124.0	
93	38	619.5222405271828	1525.522240527183	4.0	4.0	0.0	1.0	607.0	580.0	0.0	27.0	
93	40	1353.519011406844	1639.519011406844	4.0	4.0	0.0	1.0	526.0	504.0	0.0	21.0	
93	45	2067.5147928994083	1829.5147928994083	4.0	4.0	0.0	1.0	338.0	328.0	0.0	10.0	
94	11	1646.6837837837838	840.6405405405405	11.0	4.0	10.0	4.0	740.0	112.0	80.0	548.0	
94	12	1977.513274336283	871.5044247787611	4.0	4.0	0.0	2.0	226.0	220.0	0.0	6.0	
94	22	979.6589743589744	1167.6589743589743	7.0	4.0	0.0	4.0	780.0	656.0	0.0	124.0	
94	38	619.5222405271828	1525.522240527183	4.0	4.0	0.0	1.0	607.0	580.0	0.0	27.0	
94	40	1353.519011406844	1639.519011406844	4.0	4.0	0.0	1.0	526.0	504.0	0.0	21.0	
94	45	2067.5147928994083	1829.5147928994083	4.0	4.0	0.0	1.0	338.0	328.0	0.0	10.0	
95	6	27.515981735159816	471.4337899543379	6.0	4.0	4.0	1.0	438.0	388.0	36.0	14.0	
95	16	763.5205479452055	771.5159817351598	4.0	4.0	0.0	2.0	438.0	420.0	0.0	18.0	
95	29	223.6700898587933	1145.661103979461	7.0	5.0	0.0	5.0	779.0	651.0	0.0	128.0	
95	35	1147.5071090047393	1215.4976303317535	4.0	4.0	2.0	1.0	211.0	204.0	4.0	3.0	
95	41	897.5127272727273	1323.5127272727273	4.0	4.0	0.0	1.0	275.0	268.0	0.0	7.0	
95	46	1579.6449704142012	1457.4704142011835	9.0	4.0	4.0	4.0	1352.0	920.0	236.0	196.0	
95	50	67.5	1515.4430379746836	8.0	6.0	8.0	0.0	158.0	42.0	116.0	0.0	
