#	frame	event	cm_x	cm_y	size	size_r	size_g	size_b	sum	sum_r	sum_g	sum_b
2	267	592.0634782608696	1745.2878260869566	22.0	22.0	22.0	22.0	3450.0	1150.0	1150.0	1150.0	
4	112	1472.3182773109245	1055.7111344537816	17.0	17.0	17.0	17.0	2856.0	952.0	952.0	952.0	
4	125	2347.030494216614	1128.415352260778	18.0	18.0	18.0	18.0	2853.0	951.0	951.0	951.0	
5	112	1472.3182773109245	1055.7111344537816	17.0	17.0	17.0	17.0	2856.0	952.0	952.0	952.0	
5	125	2347.030494216614	1128.415352260778	18.0	18.0	18.0	18.0	2853.0	951.0	951.0	951.0	
7	53	1282.0964673913045	711.2201086956521	16.0	16.0	16.0	16.0	2208.0	736.0	736.0	736.0	
12	199	23.110091743119263	1443.9954128440368	9.0	9.0	9.0	9.0	1308.0	436.0	436.0	436.0	
12	262	2213.0190380761524	1636.089178356713	18.0	18.0	18.0	18.0	2994.0	998.0	998.0	998.0	
13	199	23.110091743119263	1443.9954128440368	9.0	9.0	9.0	9.0	1308.0	436.0	436.0	436.0	
13	262	2213.0190380761524	1636.089178356713	18.0	18.0	18.0	18.0	2994.0	998.0	998.0	998.0	
16	31	252.5	549.5	4.0	4.0	4.0	4.0	1368.0	456.0	456.0	456.0	
16	64	1228.512539184953	780.5242946708464	27.0	27.0	27.0	27.0	3828.0	1276.0	1276.0	1276.0	
16	66	913.2576177285318	795.5387811634349	13.0	13.0	13.0	13.0	2166.0	722.0	722.0	722.0	
16	86	1936.7956810631229	903.812292358804	9.0	9.0	9.0	9.0	1806.0	602.0	602.0	602.0	
16	153	2010.0502512562812	1220.817420435511	9.0	9.0	9.0	9.0	1791.0	597.0	597.0	597.0	
17	31	252.5	549.5	4.0	4.0	4.0	4.0	1368.0	456.0	456.0	456.0	
17	64	1228.512539184953	780.5242946708464	27.0	27.0	27.0	27.0	3828.0	1276.0	1276.0	1276.0	
17	66	913.2576177285318	795.5387811634349	13.0	13.0	13.0	13.0	2166.0	722.0	722.0	722.0	
17	86	1936.7956810631229	903.812292358804	9.0	9.0	9.0	9.0	1806.0	602.0	602.0	602.0	
17	153	2010.0502512562812	1220.817420435511	9.0	9.0	9.0	9.0	1791.0	597.0	597.0	597.0	
18	7	1385.8474320241692	292.7084592145015	9.0	9.0	9.0	9.0	1986.0	662.0	662.0	662.0	
18	79	968.896551724138	847.7404718693285	14.0	14.0	14.0	14.0	1653.0	551.0	551.0	551.0	
18	195	1713.0042918454935	1378.6716738197424	8.0	8.0	8.0	8.0	1398.0	466.0	466.0	466.0	
18	237	1952.8184764991895	1521.6596434359806	21.0	21.0	21.0	21.0	3702.0	1234.0	1234.0	1234.0	
20	113	992.501043841336	1102.0208768267223	6.0	6.0	6.0	6.0	1437.0	479.0	479.0	479.0	
21	113	992.501043841336	1102.0208768267223	6.0	6.0	6.0	6.0	1437.0	479.0	479.0	479.0	
23	227	724.2533783783783	1521.2111486486488	9.0	9.0	9.0	9.0	1776.0	592.0	592.0	592.0	
24	269	1975.207513416816	1594.298747763864	12.0	12.0	12.0	12.0	1677.0	559.0	559.0	559.0	
25	269	1975.207513416816	1594.298747763864	12.0	12.0	12.0	12.0	1677.0	559.0	559.0	559.0	
26	2	870.6387337057728	30.94040968342644	8.0	8.0	8.0	8.0	1611.0	537.0	537.0	537.0	
26	112	394.6350877192983	1063.3140350877193	9.0	9.0	9.0	9.0	1710.0	570.0	570.0	570.0	
31	12	127.34789391575664	282.0452418096724	11.0	11.0	11.0	11.0	1923.0	641.0	641.0	641.0	
38	124	2010.8070374574347	1198.643586833144	14.0	14.0	14.0	14.0	2643.0	881.0	881.0	881.0	
40	5	2174.7522935779816	193.5	6.0	6.0	6.0	6.0	1308.0	436.0	436.0	436.0	
41	5	2174.7522935779816	193.5	6.0	6.0	6.0	6.0	1308.0	436.0	436.0	436.0	
42	30	395.76102088167056	467.9280742459397	9.0	9.0	9.0	9.0	1293.0	431.0	431.0	431.0	
42	136	1575.362215909091	1134.315340909091	11.0	11.0	11.0	11.0	2112.0	704.0	704.0	704.0	
48	12	1446.5684210526315	169.2409356725146	17.0	17.0	17.0	17.0	2565.0	855.0	855.0	855.0	
48	83	697.8613138686131	798.8189781021898	17.0	17.0	17.0	17.0	2055.0	685.0	685.0	685.0	
49	12	1446.5684210526315	169.2409356725146	17.0	17.0	17.0	17.0	2565.0	855.0	855.0	855.0	
49	83	697.8613138686131	798.8189781021898	17.0	17.0	17.0	17.0	2055.0	685.0	685.0	685.0	
51	405	626.4693446088795	2050.095137420719	10.0	10.0	10.0	10.0	1419.0	473.0	473.0	473.0	
52	170	1872.3131672597865	1355.3238434163702	15.0	15.0	15.0	15.0	1686.0	562.0	562.0	562.0	
53	170	1872.3131672597865	1355.3238434163702	15.0	15.0	15.0	15.0	1686.0	562.0	562.0	562.0	
56	147	1350.804780876494	1281.2011952191235	10.0	10.0	10.0	10.0	1506.0	502.0	502.0	502.0	
57	147	1350.804780876494	1281.2011952191235	10.0	10.0	10.0	10.0	1506.0	502.0	502.0	502.0	
62	59	404.513468013468	612.8653198653199	14.0	14.0	14.0	14.0	1782.0	594.0	594.0	594.0	
62	159	2320.27570093458	1210.1004672897195	29.0	29.0	29.0	29.0	2568.0	856.0	856.0	856.0	
70	5	1876.8336633663369	93.67326732673268	12.0	12.0	12.0	12.0	1515.0	505.0	505.0	505.0	
70	63	2399.073886639676	785.9595141700405	20.0	20.0	20.0	20.0	2964.0	988.0	988.0	988.0	
71	333	108.1108108108108	1852.141891891892	16.0	16.0	16.0	16.0	2220.0	740.0	740.0	740.0	
72	315	1126.5905511811025	1779.9228346456694	9.0	9.0	9.0	9.0	1905.0	635.0	635.0	635.0	
73	315	1126.5905511811025	1779.9228346456694	9.0	9.0	9.0	9.0	1905.0	635.0	635.0	635.0	
76	210	932.5	1465.1168224299065	6.0	6.0	6.0	6.0	1284.0	428.0	428.0	428.0	
77	210	932.5	1465.1168224299065	6.0	6.0	6.0	6.0	1284.0	428.0	428.0	428.0	
86	73	2029.5	842.6754385964912	6.0	6.0	6.0	6.0	1368.0	456.0	456.0	456.0	
87	18	61.0802752293578	450.6766055045872	9.0	9.0	9.0	9.0	1308.0	436.0	436.0	436.0	
88	220	2109.154069767442	1451.3611918604652	25.0	25.0	25.0	25.0	4128.0	1376.0	1376.0	1376.0	
88	259	2031.1108829568789	1639.0338809034909	18.0	18.0	18.0	18.0	2922.0	974.0	974.0	974.0	
89	220	2109.154069767442	1451.3611918604652	25.0	25.0	25.0	25.0	4128.0	1376.0	1376.0	1376.0	
89	259	2031.1108829568789	1639.0338809034909	18.0	18.0	18.0	18.0	2922.0	974.0	974.0	974.0	
92	46	307.9723991507431	685.9745222929936	27.0	27.0	27.0	27.0	2826.0	942.0	942.0	942.0	
93	46	307.9723991507431	685.9745222929936	27.0	27.0	27.0	27.0	2826.0	942.0	942.0	942.0	
