Brightness	Occurrences
0.0	458
12.0	271
4.0	266
13.0	266
5.0	254
8.0	250
6.0	247
11.0	229
14.0	221
7.0	205
30.0	195
26.0	195
23.0	194
9.0	193
19.0	184
21.0	180
20.0	177
15.0	175
16.0	175
17.0	172
18.0	168
25.0	166
40.0	163
43.0	161
34.0	159
22.0	153
29.0	152
24.0	151
31.0	145
27.0	145
36.0	144
92.0	142
54.0	141
42.0	141
28.0	137
33.0	137
32.0	136
49.0	136
91.0	135
125.0	135
47.0	133
39.0	133
74.0	132
10.0	132
45.0	131
37.0	129
35.0	128
41.0	128
48.0	126
56.0	125
89.0	124
50.0	121
83.0	120
59.0	119
57.0	118
53.0	117
77.0	116
60.0	116
140.0	116
67.0	114
66.0	114
46.0	112
99.0	112
69.0	111
87.0	111
84.0	110
38.0	110
65.0	110
79.0	110
71.0	109
68.0	108
188.0	107
138.0	107
86.0	107
176.0	107
72.0	107
141.0	106
113.0	106
233.0	106
63.0	105
88.0	105
82.0	104
174.0	104
104.0	104
121.0	104
118.0	104
97.0	104
137.0	103
110.0	102
126.0	102
70.0	102
44.0	101
78.0	101
135.0	101
115.0	101
85.0	100
52.0	100
112.0	99
130.0	99
62.0	99
151.0	97
178.0	97
280.0	96
148.0	96
80.0	96
76.0	95
236.0	95
81.0	95
251.0	95
64.0	95
55.0	95
120.0	94
106.0	94
100.0	93
111.0	93
96.0	93
210.0	93
169.0	93
61.0	92
164.0	92
166.0	92
238.0	92
155.0	92
122.0	91
163.0	91
253.0	91
271.0	90
215.0	90
143.0	90
192.0	90
221.0	90
51.0	89
129.0	89
468.0	89
157.0	89
94.0	89
103.0	88
93.0	88
189.0	88
131.0	88
75.0	88
145.0	88
108.0	88
107.0	87
187.0	87
243.0	87
119.0	87
289.0	87
295.0	87
220.0	87
175.0	86
203.0	86
212.0	86
139.0	86
171.0	86
173.0	86
286.0	85
109.0	85
202.0	85
156.0	85
209.0	85
207.0	85
123.0	84
181.0	84
134.0	84
204.0	83
195.0	83
185.0	83
194.0	83
296.0	82
217.0	82
150.0	82
127.0	82
343.0	82
292.0	82
375.0	82
250.0	82
279.0	81
159.0	81
223.0	81
73.0	81
248.0	81
102.0	81
281.0	80
98.0	80
264.0	80
273.0	80
246.0	80
95.0	79
128.0	79
142.0	79
167.0	79
310.0	78
132.0	78
191.0	78
244.0	78
190.0	78
197.0	78
144.0	78
354.0	78
201.0	78
247.0	78
275.0	77
263.0	77
259.0	77
116.0	77
252.0	77
288.0	77
158.0	77
152.0	77
222.0	77
196.0	76
58.0	76
269.0	76
377.0	76
170.0	75
316.0	75
213.0	75
300.0	75
452.0	75
3.0	75
237.0	75
255.0	74
133.0	74
378.0	74
515.0	74
260.0	74
198.0	74
2.0	74
165.0	74
290.0	73
313.0	73
291.0	73
436.0	73
136.0	73
117.0	73
309.0	73
179.0	72
180.0	72
211.0	72
177.0	72
234.0	72
124.0	72
186.0	72
153.0	71
101.0	71
352.0	71
231.0	71
321.0	71
154.0	71
261.0	71
184.0	70
225.0	70
350.0	70
249.0	70
293.0	70
230.0	70
114.0	69
147.0	69
409.0	69
303.0	69
219.0	69
306.0	69
182.0	68
458.0	68
304.0	68
402.0	68
417.0	68
208.0	68
262.0	68
363.0	68
370.0	68
344.0	68
339.0	68
381.0	67
372.0	67
320.0	67
172.0	67
205.0	67
224.0	67
214.0	66
326.0	66
453.0	66
444.0	66
368.0	66
168.0	66
245.0	66
270.0	66
105.0	66
266.0	66
149.0	66
241.0	66
392.0	66
285.0	66
369.0	66
626.0	66
315.0	66
322.0	65
218.0	65
199.0	65
146.0	65
200.0	65
497.0	65
254.0	65
413.0	65
183.0	64
342.0	64
348.0	64
439.0	64
345.0	64
351.0	64
267.0	64
543.0	64
643.0	64
311.0	64
283.0	64
258.0	64
460.0	63
625.0	63
585.0	63
314.0	63
216.0	63
477.0	62
335.0	62
160.0	62
390.0	62
90.0	62
193.0	62
318.0	62
475.0	61
451.0	61
353.0	61
257.0	61
425.0	61
298.0	61
408.0	61
305.0	61
242.0	61
487.0	61
162.0	61
332.0	60
522.0	60
407.0	60
161.0	60
606.0	60
319.0	60
232.0	60
362.0	60
513.0	60
330.0	59
404.0	59
428.0	59
380.0	59
394.0	59
265.0	59
478.0	59
294.0	59
366.0	59
474.0	59
227.0	59
256.0	58
359.0	58
228.0	58
338.0	58
235.0	58
536.0	58
308.0	58
480.0	58
498.0	58
614.0	57
229.0	57
324.0	57
414.0	57
406.0	57
621.0	56
709.0	56
317.0	56
443.0	56
615.0	56
416.0	56
517.0	56
433.0	55
410.0	55
274.0	55
312.0	55
491.0	55
463.0	55
376.0	55
399.0	55
355.0	55
557.0	55
284.0	55
421.0	55
328.0	55
419.0	55
405.0	55
336.0	55
558.0	55
301.0	55
357.0	55
560.0	55
329.0	55
481.0	55
239.0	54
411.0	54
282.0	54
507.0	54
278.0	54
403.0	54
442.0	54
276.0	54
447.0	54
532.0	54
603.0	54
277.0	54
240.0	53
540.0	53
500.0	53
268.0	53
530.0	53
272.0	53
486.0	53
401.0	53
206.0	53
525.0	53
398.0	53
334.0	52
347.0	52
459.0	52
287.0	52
307.0	52
494.0	52
400.0	52
465.0	51
340.0	51
627.0	51
570.0	51
666.0	51
488.0	51
427.0	51
579.0	51
397.0	51
437.0	51
389.0	51
492.0	51
455.0	51
657.0	51
539.0	50
297.0	50
664.0	50
538.0	50
388.0	50
613.0	50
527.0	50
456.0	50
464.0	50
302.0	50
562.0	50
367.0	49
519.0	49
299.0	49
435.0	49
337.0	49
360.0	49
446.0	49
511.0	49
596.0	49
469.0	49
393.0	48
423.0	48
563.0	48
729.0	48
703.0	48
471.0	48
509.0	48
495.0	48
445.0	48
449.0	48
675.0	47
430.0	47
508.0	47
412.0	47
514.0	47
349.0	47
576.0	46
361.0	46
554.0	46
327.0	46
587.0	46
751.0	46
438.0	46
700.0	46
608.0	46
533.0	46
384.0	46
578.0	46
333.0	45
391.0	45
422.0	45
356.0	45
505.0	45
668.0	45
418.0	45
365.0	45
831.0	45
670.0	45
638.0	45
556.0	45
386.0	45
506.0	45
341.0	45
549.0	45
624.0	45
583.0	45
440.0	45
635.0	44
501.0	44
379.0	44
524.0	44
374.0	44
605.0	44
851.0	44
571.0	44
544.0	43
371.0	43
521.0	43
548.0	43
617.0	43
482.0	43
566.0	43
696.0	43
584.0	43
652.0	43
935.0	43
567.0	42
387.0	42
510.0	42
575.0	42
385.0	42
796.0	42
618.0	42
550.0	42
793.0	42
429.0	42
644.0	42
672.0	42
383.0	42
713.0	42
325.0	41
715.0	41
226.0	41
714.0	41
542.0	41
779.0	41
424.0	41
415.0	41
598.0	41
555.0	41
645.0	40
516.0	40
589.0	40
757.0	40
528.0	40
588.0	40
577.0	40
529.0	40
441.0	40
676.0	40
531.0	40
594.0	40
630.0	40
791.0	39
683.0	39
382.0	39
640.0	39
490.0	39
634.0	39
735.0	39
503.0	39
766.0	39
691.0	39
431.0	39
479.0	39
526.0	39
602.0	39
591.0	39
454.0	39
569.0	38
552.0	38
472.0	38
568.0	38
711.0	38
650.0	38
504.0	38
547.0	38
551.0	38
331.0	38
512.0	38
467.0	38
592.0	38
760.0	38
628.0	38
580.0	38
572.0	38
323.0	38
537.0	38
364.0	38
681.0	38
541.0	37
473.0	37
619.0	37
762.0	37
489.0	37
636.0	37
432.0	37
559.0	37
346.0	37
595.0	37
688.0	37
800.0	37
373.0	37
534.0	37
734.0	37
466.0	37
599.0	37
535.0	36
637.0	36
686.0	36
420.0	36
518.0	36
942.0	36
496.0	36
604.0	36
545.0	36
564.0	36
653.0	36
733.0	36
610.0	36
673.0	36
718.0	36
450.0	36
574.0	35
698.0	35
546.0	35
612.0	35
887.0	35
485.0	35
461.0	35
776.0	35
639.0	35
740.0	34
659.0	34
744.0	34
702.0	34
945.0	34
808.0	34
457.0	34
470.0	34
694.0	34
689.0	34
832.0	34
799.0	34
771.0	34
654.0	34
629.0	34
611.0	34
623.0	34
632.0	34
834.0	34
833.0	33
821.0	33
620.0	33
749.0	33
553.0	33
792.0	33
483.0	33
651.0	33
699.0	33
476.0	33
680.0	33
648.0	33
712.0	33
597.0	33
775.0	33
561.0	33
358.0	33
565.0	33
434.0	33
860.0	32
655.0	32
662.0	32
842.0	32
609.0	32
582.0	32
395.0	32
426.0	32
784.0	32
523.0	32
885.0	32
828.0	32
593.0	32
590.0	32
484.0	32
601.0	32
746.0	32
941.0	32
820.0	32
847.0	32
785.0	32
448.0	32
586.0	32
705.0	32
719.0	31
600.0	31
816.0	31
706.0	31
795.0	31
770.0	31
462.0	31
1034.0	31
824.0	31
396.0	30
844.0	30
499.0	30
656.0	30
622.0	30
631.0	30
684.0	30
769.0	30
633.0	30
765.0	30
764.0	30
502.0	30
1090.0	30
660.0	30
815.0	30
573.0	30
812.0	29
867.0	29
865.0	29
695.0	29
581.0	29
747.0	29
677.0	29
841.0	29
926.0	29
773.0	29
772.0	29
953.0	29
973.0	29
756.0	29
949.0	29
758.0	29
797.0	29
742.0	29
878.0	29
721.0	29
722.0	29
1113.0	29
663.0	28
940.0	28
658.0	28
743.0	28
872.0	28
768.0	28
739.0	28
778.0	28
674.0	28
723.0	28
911.0	28
641.0	28
789.0	28
919.0	27
704.0	27
763.0	27
925.0	27
701.0	27
883.0	27
724.0	27
616.0	27
737.0	27
728.0	27
788.0	27
944.0	27
890.0	27
826.0	27
649.0	27
814.0	26
817.0	26
850.0	26
685.0	26
874.0	26
870.0	26
690.0	26
846.0	26
902.0	26
647.0	26
958.0	26
869.0	26
862.0	26
726.0	26
893.0	26
861.0	26
759.0	26
642.0	26
825.0	25
971.0	25
1074.0	25
678.0	25
710.0	25
881.0	25
774.0	25
873.0	25
738.0	25
965.0	25
848.0	25
787.0	25
720.0	25
667.0	25
761.0	25
910.0	25
807.0	25
679.0	25
836.0	25
955.0	25
707.0	24
875.0	24
682.0	24
889.0	24
908.0	24
967.0	24
819.0	24
1013.0	24
803.0	24
786.0	24
493.0	24
687.0	24
777.0	24
781.0	24
1120.0	24
708.0	24
754.0	23
732.0	23
888.0	23
811.0	23
750.0	23
932.0	23
692.0	23
858.0	23
969.0	23
1061.0	23
891.0	23
915.0	23
661.0	23
912.0	23
809.0	23
961.0	23
1058.0	22
845.0	22
822.0	22
665.0	22
725.0	22
970.0	22
868.0	22
727.0	22
669.0	22
1135.0	22
1101.0	21
838.0	21
957.0	21
1095.0	21
753.0	21
745.0	21
1117.0	21
1012.0	20
849.0	20
916.0	20
894.0	20
1081.0	20
1182.0	20
1018.0	20
607.0	20
939.0	20
966.0	20
884.0	20
984.0	20
794.0	20
730.0	20
906.0	20
1066.0	20
1010.0	20
959.0	20
864.0	20
813.0	20
1093.0	19
951.0	19
1142.0	19
882.0	19
843.0	19
998.0	19
1000.0	19
938.0	19
804.0	19
716.0	19
755.0	19
972.0	19
829.0	19
1233.0	19
801.0	19
963.0	19
693.0	19
954.0	19
1213.0	19
818.0	19
901.0	19
1021.0	19
1085.0	19
903.0	18
982.0	18
909.0	18
895.0	18
1006.0	18
937.0	18
802.0	18
1162.0	18
986.0	18
863.0	18
1053.0	18
646.0	18
995.0	18
752.0	18
943.0	18
899.0	18
1174.0	18
810.0	18
1223.0	17
859.0	17
1096.0	17
962.0	17
1094.0	17
806.0	17
1030.0	17
896.0	17
992.0	17
854.0	17
900.0	17
748.0	17
913.0	17
1176.0	17
830.0	16
731.0	16
1047.0	16
927.0	16
1022.0	16
989.0	16
1032.0	16
857.0	16
1129.0	16
914.0	16
671.0	16
783.0	16
936.0	16
886.0	16
1191.0	16
928.0	16
1024.0	16
1168.0	16
1057.0	16
782.0	16
976.0	16
1002.0	16
520.0	16
1084.0	16
1044.0	16
1292.0	16
798.0	16
974.0	16
866.0	16
805.0	16
1036.0	15
1254.0	15
904.0	15
1151.0	15
934.0	15
964.0	15
1004.0	15
780.0	15
999.0	15
1230.0	15
1027.0	15
929.0	15
837.0	15
1240.0	15
990.0	15
917.0	15
1043.0	15
920.0	15
1080.0	15
1020.0	15
1008.0	15
1040.0	15
1180.0	15
948.0	15
1374.0	15
1327.0	14
1346.0	14
1237.0	14
1011.0	14
921.0	14
1171.0	14
952.0	14
1064.0	14
856.0	14
1079.0	14
839.0	14
1196.0	14
930.0	14
1264.0	14
1154.0	14
871.0	14
1307.0	14
996.0	14
827.0	14
823.0	14
922.0	14
876.0	14
1128.0	14
1055.0	14
1049.0	14
924.0	14
1243.0	14
741.0	13
879.0	13
1232.0	13
1028.0	13
1109.0	13
1145.0	13
983.0	13
956.0	13
1063.0	13
1108.0	13
981.0	13
918.0	13
1126.0	13
1132.0	13
736.0	13
1318.0	13
923.0	13
979.0	13
697.0	13
997.0	13
1083.0	13
1202.0	13
790.0	13
1041.0	13
1068.0	13
1067.0	13
1393.0	13
852.0	13
1315.0	13
1329.0	12
840.0	12
975.0	12
1204.0	12
1119.0	12
1460.0	12
767.0	12
1007.0	12
1139.0	12
1314.0	12
1071.0	12
947.0	12
1121.0	12
1231.0	12
1111.0	12
898.0	12
1038.0	12
1110.0	12
1026.0	12
1164.0	12
1048.0	12
1130.0	12
1098.0	12
977.0	12
1019.0	12
1210.0	12
1091.0	12
1097.0	12
1358.0	11
1102.0	11
931.0	11
987.0	11
1029.0	11
1062.0	11
1463.0	11
905.0	11
1360.0	11
1253.0	11
1207.0	11
1065.0	11
1050.0	11
1017.0	11
1075.0	11
1072.0	11
717.0	11
1175.0	11
1190.0	11
988.0	11
1031.0	11
950.0	11
1262.0	11
1060.0	11
1105.0	11
1166.0	11
1523.0	11
1248.0	11
1200.0	11
1169.0	11
1613.0	11
1338.0	11
1352.0	11
993.0	11
1304.0	11
1245.0	10
1070.0	10
1215.0	10
853.0	10
1459.0	10
1294.0	10
1208.0	10
1457.0	10
1550.0	10
1390.0	10
1054.0	10
1016.0	10
960.0	10
1353.0	10
1481.0	10
1086.0	10
1005.0	10
1077.0	10
1279.0	10
1172.0	10
994.0	10
1192.0	10
1106.0	10
1421.0	10
897.0	10
855.0	10
1449.0	10
980.0	10
880.0	10
1042.0	10
1212.0	10
1003.0	10
1268.0	9
1181.0	9
1146.0	9
1500.0	9
1252.0	9
1239.0	9
1375.0	9
907.0	9
1159.0	9
1103.0	9
1467.0	9
1686.0	9
1140.0	9
1153.0	9
1316.0	9
1524.0	9
1163.0	9
1331.0	9
1273.0	9
892.0	9
1178.0	9
1123.0	9
1051.0	9
1229.0	9
1148.0	9
1396.0	9
946.0	9
1458.0	9
1198.0	9
1082.0	9
1364.0	9
1133.0	9
1161.0	9
1092.0	9
1150.0	9
835.0	9
1228.0	9
985.0	9
1366.0	8
1259.0	8
1337.0	8
1155.0	8
1274.0	8
1183.0	8
1184.0	8
991.0	8
1547.0	8
1025.0	8
1395.0	8
1480.0	8
1088.0	8
1069.0	8
1335.0	8
1219.0	8
1543.0	8
1173.0	8
1308.0	8
1216.0	8
1157.0	8
1144.0	8
1224.0	8
1317.0	8
1306.0	8
1112.0	8
1650.0	8
1510.0	8
1632.0	8
1114.0	8
1165.0	8
1147.0	8
1297.0	8
1122.0	8
1199.0	8
1035.0	8
1242.0	8
877.0	8
1565.0	7
1468.0	7
1015.0	7
1710.0	7
1487.0	7
1235.0	7
1598.0	7
933.0	7
1295.0	7
1655.0	7
1158.0	7
1370.0	7
1372.0	7
1118.0	7
1322.0	7
1365.0	7
1250.0	7
1001.0	7
1559.0	7
1343.0	7
1136.0	7
1263.0	7
1348.0	7
1266.0	7
1238.0	7
1209.0	7
1640.0	7
1464.0	7
1099.0	7
1124.0	7
1593.0	7
1368.0	7
1076.0	7
1586.0	7
1501.0	7
1412.0	7
1592.0	7
1272.0	7
1258.0	7
1382.0	7
1451.0	7
1160.0	6
1100.0	6
1167.0	6
1359.0	6
1332.0	6
1221.0	6
1658.0	6
1636.0	6
1138.0	6
1410.0	6
1428.0	6
1287.0	6
968.0	6
1222.0	6
1418.0	6
1783.0	6
1260.0	6
1059.0	6
1045.0	6
1638.0	6
1485.0	6
1321.0	6
1865.0	6
1107.0	6
1134.0	6
1474.0	6
1403.0	6
1177.0	6
1302.0	6
1280.0	6
1430.0	6
1445.0	6
1225.0	6
1039.0	6
2042.0	6
1441.0	6
1211.0	6
1508.0	6
1056.0	6
1553.0	6
1293.0	6
1115.0	6
1265.0	6
1247.0	6
1324.0	6
1411.0	6
1416.0	6
1330.0	6
1579.0	6
1422.0	6
1336.0	6
1206.0	6
1615.0	6
1442.0	6
1384.0	6
1234.0	6
1682.0	6
1408.0	6
1236.0	6
1052.0	6
1795.0	6
1187.0	6
1623.0	6
1046.0	6
1447.0	5
1116.0	5
1670.0	5
1470.0	5
1877.0	5
1781.0	5
1488.0	5
1313.0	5
1506.0	5
978.0	5
1801.0	5
1326.0	5
1361.0	5
1498.0	5
1755.0	5
1283.0	5
1721.0	5
2048.0	5
1218.0	5
1127.0	5
2045.0	5
1588.0	5
1618.0	5
1527.0	5
1679.0	5
1937.0	5
1454.0	5
1539.0	5
1562.0	5
1675.0	5
1194.0	5
1131.0	5
1493.0	5
1732.0	5
1310.0	5
2188.0	5
1341.0	5
1516.0	5
1288.0	5
1389.0	5
1664.0	5
1667.0	5
1443.0	5
1296.0	5
1413.0	5
1407.0	5
1073.0	5
1301.0	5
1473.0	5
1089.0	5
1156.0	5
1546.0	5
1568.0	5
1323.0	5
1143.0	5
1486.0	5
1385.0	5
1891.0	5
1713.0	5
1277.0	5
1594.0	5
1437.0	5
1653.0	5
1642.0	5
1567.0	5
1674.0	5
1535.0	5
1541.0	5
1471.0	5
1537.0	5
2039.0	5
1965.0	5
1761.0	5
1805.0	5
1377.0	5
2413.0	5
1249.0	5
1354.0	5
1745.0	5
1241.0	4
1563.0	4
1668.0	4
1826.0	4
1532.0	4
1369.0	4
1347.0	4
2136.0	4
1962.0	4
1994.0	4
1494.0	4
1357.0	4
1333.0	4
1276.0	4
1270.0	4
1466.0	4
1312.0	4
2066.0	4
2564.0	4
1631.0	4
1334.0	4
1214.0	4
1628.0	4
1282.0	4
1299.0	4
1676.0	4
2460.0	4
1383.0	4
1400.0	4
1349.0	4
1344.0	4
1461.0	4
2080.0	4
1829.0	4
1657.0	4
1227.0	4
1529.0	4
1768.0	4
1152.0	4
1791.0	4
1205.0	4
1612.0	4
1409.0	4
1678.0	4
1531.0	4
1803.0	4
1141.0	4
1734.0	4
1759.0	4
1104.0	4
1698.0	4
1319.0	4
1582.0	4
1267.0	4
1528.0	4
1800.0	4
1188.0	4
1908.0	4
1261.0	4
1284.0	4
1677.0	4
1251.0	4
1303.0	4
1339.0	4
1351.0	4
1538.0	4
1356.0	4
1424.0	4
1217.0	4
1023.0	4
1269.0	4
1725.0	4
1320.0	4
2232.0	4
1426.0	4
1766.0	4
1581.0	4
1078.0	4
1300.0	4
1813.0	4
1927.0	4
1719.0	4
1654.0	4
1534.0	4
1438.0	4
1439.0	4
1583.0	4
1626.0	4
1610.0	4
1404.0	4
1511.0	4
1923.0	4
1699.0	3
1726.0	3
1823.0	3
2190.0	3
1928.0	3
1587.0	3
1548.0	3
1596.0	3
1712.0	3
1452.0	3
1784.0	3
1431.0	3
2920.0	3
1851.0	3
2015.0	3
1509.0	3
1694.0	3
2356.0	3
1226.0	3
1285.0	3
1852.0	3
1271.0	3
2202.0	3
2305.0	3
2362.0	3
1779.0	3
1185.0	3
1797.0	3
1984.0	3
2300.0	3
1505.0	3
1244.0	3
1376.0	3
1186.0	3
1220.0	3
1414.0	3
1899.0	3
1392.0	3
1387.0	3
1406.0	3
2689.0	3
1614.0	3
1602.0	3
1380.0	3
1371.0	3
2186.0	3
1855.0	3
1814.0	3
1665.0	3
1427.0	3
2798.0	3
2309.0	3
1440.0	3
2906.0	3
1415.0	3
1434.0	3
2113.0	3
2515.0	3
1974.0	3
1325.0	3
1754.0	3
1552.0	3
1634.0	3
2132.0	3
2021.0	3
1311.0	3
1959.0	3
1386.0	3
2597.0	3
1298.0	3
1760.0	3
2124.0	3
1137.0	3
2029.0	3
1905.0	3
2534.0	3
1497.0	3
2284.0	3
1555.0	3
1367.0	3
1609.0	3
1469.0	2
1566.0	2
3132.0	2
1714.0	2
1483.0	2
1620.0	2
1957.0	2
1902.0	2
1512.0	2
1551.0	2
1580.0	2
2229.0	2
1769.0	2
1862.0	2
1195.0	2
1834.0	2
2207.0	2
1875.0	2
1590.0	2
3242.0	2
2854.0	2
1772.0	2
1448.0	2
1425.0	2
1738.0	2
1627.0	2
1087.0	2
2036.0	2
2120.0	2
2129.0	2
2016.0	2
1394.0	2
3081.0	2
1876.0	2
1696.0	2
2330.0	2
1997.0	2
1203.0	2
1693.0	2
1690.0	2
1536.0	2
1417.0	2
2319.0	2
1799.0	2
1572.0	2
2426.0	2
1585.0	2
1735.0	2
2133.0	2
1971.0	2
1475.0	2
1741.0	2
1681.0	2
1948.0	2
1492.0	2
1257.0	2
1477.0	2
2226.0	2
1701.0	2
1646.0	2
2440.0	2
2102.0	2
1621.0	2
1405.0	2
1645.0	2
1149.0	2
1589.0	2
2642.0	2
1832.0	2
1402.0	2
2422.0	2
1644.0	2
2049.0	2
1362.0	2
2168.0	2
1858.0	2
1622.0	2
2262.0	2
3274.0	2
1715.0	2
1793.0	2
2532.0	2
1569.0	2
1853.0	2
1816.0	2
1856.0	2
1189.0	2
1496.0	2
1920.0	2
2157.0	2
1419.0	2
2367.0	2
2014.0	2
1990.0	2
2236.0	2
1733.0	2
1605.0	2
1495.0	2
1526.0	2
1822.0	2
1671.0	2
1170.0	2
1806.0	2
2552.0	2
2375.0	2
1278.0	2
1639.0	2
1255.0	2
2778.0	2
1777.0	2
1752.0	2
1817.0	2
2140.0	2
2619.0	2
1718.0	2
1544.0	2
1456.0	2
2126.0	2
2250.0	2
1945.0	2
1455.0	2
1345.0	2
1731.0	2
2025.0	2
2661.0	2
2275.0	2
1290.0	2
1502.0	2
1987.0	2
2517.0	2
1399.0	2
2005.0	2
1291.0	2
1980.0	2
4450.0	2
1787.0	2
1970.0	2
1476.0	2
2829.0	2
1429.0	2
2392.0	2
1373.0	2
1868.0	2
1420.0	2
1972.0	2
1637.0	2
1764.0	2
1355.0	2
1530.0	2
2017.0	2
1757.0	2
1854.0	2
1462.0	2
2038.0	2
1697.0	2
1446.0	2
1840.0	2
1747.0	2
1554.0	2
2224.0	2
1790.0	2
2046.0	2
1723.0	2
2385.0	2
1624.0	2
1821.0	2
2947.0	2
2093.0	2
2611.0	2
1342.0	2
1289.0	2
1743.0	2
2059.0	2
2200.0	2
1381.0	2
1938.0	2
1669.0	2
1340.0	2
2203.0	2
1401.0	2
1608.0	2
1281.0	2
1472.0	2
1571.0	2
1886.0	2
1125.0	2
3609.0	2
1037.0	2
1378.0	2
2290.0	2
1379.0	2
2730.0	2
1939.0	2
2035.0	2
1033.0	2
1503.0	2
1966.0	2
1702.0	2
1683.0	2
2690.0	2
1584.0	2
2081.0	2
2254.0	2
1197.0	2
1519.0	2
1776.0	2
2327.0	2
1882.0	2
1607.0	2
1009.0	2
1363.0	2
1825.0	2
1651.0	2
2076.0	2
1767.0	2
1577.0	2
1489.0	2
2003.0	2
1786.0	2
1490.0	2
1845.0	2
1450.0	2
1950.0	2
1309.0	2
1619.0	2
2348.0	2
1827.0	2
1986.0	2
2246.0	2
1533.0	2
1388.0	2
2193.0	2
1869.0	2
2023.0	2
1256.0	2
1930.0	2
1660.0	2
2010.0	2
1444.0	2
2024.0	2
2748.0	2
1662.0	2
1014.0	2
1903.0	2
1691.0	2
1246.0	2
