Value	Count
12.0	27
13.0	24
42.0	21
27.0	20
51.0	19
33.0	19
15.0	19
56.0	18
8.0	17
32.0	17
36.0	17
16.0	16
69.0	16
18.0	16
17.0	15
38.0	15
105.0	14
45.0	14
213.0	14
44.0	13
48.0	13
120.0	13
31.0	13
313.0	13
14.0	13
21.0	13
37.0	13
204.0	12
953.0	12
26.0	12
293.0	12
119.0	12
742.0	12
64.0	12
53.0	12
106.0	12
89.0	12
58.0	12
7.0	12
1545.0	11
1033.0	11
86.0	11
485.0	11
10.0	11
748.0	11
9.0	11
1103.0	11
619.0	11
979.0	11
114.0	11
220.0	11
317.0	11
47.0	11
547.0	11
1559.0	10
958.0	10
197.0	10
957.0	10
860.0	10
325.0	10
50.0	10
29.0	10
1059.0	10
85.0	10
122.0	10
138.0	10
75.0	10
196.0	10
61.0	10
513.0	10
1192.0	9
158.0	9
227.0	9
99.0	9
1316.0	9
1750.0	9
77.0	9
54.0	9
430.0	9
182.0	9
1174.0	9
183.0	9
30.0	9
20.0	9
65.0	9
40.0	9
705.0	9
46.0	9
894.0	9
171.0	9
796.0	9
1201.0	9
83.0	9
49.0	9
266.0	9
506.0	9
505.0	9
427.0	9
1107.0	8
1542.0	8
1110.0	8
41.0	8
326.0	8
223.0	8
175.0	8
823.0	8
1028.0	8
74.0	8
190.0	8
96.0	8
327.0	8
993.0	8
292.0	8
70.0	8
73.0	8
283.0	8
103.0	8
22.0	8
251.0	8
318.0	8
1618.0	8
1195.0	8
552.0	8
674.0	8
997.0	8
493.0	8
332.0	8
446.0	8
1034.0	8
139.0	8
270.0	8
1720.0	8
166.0	8
942.0	8
1007.0	8
94.0	8
164.0	8
78.0	8
201.0	8
965.0	8
35.0	8
711.0	8
1049.0	7
671.0	7
1375.0	7
90.0	7
909.0	7
1478.0	7
466.0	7
1124.0	7
178.0	7
2146.0	7
777.0	7
730.0	7
939.0	7
79.0	7
985.0	7
399.0	7
378.0	7
1222.0	7
613.0	7
1377.0	7
303.0	7
376.0	7
488.0	7
290.0	7
57.0	7
408.0	7
1805.0	7
68.0	7
970.0	7
1851.0	7
797.0	7
113.0	7
496.0	7
66.0	7
523.0	7
394.0	7
2041.0	7
107.0	7
1006.0	7
778.0	7
1017.0	7
417.0	7
52.0	7
97.0	7
590.0	7
181.0	7
704.0	7
1001.0	7
901.0	7
141.0	7
990.0	7
1315.0	7
1582.0	7
1269.0	7
842.0	7
224.0	7
25.0	7
1394.0	7
848.0	7
1699.0	7
832.0	7
586.0	7
72.0	7
63.0	7
1078.0	7
387.0	7
1895.0	7
790.0	7
805.0	7
349.0	7
1390.0	6
1786.0	6
879.0	6
216.0	6
289.0	6
1772.0	6
1880.0	6
379.0	6
449.0	6
60.0	6
916.0	6
388.0	6
1105.0	6
908.0	6
779.0	6
952.0	6
785.0	6
838.0	6
960.0	6
1650.0	6
1310.0	6
641.0	6
733.0	6
617.0	6
528.0	6
1071.0	6
1935.0	6
634.0	6
511.0	6
1573.0	6
1098.0	6
159.0	6
91.0	6
442.0	6
1030.0	6
24.0	6
116.0	6
809.0	6
1554.0	6
1520.0	6
382.0	6
497.0	6
1648.0	6
235.0	6
707.0	6
1868.0	6
1707.0	6
1693.0	6
1401.0	6
450.0	6
945.0	6
95.0	6
1440.0	6
1113.0	6
535.0	6
558.0	6
1363.0	6
478.0	6
440.0	6
1029.0	6
650.0	6
701.0	6
937.0	6
1301.0	6
1469.0	6
717.0	6
136.0	6
219.0	6
633.0	6
1044.0	6
167.0	6
471.0	6
436.0	6
1218.0	6
548.0	6
456.0	6
1271.0	6
2184.0	6
2251.0	6
949.0	6
764.0	6
1378.0	6
517.0	6
153.0	6
142.0	6
1140.0	6
137.0	6
1504.0	6
602.0	5
98.0	5
1634.0	5
2384.0	5
320.0	5
2589.0	5
880.0	5
82.0	5
43.0	5
367.0	5
1339.0	5
386.0	5
1229.0	5
380.0	5
132.0	5
1156.0	5
706.0	5
751.0	5
395.0	5
1441.0	5
1622.0	5
2039.0	5
133.0	5
735.0	5
2093.0	5
406.0	5
1143.0	5
1111.0	5
776.0	5
1309.0	5
1217.0	5
1213.0	5
2360.0	5
1287.0	5
3030.0	5
744.0	5
2711.0	5
1470.0	5
591.0	5
208.0	5
1557.0	5
1438.0	5
1574.0	5
1434.0	5
1664.0	5
752.0	5
902.0	5
534.0	5
556.0	5
3383.0	5
1983.0	5
774.0	5
176.0	5
961.0	5
422.0	5
1703.0	5
1312.0	5
883.0	5
853.0	5
205.0	5
538.0	5
1497.0	5
616.0	5
1244.0	5
364.0	5
62.0	5
849.0	5
599.0	5
1319.0	5
758.0	5
1126.0	5
721.0	5
170.0	5
663.0	5
312.0	5
115.0	5
921.0	5
1167.0	5
1631.0	5
2830.0	5
281.0	5
911.0	5
123.0	5
762.0	5
363.0	5
375.0	5
402.0	5
39.0	5
2140.0	5
2266.0	5
1514.0	5
1022.0	5
1987.0	5
1842.0	5
1436.0	5
2478.0	5
1305.0	5
566.0	5
483.0	5
351.0	5
1370.0	5
1013.0	5
737.0	5
1116.0	5
846.0	5
1204.0	5
651.0	5
811.0	5
55.0	5
252.0	5
2514.0	5
365.0	5
476.0	5
826.0	5
350.0	5
217.0	5
1852.0	5
1225.0	5
757.0	5
1533.0	5
864.0	5
1708.0	5
554.0	5
336.0	5
1639.0	5
1607.0	5
1757.0	5
1795.0	5
642.0	5
1314.0	5
231.0	5
629.0	5
1460.0	5
1325.0	5
1734.0	5
820.0	5
2551.0	5
577.0	5
708.0	5
112.0	5
151.0	5
795.0	5
2013.0	5
576.0	5
345.0	5
1564.0	5
824.0	5
1321.0	5
1395.0	5
749.0	5
127.0	5
1300.0	5
863.0	5
635.0	5
1785.0	5
1252.0	5
679.0	5
248.0	5
2077.0	5
1374.0	5
426.0	5
814.0	5
1592.0	5
1525.0	5
1972.0	5
854.0	5
2321.0	5
140.0	5
987.0	5
2371.0	5
389.0	5
512.0	5
1891.0	5
1584.0	4
1638.0	4
862.0	4
639.0	4
1382.0	4
1556.0	4
1814.0	4
400.0	4
1799.0	4
1263.0	4
498.0	4
561.0	4
398.0	4
259.0	4
714.0	4
1623.0	4
301.0	4
2400.0	4
104.0	4
1946.0	4
1748.0	4
623.0	4
999.0	4
23.0	4
994.0	4
191.0	4
966.0	4
950.0	4
690.0	4
2277.0	4
597.0	4
437.0	4
759.0	4
1277.0	4
1267.0	4
1454.0	4
998.0	4
585.0	4
396.0	4
2171.0	4
144.0	4
2855.0	4
835.0	4
263.0	4
768.0	4
2222.0	4
1944.0	4
2301.0	4
858.0	4
372.0	4
652.0	4
893.0	4
180.0	4
1290.0	4
726.0	4
793.0	4
1317.0	4
1451.0	4
772.0	4
1966.0	4
688.0	4
542.0	4
747.0	4
722.0	4
1144.0	4
1186.0	4
2300.0	4
331.0	4
664.0	4
684.0	4
509.0	4
2074.0	4
2347.0	4
1268.0	4
841.0	4
1042.0	4
539.0	4
1774.0	4
452.0	4
598.0	4
1794.0	4
2363.0	4
242.0	4
947.0	4
615.0	4
1279.0	4
1405.0	4
150.0	4
1633.0	4
3029.0	4
975.0	4
874.0	4
243.0	4
2346.0	4
284.0	4
2018.0	4
1588.0	4
1294.0	4
865.0	4
1046.0	4
1120.0	4
695.0	4
2273.0	4
620.0	4
1598.0	4
1041.0	4
964.0	4
1656.0	4
354.0	4
587.0	4
277.0	4
445.0	4
1566.0	4
618.0	4
237.0	4
750.0	4
1190.0	4
1513.0	4
2000.0	4
988.0	4
6.0	4
980.0	4
1409.0	4
369.0	4
2001.0	4
984.0	4
657.0	4
1635.0	4
655.0	4
419.0	4
687.0	4
977.0	4
504.0	4
502.0	4
109.0	4
2057.0	4
560.0	4
111.0	4
728.0	4
412.0	4
212.0	4
557.0	4
1255.0	4
1361.0	4
274.0	4
1740.0	4
414.0	4
425.0	4
678.0	4
432.0	4
368.0	4
100.0	4
1157.0	4
71.0	4
761.0	4
1594.0	4
2289.0	4
1038.0	4
125.0	4
1604.0	4
1945.0	4
2326.0	4
1005.0	4
765.0	4
2466.0	4
986.0	4
340.0	4
696.0	4
2997.0	4
295.0	4
2268.0	4
1172.0	4
1000.0	4
2114.0	4
801.0	4
1095.0	4
356.0	4
1898.0	4
698.0	4
174.0	4
659.0	3
3212.0	3
1404.0	3
588.0	3
1278.0	3
2966.0	3
7529.0	3
1258.0	3
2049.0	3
385.0	3
1274.0	3
2170.0	3
1751.0	3
1082.0	3
1496.0	3
867.0	3
4205.0	3
1492.0	3
2438.0	3
155.0	3
699.0	3
656.0	3
2068.0	3
1839.0	3
2323.0	3
410.0	3
451.0	3
1595.0	3
1791.0	3
1008.0	3
1659.0	3
371.0	3
11.0	3
1220.0	3
1169.0	3
1875.0	3
160.0	3
766.0	3
1642.0	3
2351.0	3
2047.0	3
2126.0	3
424.0	3
1967.0	3
489.0	3
1164.0	3
2521.0	3
1938.0	3
2998.0	3
1599.0	3
2625.0	3
668.0	3
1063.0	3
4578.0	3
1075.0	3
1797.0	3
1704.0	3
1660.0	3
954.0	3
933.0	3
1700.0	3
3402.0	3
134.0	3
5536.0	3
978.0	3
7451.0	3
855.0	3
1646.0	3
2507.0	3
614.0	3
515.0	3
475.0	3
5709.0	3
468.0	3
1328.0	3
3409.0	3
2121.0	3
1209.0	3
922.0	3
2762.0	3
743.0	3
335.0	3
519.0	3
1272.0	3
907.0	3
484.0	3
2565.0	3
856.0	3
344.0	3
4647.0	3
1982.0	3
1031.0	3
2028.0	3
636.0	3
3406.0	3
339.0	3
226.0	3
392.0	3
2588.0	3
321.0	3
2562.0	3
530.0	3
1299.0	3
1955.0	3
1424.0	3
1145.0	3
1717.0	3
2742.0	3
265.0	3
930.0	3
1053.0	3
1674.0	3
789.0	3
194.0	3
2062.0	3
381.0	3
3218.0	3
1732.0	3
1057.0	3
658.0	3
932.0	3
1347.0	3
815.0	3
366.0	3
1032.0	3
184.0	3
1447.0	3
1669.0	3
1234.0	3
377.0	3
1620.0	3
1675.0	3
951.0	3
2599.0	3
1152.0	3
831.0	3
1783.0	3
470.0	3
1802.0	3
731.0	3
457.0	3
839.0	3
1054.0	3
195.0	3
1877.0	3
2007.0	3
2059.0	3
2113.0	3
567.0	3
3098.0	3
260.0	3
2835.0	3
4356.0	3
315.0	3
3524.0	3
146.0	3
3545.0	3
1076.0	3
118.0	3
1162.0	3
1228.0	3
905.0	3
305.0	3
373.0	3
3079.0	3
3686.0	3
1662.0	3
1949.0	3
6313.0	3
1343.0	3
2022.0	3
2148.0	3
3243.0	3
1246.0	3
4691.0	3
1596.0	3
1180.0	3
2107.0	3
397.0	3
2793.0	3
1788.0	3
147.0	3
353.0	3
3121.0	3
1808.0	3
319.0	3
543.0	3
1823.0	3
2182.0	3
3365.0	3
1687.0	3
2127.0	3
1083.0	3
1871.0	3
799.0	3
2455.0	3
648.0	3
638.0	3
1184.0	3
1668.0	3
1472.0	3
1163.0	3
2306.0	3
5429.0	3
238.0	3
1753.0	3
2412.0	3
756.0	3
80.0	3
904.0	3
4066.0	3
2963.0	3
404.0	3
4212.0	3
2167.0	3
2324.0	3
4087.0	3
2141.0	3
461.0	3
188.0	3
1197.0	3
328.0	3
1825.0	3
1227.0	3
804.0	3
145.0	3
1528.0	3
1463.0	3
108.0	3
2814.0	3
1101.0	3
152.0	3
1340.0	3
565.0	3
1367.0	3
330.0	3
931.0	3
3279.0	3
2994.0	3
1768.0	3
1515.0	3
2235.0	3
1741.0	3
3316.0	3
168.0	3
1735.0	3
76.0	3
729.0	3
2274.0	3
526.0	3
4159.0	3
852.0	3
2672.0	3
783.0	3
2188.0	3
2040.0	3
918.0	3
1975.0	3
2119.0	3
821.0	3
3099.0	3
1475.0	3
1682.0	3
1088.0	3
996.0	3
1643.0	3
1606.0	3
1292.0	3
2364.0	3
2175.0	3
121.0	3
1939.0	3
4168.0	3
1188.0	3
307.0	3
1878.0	3
1386.0	3
1125.0	3
2012.0	3
514.0	3
2025.0	3
550.0	3
1452.0	3
2866.0	3
102.0	3
825.0	3
1965.0	3
1628.0	3
1138.0	3
7090.0	3
1849.0	3
1716.0	3
1413.0	3
1637.0	3
2253.0	3
1070.0	3
1302.0	3
3344.0	3
549.0	3
214.0	3
435.0	3
1094.0	3
887.0	3
2352.0	2
1657.0	2
544.0	2
1185.0	2
245.0	2
1123.0	2
1534.0	2
434.0	2
2635.0	2
1679.0	2
1834.0	2
469.0	2
1766.0	2
2294.0	2
3293.0	2
4545.0	2
2869.0	2
1273.0	2
3534.0	2
1964.0	2
3425.0	2
1471.0	2
686.0	2
2561.0	2
473.0	2
1860.0	2
186.0	2
1291.0	2
2358.0	2
3109.0	2
1179.0	2
3057.0	2
666.0	2
2081.0	2
807.0	2
924.0	2
1355.0	2
2123.0	2
2302.0	2
3537.0	2
1019.0	2
2652.0	2
1537.0	2
5270.0	2
1051.0	2
1131.0	2
3540.0	2
157.0	2
1203.0	2
433.0	2
594.0	2
3284.0	2
384.0	2
1158.0	2
1578.0	2
1787.0	2
670.0	2
239.0	2
1625.0	2
1943.0	2
562.0	2
589.0	2
1048.0	2
1770.0	2
700.0	2
2810.0	2
870.0	2
1855.0	2
1139.0	2
1881.0	2
786.0	2
2710.0	2
279.0	2
2535.0	2
1680.0	2
308.0	2
1052.0	2
834.0	2
1324.0	2
1809.0	2
3629.0	2
1897.0	2
1742.0	2
4577.0	2
1976.0	2
2870.0	2
1266.0	2
1422.0	2
1262.0	2
3256.0	2
2072.0	2
555.0	2
2250.0	2
3039.0	2
2109.0	2
2684.0	2
575.0	2
995.0	2
1117.0	2
241.0	2
296.0	2
2275.0	2
2655.0	2
1223.0	2
2645.0	2
1236.0	2
2095.0	2
1087.0	2
660.0	2
645.0	2
1457.0	2
600.0	2
941.0	2
1150.0	2
291.0	2
2937.0	2
1118.0	2
1487.0	2
1265.0	2
1147.0	2
508.0	2
359.0	2
1737.0	2
2958.0	2
946.0	2
34.0	2
900.0	2
273.0	2
2029.0	2
1756.0	2
2783.0	2
2867.0	2
285.0	2
596.0	2
2883.0	2
3032.0	2
888.0	2
851.0	2
300.0	2
1736.0	2
1067.0	2
1018.0	2
3258.0	2
2661.0	2
1085.0	2
787.0	2
2598.0	2
2824.0	2
1431.0	2
926.0	2
1338.0	2
770.0	2
531.0	2
2375.0	2
2069.0	2
925.0	2
1211.0	2
791.0	2
873.0	2
462.0	2
1819.0	2
1160.0	2
694.0	2
280.0	2
1989.0	2
3834.0	2
2907.0	2
420.0	2
1337.0	2
1216.0	2
2096.0	2
4134.0	2
1064.0	2
2366.0	2
1609.0	2
647.0	2
3371.0	2
1061.0	2
3412.0	2
2462.0	2
1677.0	2
1208.0	2
2010.0	2
1676.0	2
314.0	2
472.0	2
1187.0	2
2099.0	2
580.0	2
1936.0	2
495.0	2
1250.0	2
2568.0	2
2821.0	2
898.0	2
1171.0	2
1763.0	2
1026.0	2
570.0	2
963.0	2
1577.0	2
173.0	2
2815.0	2
969.0	2
2151.0	2
6191.0	2
3721.0	2
2842.0	2
1709.0	2
546.0	2
88.0	2
2192.0	2
2502.0	2
2434.0	2
866.0	2
738.0	2
3150.0	2
845.0	2
1231.0	2
3426.0	2
323.0	2
800.0	2
1647.0	2
3071.0	2
2756.0	2
1619.0	2
1773.0	2
3181.0	2
1617.0	2
917.0	2
1037.0	2
2008.0	2
2086.0	2
746.0	2
2905.0	2
4035.0	2
564.0	2
1652.0	2
2999.0	2
1307.0	2
2580.0	2
2118.0	2
4609.0	2
228.0	2
1435.0	2
628.0	2
2900.0	2
3294.0	2
4444.0	2
816.0	2
1546.0	2
1148.0	2
1523.0	2
1175.0	2
2767.0	2
1506.0	2
2604.0	2
1189.0	2
428.0	2
126.0	2
165.0	2
1373.0	2
1749.0	2
343.0	2
2506.0	2
2290.0	2
3007.0	2
2971.0	2
276.0	2
1629.0	2
203.0	2
4611.0	2
4393.0	2
5005.0	2
101.0	2
1953.0	2
3205.0	2
2152.0	2
1142.0	2
612.0	2
3051.0	2
4133.0	2
3163.0	2
1540.0	2
294.0	2
2786.0	2
943.0	2
3048.0	2
681.0	2
3690.0	2
524.0	2
264.0	2
551.0	2
827.0	2
533.0	2
1907.0	2
1344.0	2
677.0	2
3931.0	2
1249.0	2
486.0	2
3756.0	2
2594.0	2
465.0	2
1833.0	2
1084.0	2
1644.0	2
1353.0	2
130.0	2
4305.0	2
1043.0	2
5820.0	2
1411.0	2
1754.0	2
5414.0	2
2798.0	2
2005.0	2
460.0	2
2680.0	2
2744.0	2
739.0	2
784.0	2
3101.0	2
661.0	2
2305.0	2
875.0	2
3130.0	2
84.0	2
709.0	2
1016.0	2
240.0	2
1379.0	2
1550.0	2
124.0	2
209.0	2
1725.0	2
2085.0	2
563.0	2
3246.0	2
2287.0	2
1050.0	2
1014.0	2
211.0	2
1368.0	2
878.0	2
923.0	2
1333.0	2
1836.0	2
3887.0	2
2315.0	2
1771.0	2
1779.0	2
1099.0	2
1744.0	2
817.0	2
1177.0	2
981.0	2
872.0	2
1251.0	2
407.0	2
2365.0	2
2316.0	2
210.0	2
1354.0	2
719.0	2
1890.0	2
1297.0	2
2774.0	2
1100.0	2
390.0	2
236.0	2
1952.0	2
2878.0	2
697.0	2
3519.0	2
352.0	2
760.0	2
1608.0	2
646.0	2
459.0	2
3678.0	2
3196.0	2
463.0	2
2706.0	2
1611.0	2
847.0	2
2851.0	2
928.0	2
2257.0	2
225.0	2
1149.0	2
1621.0	2
604.0	2
6500.0	2
1259.0	2
1132.0	2
244.0	2
1193.0	2
287.0	2
499.0	2
1558.0	2
117.0	2
2474.0	2
1593.0	2
2700.0	2
4477.0	2
1080.0	2
2753.0	2
1864.0	2
1519.0	2
1579.0	2
2191.0	2
1667.0	2
910.0	2
959.0	2
1357.0	2
1010.0	2
3010.0	2
1385.0	2
3541.0	2
1670.0	2
1423.0	2
3301.0	2
1692.0	2
1254.0	2
2970.0	2
1437.0	2
93.0	2
2044.0	2
2153.0	2
2875.0	2
3653.0	2
4239.0	2
3494.0	2
4330.0	2
187.0	2
1589.0	2
269.0	2
2103.0	2
940.0	2
302.0	2
895.0	2
3086.0	2
2811.0	2
1961.0	2
2464.0	2
3613.0	2
836.0	2
802.0	2
2659.0	2
1585.0	2
653.0	2
1702.0	2
1296.0	2
1539.0	2
3333.0	2
1929.0	2
5251.0	2
2542.0	2
2015.0	2
2386.0	2
1311.0	2
2527.0	2
492.0	2
593.0	2
3512.0	2
1912.0	2
1414.0	2
3874.0	2
1481.0	2
1024.0	2
1806.0	2
1990.0	2
1812.0	2
840.0	2
611.0	2
2876.0	2
1553.0	2
2215.0	2
2157.0	2
903.0	2
1934.0	2
1181.0	2
2216.0	2
1841.0	2
3732.0	2
92.0	2
275.0	2
1109.0	2
2055.0	2
673.0	2
329.0	2
2498.0	2
1023.0	2
1549.0	2
1166.0	2
1247.0	2
1844.0	2
1962.0	2
357.0	2
438.0	2
3707.0	2
3275.0	2
334.0	2
1902.0	2
1885.0	2
5705.0	2
143.0	2
1727.0	2
1462.0	2
311.0	2
3759.0	2
1581.0	2
1941.0	2
1090.0	2
282.0	2
1568.0	2
1346.0	2
2723.0	2
955.0	2
3562.0	2
1489.0	2
1832.0	2
1830.0	2
278.0	2
1065.0	2
162.0	2
767.0	2
337.0	2
1381.0	2
1671.0	2
1710.0	2
1096.0	2
2368.0	2
1270.0	2
680.0	2
59.0	2
2437.0	2
1256.0	2
630.0	2
2133.0	2
803.0	2
624.0	2
255.0	2
1418.0	2
229.0	2
249.0	2
3112.0	2
2094.0	2
536.0	2
1666.0	2
2445.0	2
4489.0	2
1910.0	2
1858.0	2
609.0	2
808.0	2
603.0	2
2264.0	2
718.0	2
1752.0	2
1154.0	2
806.0	2
3046.0	2
1477.0	2
781.0	2
1636.0	2
2750.0	2
3285.0	2
812.0	2
2430.0	2
246.0	2
1576.0	2
1348.0	2
507.0	2
1408.0	2
1663.0	2
2739.0	2
837.0	2
1730.0	2
268.0	2
665.0	2
2745.0	2
1767.0	2
2467.0	2
2931.0	2
1541.0	2
3687.0	2
1318.0	2
1509.0	2
4722.0	2
1055.0	2
869.0	2
1445.0	2
1129.0	2
1089.0	2
185.0	2
1494.0	2
1387.0	2
2428.0	2
403.0	2
1927.0	2
2164.0	2
254.0	2
732.0	2
2748.0	2
819.0	2
3184.0	2
4586.0	2
522.0	2
3281.0	2
423.0	2
899.0	2
4428.0	2
2950.0	2
2016.0	2
583.0	2
1293.0	2
418.0	2
267.0	2
1074.0	2
1248.0	2
1695.0	2
1993.0	2
1535.0	2
360.0	2
2545.0	2
1106.0	2
529.0	2
818.0	2
222.0	2
1971.0	2
1924.0	2
2110.0	2
4001.0	2
4013.0	2
1121.0	2
1869.0	2
2632.0	2
3063.0	2
906.0	2
982.0	2
4024.0	2
1210.0	2
1538.0	2
1280.0	2
2353.0	2
606.0	2
2281.0	2
2613.0	2
2831.0	2
2207.0	2
4280.0	2
2677.0	2
1214.0	2
2451.0	2
1510.0	2
1136.0	2
370.0	2
3385.0	2
2261.0	2
992.0	2
1861.0	2
3370.0	2
1202.0	2
1697.0	2
3239.0	2
2740.0	2
1587.0	2
2111.0	2
3716.0	2
3037.0	2
2100.0	2
454.0	2
4193.0	2
510.0	2
2643.0	2
2142.0	2
2053.0	2
626.0	2
453.0	2
1137.0	2
87.0	2
2955.0	2
1684.0	2
1507.0	2
2593.0	2
135.0	2
972.0	2
3535.0	2
2060.0	2
712.0	2
2826.0	2
2712.0	2
1264.0	2
2104.0	2
2531.0	2
1769.0	2
780.0	2
2887.0	2
1793.0	2
1407.0	2
4005.0	2
1289.0	2
877.0	2
844.0	2
2187.0	2
929.0	1
215.0	1
2617.0	1
2269.0	1
200.0	1
919.0	1
347.0	1
1221.0	1
2517.0	1
1012.0	1
464.0	1
968.0	1
1615.0	1
608.0	1
1845.0	1
2256.0	1
1981.0	1
4304.0	1
4561.0	1
1543.0	1
3559.0	1
2283.0	1
3013.0	1
1092.0	1
1288.0	1
2895.0	1
1896.0	1
1493.0	1
3065.0	1
1081.0	1
1332.0	1
1876.0	1
1392.0	1
1068.0	1
4373.0	1
2407.0	1
1722.0	1
