Value	Count
14.0	46
18.0	42
16.0	37
13.0	36
11.0	36
12.0	35
5.0	34
4.0	34
31.0	33
6.0	29
15.0	28
23.0	28
139.0	25
44.0	25
8.0	24
9.0	24
89.0	24
7.0	24
48.0	23
25.0	23
28.0	22
181.0	22
26.0	22
19.0	21
53.0	21
188.0	20
40.0	20
186.0	20
36.0	20
24.0	19
166.0	19
27.0	18
22.0	18
131.0	18
70.0	18
41.0	18
162.0	18
60.0	18
86.0	18
329.0	18
252.0	18
58.0	17
78.0	17
161.0	17
94.0	17
38.0	17
183.0	17
17.0	17
57.0	17
256.0	16
132.0	16
2.0	16
177.0	16
209.0	16
185.0	16
194.0	16
325.0	16
670.0	16
297.0	16
34.0	16
105.0	15
99.0	15
404.0	15
224.0	15
101.0	15
232.0	15
200.0	15
133.0	15
339.0	15
103.0	15
207.0	15
374.0	15
298.0	15
47.0	15
286.0	15
192.0	14
437.0	14
93.0	14
54.0	14
37.0	14
198.0	14
88.0	14
167.0	14
122.0	14
228.0	14
220.0	14
169.0	14
29.0	14
77.0	14
174.0	13
90.0	13
32.0	13
62.0	13
389.0	13
292.0	13
39.0	13
64.0	13
248.0	13
229.0	13
524.0	13
288.0	13
521.0	13
55.0	13
68.0	13
21.0	13
106.0	13
275.0	13
582.0	13
369.0	13
393.0	12
419.0	12
443.0	12
20.0	12
30.0	12
199.0	12
204.0	12
352.0	12
65.0	12
51.0	12
113.0	12
219.0	12
120.0	12
196.0	12
56.0	12
296.0	12
69.0	12
75.0	12
176.0	12
33.0	12
330.0	12
72.0	12
666.0	12
309.0	12
395.0	12
158.0	12
197.0	12
124.0	12
170.0	12
371.0	12
425.0	11
135.0	11
315.0	11
391.0	11
45.0	11
263.0	11
412.0	11
272.0	11
637.0	11
563.0	11
146.0	11
123.0	11
153.0	11
406.0	11
215.0	11
249.0	11
184.0	11
370.0	11
115.0	11
273.0	11
368.0	11
372.0	11
555.0	11
61.0	11
235.0	11
336.0	11
307.0	11
360.0	11
430.0	11
268.0	11
143.0	11
367.0	11
134.0	11
536.0	10
485.0	10
211.0	10
401.0	10
264.0	10
163.0	10
205.0	10
342.0	10
525.0	10
436.0	10
285.0	10
318.0	10
98.0	10
212.0	10
138.0	10
481.0	10
144.0	10
282.0	10
74.0	10
151.0	10
76.0	10
354.0	10
300.0	10
63.0	10
513.0	10
345.0	10
201.0	10
347.0	10
405.0	10
486.0	10
262.0	10
222.0	10
240.0	10
182.0	10
42.0	10
463.0	10
237.0	10
380.0	10
46.0	10
3.0	10
649.0	10
417.0	10
320.0	10
635.0	9
381.0	9
293.0	9
251.0	9
332.0	9
79.0	9
343.0	9
52.0	9
531.0	9
646.0	9
218.0	9
422.0	9
84.0	9
214.0	9
317.0	9
234.0	9
349.0	9
59.0	9
114.0	9
479.0	9
287.0	9
432.0	9
547.0	9
247.0	9
157.0	9
107.0	9
290.0	9
155.0	9
597.0	9
328.0	9
253.0	9
504.0	9
193.0	9
554.0	9
195.0	9
449.0	9
408.0	9
355.0	9
118.0	9
50.0	9
502.0	9
418.0	9
136.0	9
726.0	9
465.0	8
303.0	8
322.0	8
87.0	8
324.0	8
260.0	8
313.0	8
407.0	8
246.0	8
289.0	8
154.0	8
562.0	8
591.0	8
732.0	8
610.0	8
213.0	8
142.0	8
171.0	8
340.0	8
208.0	8
508.0	8
111.0	8
221.0	8
448.0	8
269.0	8
265.0	8
241.0	8
663.0	8
501.0	8
461.0	8
217.0	8
457.0	8
414.0	8
455.0	8
648.0	8
530.0	8
600.0	8
71.0	8
168.0	8
190.0	8
565.0	8
673.0	8
92.0	8
572.0	8
227.0	8
35.0	8
244.0	8
592.0	8
10.0	8
375.0	8
341.0	8
379.0	8
49.0	8
811.0	7
548.0	7
446.0	7
109.0	7
358.0	7
108.0	7
261.0	7
280.0	7
409.0	7
400.0	7
128.0	7
333.0	7
284.0	7
604.0	7
413.0	7
203.0	7
687.0	7
279.0	7
396.0	7
739.0	7
121.0	7
382.0	7
664.0	7
680.0	7
747.0	7
277.0	7
505.0	7
616.0	7
356.0	7
164.0	7
434.0	7
624.0	7
306.0	7
515.0	7
640.0	7
85.0	7
388.0	7
100.0	7
312.0	7
112.0	7
1170.0	7
323.0	7
549.0	7
978.0	7
845.0	7
528.0	7
566.0	7
359.0	7
301.0	7
230.0	7
344.0	7
507.0	7
467.0	7
711.0	7
397.0	7
573.0	7
617.0	7
242.0	7
130.0	7
602.0	7
43.0	7
116.0	7
141.0	7
857.0	6
125.0	6
119.0	6
392.0	6
609.0	6
189.0	6
236.0	6
104.0	6
494.0	6
95.0	6
451.0	6
311.0	6
535.0	6
708.0	6
66.0	6
126.0	6
150.0	6
377.0	6
305.0	6
519.0	6
206.0	6
487.0	6
585.0	6
551.0	6
692.0	6
239.0	6
611.0	6
394.0	6
599.0	6
145.0	6
137.0	6
383.0	6
334.0	6
266.0	6
644.0	6
699.0	6
476.0	6
243.0	6
67.0	6
517.0	6
672.0	6
798.0	6
464.0	6
478.0	6
319.0	6
568.0	6
1241.0	6
710.0	6
789.0	6
656.0	6
295.0	6
258.0	6
361.0	6
191.0	6
363.0	6
351.0	6
435.0	5
580.0	5
423.0	5
955.0	5
460.0	5
754.0	5
822.0	5
495.0	5
327.0	5
110.0	5
148.0	5
622.0	5
790.0	5
149.0	5
676.0	5
750.0	5
179.0	5
216.0	5
180.0	5
475.0	5
584.0	5
173.0	5
539.0	5
627.0	5
1117.0	5
442.0	5
733.0	5
82.0	5
278.0	5
160.0	5
621.0	5
595.0	5
1153.0	5
450.0	5
96.0	5
559.0	5
619.0	5
156.0	5
447.0	5
839.0	5
544.0	5
772.0	5
488.0	5
225.0	5
321.0	5
956.0	5
378.0	5
1262.0	5
152.0	5
821.0	5
922.0	5
714.0	5
73.0	5
836.0	5
416.0	5
202.0	5
445.0	5
365.0	5
608.0	5
636.0	5
497.0	5
527.0	5
335.0	5
441.0	5
537.0	5
331.0	5
783.0	5
866.0	5
480.0	5
553.0	5
606.0	5
659.0	5
724.0	5
1282.0	5
570.0	5
653.0	4
951.0	4
707.0	4
759.0	4
633.0	4
187.0	4
492.0	4
250.0	4
302.0	4
760.0	4
864.0	4
639.0	4
421.0	4
755.0	4
767.0	4
245.0	4
498.0	4
385.0	4
499.0	4
387.0	4
569.0	4
233.0	4
362.0	4
210.0	4
80.0	4
326.0	4
429.0	4
238.0	4
579.0	4
1363.0	4
577.0	4
386.0	4
433.0	4
545.0	4
231.0	4
960.0	4
1371.0	4
376.0	4
403.0	4
825.0	4
632.0	4
817.0	4
518.0	4
897.0	4
1042.0	4
786.0	4
963.0	4
1293.0	4
462.0	4
127.0	4
810.0	4
1254.0	4
491.0	4
546.0	4
731.0	4
1137.0	4
567.0	4
399.0	4
944.0	4
1085.0	4
1019.0	4
147.0	4
178.0	4
819.0	4
483.0	4
702.0	4
454.0	4
1000.0	4
308.0	4
470.0	4
818.0	4
428.0	4
281.0	4
886.0	4
398.0	4
736.0	4
837.0	4
1078.0	4
884.0	4
540.0	4
697.0	4
1105.0	4
541.0	4
746.0	4
930.0	4
410.0	4
427.0	4
117.0	4
304.0	4
529.0	4
690.0	4
912.0	4
593.0	4
964.0	4
310.0	4
172.0	4
2051.0	3
712.0	3
2448.0	3
1484.0	3
887.0	3
776.0	3
727.0	3
490.0	3
1582.0	3
1318.0	3
472.0	3
1313.0	3
969.0	3
1177.0	3
271.0	3
575.0	3
872.0	3
223.0	3
865.0	3
473.0	3
848.0	3
444.0	3
958.0	3
1091.0	3
688.0	3
538.0	3
1259.0	3
725.0	3
612.0	3
696.0	3
888.0	3
694.0	3
350.0	3
983.0	3
1052.0	3
1054.0	3
749.0	3
641.0	3
533.0	3
820.0	3
671.0	3
1164.0	3
961.0	3
267.0	3
276.0	3
717.0	3
1548.0	3
353.0	3
701.0	3
661.0	3
607.0	3
1449.0	3
757.0	3
615.0	3
1002.0	3
598.0	3
689.0	3
996.0	3
693.0	3
879.0	3
83.0	3
738.0	3
943.0	3
1970.0	3
1713.0	3
1734.0	3
259.0	3
1158.0	3
270.0	3
2376.0	3
1920.0	3
512.0	3
985.0	3
925.0	3
503.0	3
299.0	3
614.0	3
681.0	3
561.0	3
314.0	3
257.0	3
628.0	3
1218.0	3
1472.0	3
929.0	3
1169.0	3
1908.0	3
1420.0	3
453.0	3
1059.0	3
274.0	3
909.0	3
1421.0	3
743.0	3
613.0	3
916.0	3
348.0	3
1597.0	3
894.0	3
1001.0	3
2452.0	3
806.0	3
2251.0	3
466.0	3
629.0	3
823.0	3
974.0	3
861.0	3
484.0	3
802.0	2
431.0	2
1232.0	2
936.0	2
1144.0	2
873.0	2
684.0	2
1003.0	2
997.0	2
620.0	2
807.0	2
1403.0	2
683.0	2
493.0	2
1609.0	2
1292.0	2
366.0	2
550.0	2
1356.0	2
945.0	2
831.0	2
1460.0	2
1595.0	2
283.0	2
713.0	2
1155.0	2
1178.0	2
674.0	2
1343.0	2
1165.0	2
838.0	2
471.0	2
165.0	2
889.0	2
511.0	2
953.0	2
1086.0	2
1535.0	2
1182.0	2
500.0	2
2118.0	2
226.0	2
1149.0	2
698.0	2
719.0	2
346.0	2
1271.0	2
652.0	2
1031.0	2
642.0	2
826.0	2
668.0	2
623.0	2
685.0	2
1172.0	2
255.0	2
140.0	2
1446.0	2
1049.0	2
1245.0	2
129.0	2
459.0	2
1238.0	2
294.0	2
1125.0	2
1070.0	2
643.0	2
1175.0	2
175.0	2
650.0	2
804.0	2
1076.0	2
1046.0	2
1094.0	2
1147.0	2
809.0	2
426.0	2
626.0	2
1140.0	2
338.0	2
1020.0	2
1537.0	2
968.0	2
522.0	2
1367.0	2
489.0	2
543.0	2
934.0	2
992.0	2
603.0	2
526.0	2
667.0	2
81.0	2
1108.0	2
793.0	2
1881.0	2
1401.0	2
828.0	2
625.0	2
1319.0	2
1080.0	2
1539.0	2
774.0	2
2026.0	2
316.0	2
891.0	2
905.0	2
1376.0	2
1641.0	2
1988.0	2
762.0	2
986.0	2
871.0	2
805.0	2
456.0	2
1161.0	2
1382.0	2
927.0	2
877.0	2
390.0	2
424.0	2
411.0	2
745.0	2
911.0	2
993.0	2
678.0	2
1055.0	2
1277.0	2
914.0	2
1159.0	2
1194.0	2
571.0	2
768.0	2
751.0	2
1024.0	2
1419.0	2
634.0	2
835.0	2
660.0	2
1675.0	2
532.0	2
402.0	2
800.0	2
766.0	2
1275.0	2
1391.0	2
534.0	2
357.0	2
254.0	2
1065.0	2
1255.0	2
1253.0	2
830.0	2
973.0	2
1574.0	2
583.0	2
1135.0	2
438.0	2
662.0	2
1373.0	2
954.0	2
847.0	2
669.0	2
907.0	2
1053.0	2
775.0	2
1547.0	2
990.0	2
906.0	2
1061.0	2
1242.0	2
1791.0	2
589.0	2
923.0	2
850.0	2
1755.0	2
808.0	2
917.0	2
468.0	2
832.0	2
510.0	2
919.0	2
560.0	2
1038.0	2
594.0	2
1184.0	2
773.0	2
741.0	2
764.0	2
932.0	2
1366.0	2
578.0	2
860.0	2
516.0	2
893.0	2
972.0	2
1437.0	2
557.0	2
384.0	2
1572.0	2
779.0	2
587.0	2
778.0	2
704.0	2
791.0	2
2144.0	2
542.0	2
1387.0	2
1348.0	2
700.0	2
950.0	2
1128.0	2
959.0	2
794.0	2
763.0	2
1364.0	2
605.0	2
920.0	2
1331.0	2
890.0	2
601.0	2
695.0	2
989.0	2
1087.0	2
1008.0	2
1132.0	2
841.0	2
458.0	2
364.0	2
928.0	2
2165.0	2
878.0	2
291.0	2
1207.0	2
506.0	2
813.0	2
799.0	2
556.0	2
1229.0	2
654.0	2
721.0	2
1399.0	2
1123.0	2
1069.0	2
1025.0	1
514.0	1
858.0	1
91.0	1
1792.0	1
761.0	1
1068.0	1
452.0	1
797.0	1
1764.0	1
852.0	1
991.0	1
