Value	Count
15.0	110.0
12.0	100.0
27.0	85.0
57.0	82.0
24.0	78.0
39.0	76.0
21.0	69.0
36.0	66.0
33.0	63.0
43.0	62.0
48.0	62.0
34.0	61.0
30.0	60.0
60.0	58.0
42.0	57.0
45.0	57.0
82.0	56.0
44.0	54.0
84.0	52.0
992.0	49.0
69.0	46.0
71.0	46.0
25.0	45.0
11.0	44.0
19.0	44.0
63.0	43.0
1038.0	43.0
79.0	43.0
168.0	43.0
77.0	42.0
72.0	42.0
51.0	42.0
47.0	41.0
1259.0	41.0
147.0	41.0
364.0	41.0
394.0	40.0
1275.0	40.0
630.0	40.0
1039.0	40.0
66.0	40.0
180.0	39.0
174.0	39.0
1195.0	39.0
418.0	39.0
1307.0	39.0
177.0	39.0
62.0	39.0
26.0	39.0
1363.0	38.0
1249.0	38.0
18.0	38.0
22.0	38.0
1340.0	38.0
1087.0	38.0
1052.0	38.0
14.0	37.0
1049.0	37.0
99.0	37.0
119.0	37.0
37.0	37.0
1403.0	36.0
684.0	36.0
409.0	36.0
90.0	36.0
832.0	36.0
538.0	36.0
100.0	36.0
833.0	36.0
58.0	36.0
713.0	35.0
1349.0	35.0
386.0	35.0
61.0	35.0
1471.0	35.0
845.0	35.0
283.0	35.0
1011.0	35.0
1338.0	35.0
685.0	35.0
336.0	35.0
1227.0	35.0
794.0	35.0
767.0	34.0
159.0	34.0
89.0	34.0
269.0	34.0
699.0	34.0
123.0	34.0
1114.0	34.0
114.0	34.0
471.0	34.0
1496.0	34.0
10.0	34.0
152.0	34.0
110.0	34.0
171.0	34.0
28.0	33.0
1425.0	33.0
844.0	33.0
135.0	33.0
88.0	33.0
334.0	33.0
824.0	33.0
1162.0	33.0
1139.0	33.0
963.0	33.0
328.0	33.0
775.0	33.0
1048.0	33.0
8.0	33.0
973.0	33.0
118.0	33.0
121.0	33.0
29.0	33.0
255.0	33.0
35.0	33.0
1534.0	32.0
746.0	32.0
1391.0	32.0
1545.0	32.0
55.0	32.0
230.0	32.0
1147.0	32.0
688.0	32.0
443.0	32.0
1050.0	32.0
1390.0	32.0
1503.0	32.0
1045.0	32.0
784.0	32.0
275.0	32.0
190.0	32.0
415.0	32.0
946.0	32.0
349.0	32.0
467.0	32.0
1033.0	32.0
1096.0	32.0
731.0	32.0
1287.0	32.0
163.0	32.0
106.0	32.0
461.0	32.0
510.0	31.0
1174.0	31.0
759.0	31.0
1354.0	31.0
911.0	31.0
1325.0	31.0
1075.0	31.0
126.0	31.0
755.0	31.0
127.0	31.0
317.0	31.0
1088.0	31.0
1299.0	31.0
1184.0	31.0
883.0	31.0
83.0	31.0
1076.0	31.0
568.0	31.0
117.0	31.0
241.0	31.0
237.0	31.0
1118.0	31.0
372.0	31.0
75.0	31.0
419.0	31.0
1339.0	31.0
886.0	31.0
1434.0	31.0
1406.0	31.0
1501.0	30.0
780.0	30.0
1099.0	30.0
1197.0	30.0
1315.0	30.0
940.0	30.0
396.0	30.0
1064.0	30.0
437.0	30.0
771.0	30.0
1507.0	30.0
567.0	30.0
638.0	30.0
281.0	30.0
917.0	30.0
1182.0	30.0
1487.0	30.0
111.0	30.0
1030.0	30.0
811.0	30.0
1295.0	30.0
92.0	30.0
120.0	30.0
625.0	30.0
981.0	30.0
938.0	30.0
1413.0	30.0
148.0	30.0
1126.0	30.0
80.0	30.0
205.0	30.0
430.0	30.0
451.0	30.0
13.0	30.0
1002.0	30.0
91.0	30.0
73.0	30.0
730.0	30.0
706.0	30.0
652.0	30.0
826.0	29.0
1164.0	29.0
484.0	29.0
648.0	29.0
444.0	29.0
1199.0	29.0
203.0	29.0
1418.0	29.0
282.0	29.0
1574.0	29.0
248.0	29.0
1158.0	29.0
1185.0	29.0
1061.0	29.0
1591.0	29.0
479.0	29.0
1336.0	29.0
544.0	29.0
41.0	29.0
101.0	29.0
411.0	29.0
116.0	29.0
300.0	28.0
546.0	28.0
59.0	28.0
17.0	28.0
953.0	28.0
1187.0	28.0
1077.0	28.0
216.0	28.0
1376.0	28.0
949.0	28.0
107.0	28.0
521.0	28.0
591.0	28.0
20.0	28.0
175.0	28.0
23.0	28.0
906.0	28.0
1445.0	28.0
1320.0	28.0
204.0	28.0
1132.0	28.0
485.0	28.0
1150.0	28.0
1541.0	28.0
1378.0	28.0
1578.0	28.0
85.0	28.0
1266.0	28.0
1133.0	28.0
831.0	28.0
425.0	28.0
1078.0	28.0
1367.0	28.0
307.0	28.0
728.0	28.0
86.0	28.0
913.0	28.0
895.0	28.0
1273.0	28.0
1212.0	28.0
714.0	28.0
724.0	27.0
341.0	27.0
154.0	27.0
754.0	27.0
1172.0	27.0
50.0	27.0
137.0	27.0
997.0	27.0
867.0	27.0
1214.0	27.0
753.0	27.0
1611.0	27.0
1296.0	27.0
853.0	27.0
943.0	27.0
465.0	27.0
1111.0	27.0
956.0	27.0
1348.0	27.0
1137.0	27.0
1254.0	27.0
381.0	27.0
1444.0	27.0
1092.0	27.0
240.0	27.0
370.0	27.0
1382.0	27.0
681.0	27.0
220.0	27.0
414.0	27.0
758.0	27.0
1217.0	27.0
541.0	27.0
850.0	27.0
1108.0	27.0
124.0	27.0
304.0	27.0
296.0	27.0
1284.0	27.0
98.0	27.0
585.0	27.0
1733.0	27.0
918.0	27.0
747.0	27.0
732.0	27.0
375.0	27.0
321.0	27.0
1398.0	27.0
1329.0	27.0
251.0	27.0
1613.0	27.0
524.0	27.0
466.0	27.0
1138.0	27.0
1283.0	27.0
431.0	26.0
874.0	26.0
136.0	26.0
475.0	26.0
1436.0	26.0
986.0	26.0
243.0	26.0
363.0	26.0
40.0	26.0
627.0	26.0
721.0	26.0
104.0	26.0
955.0	26.0
1371.0	26.0
1291.0	26.0
1326.0	26.0
769.0	26.0
9.0	26.0
1368.0	26.0
636.0	26.0
582.0	26.0
1676.0	26.0
1208.0	26.0
1109.0	26.0
1474.0	26.0
695.0	26.0
195.0	26.0
752.0	26.0
102.0	26.0
557.0	26.0
1113.0	26.0
682.0	26.0
1510.0	26.0
138.0	26.0
830.0	26.0
1370.0	26.0
1020.0	26.0
1399.0	26.0
1121.0	26.0
1316.0	26.0
166.0	26.0
1241.0	26.0
252.0	26.0
228.0	26.0
1324.0	26.0
108.0	26.0
600.0	26.0
224.0	26.0
1519.0	26.0
76.0	26.0
335.0	25.0
274.0	25.0
1124.0	25.0
172.0	25.0
1021.0	25.0
536.0	25.0
493.0	25.0
1248.0	25.0
1568.0	25.0
160.0	25.0
459.0	25.0
1219.0	25.0
840.0	25.0
736.0	25.0
383.0	25.0
1189.0	25.0
1216.0	25.0
1486.0	25.0
325.0	25.0
1041.0	25.0
1314.0	25.0
763.0	25.0
1482.0	25.0
594.0	25.0
894.0	25.0
1225.0	25.0
817.0	25.0
421.0	25.0
46.0	25.0
261.0	25.0
1242.0	25.0
1505.0	25.0
258.0	25.0
1313.0	25.0
691.0	25.0
436.0	25.0
958.0	25.0
1763.0	25.0
1127.0	25.0
312.0	25.0
215.0	25.0
81.0	25.0
1383.0	25.0
1515.0	25.0
182.0	25.0
838.0	25.0
128.0	25.0
945.0	25.0
1251.0	25.0
1365.0	24.0
1620.0	24.0
1369.0	24.0
1082.0	24.0
306.0	24.0
277.0	24.0
1577.0	24.0
142.0	24.0
1431.0	24.0
464.0	24.0
217.0	24.0
206.0	24.0
1491.0	24.0
130.0	24.0
186.0	24.0
53.0	24.0
501.0	24.0
1136.0	24.0
680.0	24.0
473.0	24.0
1483.0	24.0
1156.0	24.0
1306.0	24.0
1235.0	24.0
562.0	24.0
673.0	24.0
455.0	24.0
1023.0	24.0
1673.0	24.0
1664.0	24.0
1463.0	24.0
229.0	24.0
944.0	24.0
1393.0	24.0
1143.0	24.0
537.0	24.0
722.0	24.0
1623.0	24.0
957.0	24.0
671.0	24.0
1357.0	24.0
1346.0	24.0
391.0	24.0
238.0	24.0
1680.0	24.0
1432.0	24.0
995.0	24.0
65.0	24.0
622.0	24.0
987.0	24.0
705.0	24.0
125.0	24.0
611.0	24.0
741.0	24.0
1007.0	24.0
1294.0	24.0
235.0	24.0
687.0	24.0
207.0	24.0
1668.0	24.0
855.0	24.0
298.0	23.0
1204.0	23.0
200.0	23.0
1244.0	23.0
1274.0	23.0
416.0	23.0
1247.0	23.0
639.0	23.0
793.0	23.0
865.0	23.0
1375.0	23.0
1609.0	23.0
1080.0	23.0
162.0	23.0
768.0	23.0
1544.0	23.0
432.0	23.0
1468.0	23.0
1586.0	23.0
331.0	23.0
1053.0	23.0
97.0	23.0
1585.0	23.0
393.0	23.0
1618.0	23.0
1176.0	23.0
1286.0	23.0
1181.0	23.0
1362.0	23.0
975.0	23.0
1560.0	23.0
774.0	23.0
1331.0	23.0
488.0	23.0
348.0	23.0
1465.0	23.0
1300.0	23.0
692.0	23.0
577.0	23.0
579.0	23.0
314.0	23.0
38.0	23.0
1178.0	23.0
1245.0	23.0
1059.0	23.0
581.0	23.0
1548.0	23.0
446.0	23.0
194.0	23.0
149.0	23.0
192.0	23.0
839.0	23.0
440.0	23.0
355.0	23.0
176.0	23.0
1298.0	23.0
515.0	23.0
323.0	23.0
1116.0	23.0
1473.0	23.0
1389.0	23.0
297.0	23.0
744.0	23.0
890.0	23.0
105.0	23.0
655.0	23.0
165.0	23.0
1042.0	23.0
95.0	22.0
843.0	22.0
16.0	22.0
628.0	22.0
550.0	22.0
1220.0	22.0
782.0	22.0
676.0	22.0
870.0	22.0
1006.0	22.0
1394.0	22.0
78.0	22.0
607.0	22.0
556.0	22.0
1035.0	22.0
678.0	22.0
1094.0	22.0
434.0	22.0
1466.0	22.0
209.0	22.0
327.0	22.0
93.0	22.0
1481.0	22.0
285.0	22.0
965.0	22.0
534.0	22.0
1524.0	22.0
823.0	22.0
96.0	22.0
1177.0	22.0
803.0	22.0
333.0	22.0
223.0	22.0
1258.0	22.0
1194.0	22.0
495.0	22.0
429.0	22.0
1230.0	22.0
851.0	22.0
134.0	22.0
560.0	22.0
729.0	22.0
709.0	22.0
94.0	22.0
1449.0	22.0
1047.0	22.0
920.0	22.0
593.0	22.0
1385.0	22.0
545.0	22.0
1563.0	22.0
1469.0	22.0
1012.0	22.0
397.0	22.0
257.0	22.0
1036.0	22.0
586.0	22.0
407.0	22.0
1282.0	22.0
1612.0	22.0
208.0	22.0
197.0	22.0
267.0	22.0
187.0	22.0
1166.0	22.0
1573.0	22.0
1521.0	22.0
245.0	22.0
1131.0	22.0
1460.0	22.0
1285.0	22.0
807.0	22.0
1522.0	22.0
1478.0	22.0
287.0	22.0
935.0	22.0
1120.0	22.0
507.0	22.0
1179.0	22.0
1499.0	22.0
259.0	22.0
1031.0	22.0
266.0	22.0
786.0	22.0
797.0	22.0
1129.0	22.0
818.0	22.0
776.0	22.0
1364.0	22.0
1417.0	22.0
1426.0	22.0
1097.0	22.0
452.0	21.0
901.0	21.0
1167.0	21.0
1322.0	21.0
1704.0	21.0
1530.0	21.0
1512.0	21.0
1379.0	21.0
1232.0	21.0
1134.0	21.0
1160.0	21.0
619.0	21.0
1359.0	21.0
1104.0	21.0
278.0	21.0
929.0	21.0
715.0	21.0
1411.0	21.0
1582.0	21.0
1424.0	21.0
1550.0	21.0
1091.0	21.0
634.0	21.0
697.0	21.0
1562.0	21.0
470.0	21.0
552.0	21.0
522.0	21.0
1405.0	21.0
367.0	21.0
1161.0	21.0
1117.0	21.0
1438.0	21.0
658.0	21.0
401.0	21.0
592.0	21.0
726.0	21.0
184.0	21.0
213.0	21.0
909.0	21.0
31.0	21.0
1289.0	21.0
131.0	21.0
260.0	21.0
313.0	21.0
1360.0	21.0
837.0	21.0
872.0	21.0
482.0	21.0
765.0	21.0
1093.0	21.0
1239.0	21.0
202.0	21.0
1028.0	21.0
1067.0	21.0
70.0	21.0
576.0	21.0
1237.0	21.0
1226.0	20.0
737.0	20.0
858.0	20.0
1228.0	20.0
1081.0	20.0
1250.0	20.0
246.0	20.0
723.0	20.0
563.0	20.0
1240.0	20.0
966.0	20.0
1083.0	20.0
1269.0	20.0
211.0	20.0
1531.0	20.0
948.0	20.0
1311.0	20.0
1890.0	20.0
1475.0	20.0
303.0	20.0
672.0	20.0
1009.0	20.0
1022.0	20.0
666.0	20.0
156.0	20.0
210.0	20.0
750.0	20.0
1356.0	20.0
1372.0	20.0
1046.0	20.0
869.0	20.0
503.0	20.0
183.0	20.0
1694.0	20.0
1175.0	20.0
1355.0	20.0
1202.0	20.0
1034.0	20.0
1492.0	20.0
377.0	20.0
1448.0	20.0
221.0	20.0
1353.0	20.0
1079.0	20.0
498.0	20.0
930.0	20.0
532.0	20.0
225.0	20.0
745.0	20.0
1461.0	20.0
322.0	20.0
1149.0	20.0
1086.0	20.0
528.0	20.0
489.0	20.0
1264.0	20.0
1485.0	20.0
1580.0	20.0
1110.0	20.0
1106.0	20.0
250.0	20.0
1744.0	20.0
1453.0	20.0
284.0	20.0
690.0	20.0
299.0	20.0
877.0	20.0
985.0	20.0
806.0	20.0
645.0	20.0
1312.0	20.0
1102.0	20.0
56.0	20.0
978.0	20.0
129.0	20.0
460.0	20.0
499.0	20.0
962.0	20.0
700.0	20.0
1361.0	20.0
1342.0	20.0
1090.0	20.0
616.0	20.0
887.0	20.0
164.0	20.0
458.0	20.0
848.0	20.0
575.0	20.0
1107.0	20.0
999.0	20.0
967.0	19.0
339.0	19.0
936.0	19.0
1477.0	19.0
332.0	19.0
109.0	19.0
435.0	19.0
1321.0	19.0
150.0	19.0
928.0	19.0
770.0	19.0
923.0	19.0
1327.0	19.0
664.0	19.0
1454.0	19.0
725.0	19.0
448.0	19.0
481.0	19.0
739.0	19.0
916.0	19.0
1140.0	19.0
820.0	19.0
1019.0	19.0
1430.0	19.0
779.0	19.0
1683.0	19.0
626.0	19.0
1373.0	19.0
1401.0	19.0
140.0	19.0
1334.0	19.0
1728.0	19.0
1817.0	19.0
1513.0	19.0
1292.0	19.0
1024.0	19.0
115.0	19.0
453.0	19.0
158.0	19.0
469.0	19.0
402.0	19.0
727.0	19.0
199.0	19.0
1069.0	19.0
1163.0	19.0
1029.0	19.0
711.0	19.0
144.0	19.0
1044.0	19.0
1317.0	19.0
819.0	19.0
1404.0	19.0
305.0	19.0
539.0	19.0
1553.0	19.0
879.0	19.0
214.0	19.0
389.0	19.0
456.0	19.0
477.0	19.0
1409.0	19.0
910.0	19.0
338.0	19.0
143.0	19.0
1746.0	19.0
1626.0	19.0
155.0	19.0
990.0	19.0
1632.0	19.0
637.0	19.0
583.0	19.0
873.0	19.0
897.0	19.0
787.0	18.0
602.0	18.0
513.0	18.0
1173.0	18.0
1144.0	18.0
748.0	18.0
413.0	18.0
1440.0	18.0
523.0	18.0
185.0	18.0
674.0	18.0
351.0	18.0
234.0	18.0
1647.0	18.0
1332.0	18.0
849.0	18.0
1414.0	18.0
1820.0	18.0
1867.0	18.0
1280.0	18.0
1442.0	18.0
487.0	18.0
1625.0	18.0
1756.0	18.0
1297.0	18.0
468.0	18.0
979.0	18.0
1691.0	18.0
620.0	18.0
669.0	18.0
438.0	18.0
1839.0	18.0
683.0	18.0
518.0	18.0
1596.0	18.0
1105.0	18.0
369.0	18.0
1072.0	18.0
1422.0	18.0
291.0	18.0
809.0	18.0
846.0	18.0
847.0	18.0
1645.0	18.0
1386.0	18.0
1895.0	18.0
496.0	18.0
921.0	18.0
329.0	18.0
932.0	18.0
222.0	18.0
362.0	18.0
472.0	18.0
315.0	18.0
340.0	18.0
191.0	18.0
423.0	18.0
68.0	18.0
961.0	18.0
1089.0	18.0
1188.0	18.0
276.0	18.0
1374.0	18.0
757.0	18.0
1271.0	18.0
169.0	18.0
976.0	18.0
878.0	18.0
1168.0	18.0
1366.0	18.0
1125.0	18.0
463.0	18.0
558.0	18.0
896.0	18.0
994.0	18.0
718.0	18.0
439.0	18.0
1559.0	18.0
1429.0	17.0
181.0	17.0
1672.0	17.0
1190.0	17.0
941.0	17.0
1396.0	17.0
547.0	17.0
433.0	17.0
1597.0	17.0
236.0	17.0
189.0	17.0
574.0	17.0
756.0	17.0
445.0	17.0
912.0	17.0
1439.0	17.0
772.0	17.0
1500.0	17.0
1165.0	17.0
1101.0	17.0
1350.0	17.0
854.0	17.0
1590.0	17.0
1520.0	17.0
900.0	17.0
1205.0	17.0
1276.0	17.0
270.0	17.0
989.0	17.0
268.0	17.0
1472.0	17.0
665.0	17.0
601.0	17.0
1192.0	17.0
679.0	17.0
1262.0	17.0
1123.0	17.0
983.0	17.0
319.0	17.0
609.0	17.0
670.0	17.0
1660.0	17.0
2019.0	17.0
882.0	17.0
862.0	17.0
716.0	17.0
1799.0	17.0
1335.0	17.0
1051.0	17.0
318.0	17.0
1180.0	17.0
1570.0	17.0
1410.0	17.0
1705.0	17.0
551.0	17.0
1004.0	17.0
597.0	17.0
1743.0	17.0
1532.0	17.0
712.0	17.0
1027.0	17.0
1599.0	17.0
1279.0	17.0
614.0	17.0
1459.0	17.0
359.0	17.0
1540.0	17.0
289.0	17.0
1571.0	17.0
1458.0	17.0
1606.0	17.0
347.0	17.0
428.0	17.0
566.0	17.0
1614.0	17.0
1221.0	17.0
996.0	16.0
422.0	16.0
632.0	16.0
651.0	16.0
1267.0	16.0
667.0	16.0
265.0	16.0
1435.0	16.0
1875.0	16.0
950.0	16.0
1527.0	16.0
792.0	16.0
891.0	16.0
1624.0	16.0
693.0	16.0
218.0	16.0
790.0	16.0
1003.0	16.0
942.0	16.0
703.0	16.0
273.0	16.0
954.0	16.0
1589.0	16.0
1392.0	16.0
596.0	16.0
802.0	16.0
1656.0	16.0
799.0	16.0
1265.0	16.0
450.0	16.0
868.0	16.0
1063.0	16.0
892.0	16.0
1198.0	16.0
1408.0	16.0
54.0	16.0
1016.0	16.0
668.0	16.0
342.0	16.0
827.0	16.0
1281.0	16.0
704.0	16.0
1017.0	16.0
1305.0	16.0
791.0	16.0
311.0	16.0
122.0	16.0
1736.0	16.0
1752.0	16.0
1494.0	16.0
424.0	16.0
1263.0	16.0
360.0	16.0
1605.0	16.0
1470.0	16.0
1684.0	16.0
388.0	16.0
813.0	16.0
1954.0	16.0
773.0	16.0
1040.0	16.0
1095.0	16.0
308.0	16.0
1211.0	16.0
1381.0	16.0
294.0	16.0
1643.0	16.0
462.0	16.0
382.0	16.0
1782.0	16.0
390.0	16.0
1661.0	16.0
354.0	16.0
1377.0	16.0
631.0	16.0
52.0	16.0
374.0	16.0
1822.0	16.0
517.0	16.0
659.0	16.0
899.0	16.0
559.0	16.0
743.0	16.0
816.0	16.0
939.0	16.0
1085.0	16.0
934.0	16.0
1010.0	16.0
1387.0	16.0
196.0	16.0
860.0	16.0
242.0	16.0
1629.0	15.0
1723.0	15.0
1551.0	15.0
778.0	15.0
808.0	15.0
1754.0	15.0
357.0	15.0
1697.0	15.0
231.0	15.0
1538.0	15.0
1556.0	15.0
1921.0	15.0
708.0	15.0
1128.0	15.0
1062.0	15.0
1446.0	15.0
1666.0	15.0
1345.0	15.0
1859.0	15.0
1523.0	15.0
866.0	15.0
1070.0	15.0
1719.0	15.0
1758.0	15.0
1441.0	15.0
1207.0	15.0
1008.0	15.0
1687.0	15.0
371.0	15.0
810.0	15.0
1703.0	15.0
663.0	15.0
751.0	15.0
1319.0	15.0
1058.0	15.0
1183.0	15.0
590.0	15.0
350.0	15.0
969.0	15.0
1055.0	15.0
520.0	15.0
908.0	15.0
542.0	15.0
1549.0	15.0
353.0	15.0
1193.0	15.0
642.0	15.0
903.0	15.0
1304.0	15.0
1636.0	15.0
264.0	15.0
480.0	15.0
1700.0	15.0
516.0	15.0
112.0	15.0
907.0	15.0
1303.0	15.0
660.0	15.0
1725.0	15.0
1043.0	15.0
380.0	15.0
262.0	15.0
188.0	15.0
1351.0	15.0
1154.0	15.0
613.0	15.0
1433.0	15.0
1233.0	15.0
1699.0	15.0
1310.0	15.0
1122.0	15.0
984.0	15.0
584.0	15.0
624.0	15.0
623.0	15.0
926.0	15.0
1567.0	15.0
1631.0	15.0
1621.0	15.0
548.0	15.0
358.0	15.0
1566.0	15.0
1018.0	15.0
1467.0	15.0
1552.0	14.0
326.0	14.0
863.0	14.0
608.0	14.0
1653.0	14.0
1261.0	14.0
1014.0	14.0
1222.0	14.0
1741.0	14.0
1926.0	14.0
788.0	14.0
1200.0	14.0
1333.0	14.0
972.0	14.0
1157.0	14.0
1504.0	14.0
815.0	14.0
1615.0	14.0
1186.0	14.0
633.0	14.0
530.0	14.0
1238.0	14.0
1622.0	14.0
1657.0	14.0
733.0	14.0
1056.0	14.0
356.0	14.0
1260.0	14.0
410.0	14.0
603.0	14.0
1644.0	14.0
1796.0	14.0
1352.0	14.0
1678.0	14.0
1071.0	14.0
1677.0	14.0
1655.0	14.0
1423.0	14.0
1604.0	14.0
553.0	14.0
1347.0	14.0
1815.0	14.0
1130.0	14.0
1341.0	14.0
132.0	14.0
1026.0	14.0
1602.0	14.0
1688.0	14.0
777.0	14.0
309.0	14.0
1480.0	14.0
49.0	14.0
256.0	14.0
1302.0	14.0
67.0	14.0
198.0	14.0
486.0	14.0
139.0	14.0
884.0	14.0
644.0	14.0
971.0	14.0
1554.0	14.0
650.0	14.0
1427.0	14.0
1565.0	14.0
571.0	14.0
982.0	14.0
1732.0	14.0
1594.0	14.0
1696.0	14.0
1533.0	14.0
352.0	14.0
1443.0	14.0
1420.0	14.0
641.0	14.0
1112.0	14.0
247.0	14.0
526.0	14.0
514.0	14.0
1536.0	14.0
861.0	14.0
1455.0	14.0
2122.0	14.0
1388.0	14.0
1755.0	14.0
1635.0	14.0
227.0	14.0
812.0	14.0
919.0	14.0
612.0	14.0
964.0	14.0
1384.0	14.0
1803.0	14.0
1103.0	14.0
1537.0	13.0
1659.0	13.0
1795.0	13.0
764.0	13.0
595.0	13.0
1861.0	13.0
914.0	13.0
239.0	13.0
1293.0	13.0
1712.0	13.0
280.0	13.0
925.0	13.0
1652.0	13.0
1148.0	13.0
1191.0	13.0
1737.0	13.0
1593.0	13.0
1641.0	13.0
1679.0	13.0
852.0	13.0
1032.0	13.0
420.0	13.0
875.0	13.0
1789.0	13.0
1840.0	13.0
1682.0	13.0
1821.0	13.0
1170.0	13.0
1974.0	13.0
1775.0	13.0
1841.0	13.0
1253.0	13.0
263.0	13.0
1421.0	13.0
814.0	13.0
1415.0	13.0
1343.0	13.0
1323.0	13.0
212.0	13.0
1054.0	13.0
1419.0	13.0
1759.0	13.0
1576.0	13.0
1873.0	13.0
801.0	13.0
173.0	13.0
387.0	13.0
654.0	13.0
1784.0	13.0
1412.0	13.0
1268.0	13.0
1686.0	13.0
1234.0	13.0
1115.0	13.0
1598.0	13.0
1270.0	13.0
1098.0	13.0
880.0	13.0
573.0	13.0
1278.0	13.0
1152.0	13.0
490.0	13.0
1288.0	13.0
1709.0	13.0
1057.0	13.0
766.0	13.0
1141.0	13.0
330.0	13.0
1561.0	13.0
87.0	13.0
599.0	13.0
157.0	13.0
1457.0	13.0
113.0	13.0
1155.0	13.0
796.0	13.0
1654.0	13.0
1518.0	13.0
689.0	13.0
988.0	13.0
525.0	13.0
572.0	13.0
1488.0	13.0
998.0	13.0
271.0	13.0
405.0	13.0
543.0	13.0
1740.0	13.0
74.0	13.0
828.0	13.0
103.0	13.0
1542.0	13.0
1476.0	13.0
1797.0	12.0
399.0	12.0
1066.0	12.0
1547.0	12.0
153.0	12.0
290.0	12.0
1257.0	12.0
598.0	12.0
952.0	12.0
1015.0	12.0
1579.0	12.0
1464.0	12.0
1575.0	12.0
379.0	12.0
1931.0	12.0
707.0	12.0
373.0	12.0
508.0	12.0
1231.0	12.0
1702.0	12.0
133.0	12.0
272.0	12.0
378.0	12.0
145.0	12.0
376.0	12.0
1529.0	12.0
876.0	12.0
904.0	12.0
653.0	12.0
675.0	12.0
1400.0	12.0
1526.0	12.0
1395.0	12.0
1584.0	12.0
842.0	12.0
1731.0	12.0
1882.0	12.0
710.0	12.0
1452.0	12.0
478.0	12.0
991.0	12.0
881.0	12.0
927.0	12.0
698.0	12.0
1447.0	12.0
1135.0	12.0
662.0	12.0
1610.0	12.0
1119.0	12.0
366.0	12.0
457.0	12.0
783.0	12.0
1898.0	12.0
1617.0	12.0
392.0	12.0
835.0	12.0
864.0	12.0
549.0	12.0
647.0	12.0
1462.0	12.0
1506.0	12.0
519.0	12.0
738.0	12.0
1608.0	12.0
1690.0	12.0
1885.0	12.0
1068.0	12.0
1883.0	12.0
1456.0	12.0
968.0	12.0
1824.0	12.0
295.0	12.0
1738.0	12.0
1037.0	11.0
1750.0	11.0
476.0	11.0
302.0	11.0
1581.0	11.0
859.0	11.0
836.0	11.0
1908.0	11.0
2180.0	11.0
1777.0	11.0
1776.0	11.0
1984.0	11.0
1800.0	11.0
2062.0	11.0
1801.0	11.0
1809.0	11.0
1689.0	11.0
1961.0	11.0
1587.0	11.0
661.0	11.0
1829.0	11.0
417.0	11.0
1301.0	11.0
535.0	11.0
604.0	11.0
1793.0	11.0
412.0	11.0
244.0	11.0
1318.0	11.0
1630.0	11.0
161.0	11.0
233.0	11.0
1224.0	11.0
254.0	11.0
1671.0	11.0
694.0	11.0
1564.0	11.0
178.0	11.0
569.0	11.0
506.0	11.0
1380.0	11.0
805.0	11.0
1509.0	11.0
1525.0	11.0
841.0	11.0
1005.0	11.0
1074.0	11.0
1215.0	11.0
761.0	11.0
822.0	11.0
610.0	11.0
1638.0	11.0
1924.0	11.0
885.0	11.0
905.0	11.0
249.0	11.0
554.0	11.0
749.0	11.0
494.0	11.0
1557.0	11.0
400.0	11.0
279.0	11.0
649.0	10.0
959.0	10.0
1558.0	10.0
167.0	10.0
505.0	10.0
1790.0	10.0
635.0	10.0
232.0	10.0
141.0	10.0
789.0	10.0
974.0	10.0
937.0	10.0
1810.0	10.0
1748.0	10.0
1642.0	10.0
1255.0	10.0
735.0	10.0
1769.0	10.0
531.0	10.0
1397.0	10.0
1025.0	10.0
310.0	10.0
587.0	10.0
1256.0	10.0
1252.0	10.0
588.0	10.0
1607.0	10.0
1846.0	10.0
922.0	10.0
491.0	10.0
605.0	10.0
742.0	10.0
1854.0	10.0
606.0	10.0
1201.0	10.0
1337.0	10.0
449.0	10.0
288.0	10.0
1146.0	10.0
589.0	10.0
970.0	10.0
2238.0	10.0
829.0	10.0
1720.0	10.0
1084.0	10.0
834.0	10.0
1667.0	10.0
146.0	10.0
320.0	10.0
1858.0	10.0
902.0	10.0
1862.0	10.0
1218.0	10.0
804.0	10.0
720.0	10.0
1416.0	10.0
1807.0	10.0
960.0	10.0
1906.0	10.0
1498.0	10.0
1479.0	10.0
427.0	10.0
1616.0	10.0
1886.0	10.0
1142.0	10.0
1981.0	10.0
1060.0	10.0
1922.0	10.0
1484.0	10.0
1959.0	10.0
980.0	10.0
1662.0	10.0
578.0	10.0
2192.0	10.0
1543.0	10.0
1787.0	10.0
346.0	10.0
618.0	9.0
2240.0	9.0
1646.0	9.0
1838.0	9.0
1451.0	9.0
500.0	9.0
1856.0	9.0
2994.0	9.0
702.0	9.0
1905.0	9.0
1831.0	9.0
1437.0	9.0
656.0	9.0
717.0	9.0
2040.0	9.0
1000.0	9.0
1764.0	9.0
1857.0	9.0
1402.0	9.0
1844.0	9.0
1941.0	9.0
1407.0	9.0
1969.0	9.0
1650.0	9.0
1786.0	9.0
1888.0	9.0
1665.0	9.0
898.0	9.0
1730.0	9.0
1765.0	9.0
1100.0	9.0
1757.0	9.0
856.0	9.0
2032.0	9.0
1739.0	9.0
1236.0	9.0
1802.0	9.0
1779.0	9.0
1788.0	9.0
1713.0	9.0
1919.0	9.0
292.0	9.0
1603.0	9.0
561.0	9.0
1272.0	9.0
1330.0	9.0
1497.0	9.0
502.0	9.0
1717.0	9.0
993.0	9.0
403.0	9.0
151.0	9.0
286.0	9.0
1778.0	9.0
529.0	9.0
646.0	9.0
1979.0	9.0
1695.0	9.0
1169.0	9.0
1277.0	9.0
1711.0	9.0
497.0	9.0
696.0	9.0
384.0	9.0
408.0	9.0
511.0	8.0
1903.0	8.0
1328.0	8.0
1749.0	8.0
344.0	8.0
1721.0	8.0
657.0	8.0
1595.0	8.0
821.0	8.0
1516.0	8.0
781.0	8.0
893.0	8.0
2116.0	8.0
1159.0	8.0
1722.0	8.0
570.0	8.0
1891.0	8.0
179.0	8.0
857.0	8.0
504.0	8.0
219.0	8.0
734.0	8.0
1945.0	8.0
617.0	8.0
1639.0	8.0
1847.0	8.0
1909.0	8.0
1203.0	8.0
924.0	8.0
1747.0	8.0
1450.0	8.0
1535.0	8.0
2008.0	8.0
1835.0	8.0
1997.0	8.0
1823.0	8.0
1814.0	8.0
1708.0	8.0
2136.0	8.0
1210.0	8.0
889.0	8.0
1993.0	8.0
1767.0	8.0
1816.0	8.0
2178.0	8.0
2185.0	8.0
1727.0	8.0
201.0	8.0
951.0	8.0
1771.0	8.0
2005.0	8.0
365.0	8.0
540.0	8.0
1546.0	8.0
2132.0	8.0
2090.0	8.0
2011.0	8.0
1634.0	7.0
2306.0	7.0
2067.0	7.0
1724.0	7.0
2066.0	7.0
1833.0	7.0
2018.0	7.0
2112.0	7.0
2165.0	7.0
1805.0	7.0
1966.0	7.0
1772.0	7.0
2064.0	7.0
2024.0	7.0
368.0	7.0
1344.0	7.0
2162.0	7.0
2006.0	7.0
1968.0	7.0
1572.0	7.0
2420.0	7.0
2003.0	7.0
977.0	7.0
2004.0	7.0
2123.0	7.0
2038.0	7.0
447.0	7.0
2128.0	7.0
2134.0	7.0
2072.0	7.0
2212.0	7.0
1998.0	7.0
1813.0	7.0
2772.0	7.0
1209.0	7.0
1760.0	7.0
1674.0	7.0
1649.0	7.0
1878.0	7.0
474.0	7.0
1601.0	7.0
1153.0	7.0
454.0	7.0
1785.0	7.0
785.0	7.0
337.0	7.0
1735.0	7.0
1495.0	7.0
1832.0	7.0
1308.0	7.0
621.0	7.0
226.0	7.0
1569.0	7.0
555.0	7.0
1663.0	7.0
760.0	7.0
933.0	7.0
1887.0	7.0
361.0	7.0
1514.0	7.0
441.0	7.0
2150.0	7.0
1715.0	7.0
533.0	7.0
1762.0	7.0
398.0	6.0
2078.0	6.0
1493.0	6.0
2121.0	6.0
1798.0	6.0
1669.0	6.0
2276.0	6.0
1826.0	6.0
1881.0	6.0
1583.0	6.0
1745.0	6.0
1511.0	6.0
1991.0	6.0
2171.0	6.0
2747.0	6.0
1783.0	6.0
1893.0	6.0
629.0	6.0
2519.0	6.0
2021.0	6.0
1967.0	6.0
1213.0	6.0
1628.0	6.0
1145.0	6.0
426.0	6.0
2406.0	6.0
2235.0	6.0
615.0	6.0
2265.0	6.0
3193.0	6.0
7.0	6.0
293.0	6.0
2016.0	6.0
385.0	6.0
1837.0	6.0
1983.0	6.0
2082.0	6.0
316.0	6.0
643.0	6.0
492.0	6.0
1681.0	6.0
1640.0	6.0
483.0	6.0
1780.0	6.0
1970.0	6.0
1718.0	6.0
1539.0	6.0
1868.0	6.0
701.0	6.0
1600.0	6.0
2039.0	6.0
1900.0	6.0
345.0	6.0
1490.0	6.0
1633.0	6.0
1761.0	6.0
1716.0	6.0
343.0	6.0
1658.0	6.0
1685.0	6.0
1843.0	6.0
1978.0	6.0
2598.0	5.0
2108.0	5.0
2028.0	5.0
2986.0	5.0
3086.0	5.0
1872.0	5.0
1892.0	5.0
1957.0	5.0
2209.0	5.0
1913.0	5.0
2572.0	5.0
2327.0	5.0
3268.0	5.0
1930.0	5.0
2571.0	5.0
1151.0	5.0
2534.0	5.0
2029.0	5.0
2073.0	5.0
2070.0	5.0
1889.0	5.0
1851.0	5.0
2725.0	5.0
2034.0	5.0
2093.0	5.0
2281.0	5.0
2485.0	5.0
2998.0	5.0
2449.0	5.0
1976.0	5.0
2659.0	5.0
2266.0	5.0
2377.0	5.0
1781.0	5.0
4235.0	5.0
3616.0	5.0
1950.0	5.0
2786.0	5.0
1996.0	5.0
2353.0	5.0
2065.0	5.0
3292.0	5.0
1962.0	5.0
2958.0	5.0
1648.0	5.0
2996.0	5.0
2528.0	5.0
2168.0	5.0
1670.0	5.0
1706.0	5.0
1729.0	5.0
2102.0	5.0
2157.0	5.0
1637.0	5.0
1864.0	5.0
2140.0	5.0
1877.0	5.0
1792.0	5.0
1850.0	5.0
1502.0	5.0
253.0	5.0
1977.0	5.0
1196.0	5.0
1791.0	5.0
798.0	5.0
1987.0	5.0
1223.0	5.0
1243.0	5.0
1246.0	5.0
442.0	5.0
795.0	5.0
1812.0	5.0
406.0	5.0
1975.0	5.0
888.0	5.0
2198.0	5.0
800.0	5.0
2251.0	5.0
1619.0	5.0
2253.0	5.0
1768.0	5.0
1912.0	5.0
1849.0	5.0
1874.0	5.0
2017.0	5.0
2007.0	4.0
2882.0	4.0
1870.0	4.0
2279.0	4.0
1808.0	4.0
2256.0	4.0
2381.0	4.0
2027.0	4.0
2086.0	4.0
2492.0	4.0
2068.0	4.0
719.0	4.0
3719.0	4.0
2216.0	4.0
2933.0	4.0
2145.0	4.0
2955.0	4.0
3310.0	4.0
2439.0	4.0
1896.0	4.0
1309.0	4.0
2174.0	4.0
2154.0	4.0
1944.0	4.0
1853.0	4.0
2244.0	4.0
2320.0	4.0
2530.0	4.0
1940.0	4.0
2508.0	4.0
2457.0	4.0
1986.0	4.0
3826.0	4.0
2210.0	4.0
2714.0	4.0
2746.0	4.0
1876.0	4.0
1819.0	4.0
2458.0	4.0
2247.0	4.0
2324.0	4.0
2252.0	4.0
2033.0	4.0
2081.0	4.0
2459.0	4.0
2568.0	4.0
2562.0	4.0
1766.0	4.0
512.0	4.0
1860.0	4.0
1956.0	4.0
2130.0	4.0
1508.0	4.0
1916.0	4.0
1073.0	4.0
1901.0	4.0
564.0	4.0
640.0	4.0
2466.0	4.0
1899.0	4.0
1701.0	4.0
2206.0	4.0
915.0	4.0
1902.0	4.0
1927.0	4.0
1489.0	4.0
762.0	4.0
1842.0	4.0
2141.0	4.0
404.0	4.0
395.0	4.0
1065.0	4.0
1938.0	4.0
1995.0	4.0
1428.0	4.0
1517.0	4.0
1206.0	4.0
1013.0	4.0
2013.0	4.0
2186.0	3.0
2663.0	3.0
7236.0	3.0
4753.0	3.0
2602.0	3.0
2554.0	3.0
2288.0	3.0
3862.0	3.0
3144.0	3.0
3514.0	3.0
2950.0	3.0
2147.0	3.0
2550.0	3.0
3552.0	3.0
4623.0	3.0
2617.0	3.0
3935.0	3.0
2888.0	3.0
1958.0	3.0
2106.0	3.0
3466.0	3.0
2441.0	3.0
3647.0	3.0
3415.0	3.0
2422.0	3.0
2673.0	3.0
2237.0	3.0
4497.0	3.0
3406.0	3.0
3099.0	3.0
2450.0	3.0
2633.0	3.0
2392.0	3.0
5042.0	3.0
2997.0	3.0
3941.0	3.0
3760.0	3.0
4507.0	3.0
4012.0	3.0
2290.0	3.0
3257.0	3.0
1963.0	3.0
4090.0	3.0
2359.0	3.0
2489.0	3.0
2512.0	3.0
3841.0	3.0
2564.0	3.0
2113.0	3.0
2596.0	3.0
2650.0	3.0
3228.0	3.0
2050.0	3.0
2063.0	3.0
2095.0	3.0
2949.0	3.0
3233.0	3.0
3699.0	3.0
3792.0	3.0
1917.0	3.0
2153.0	3.0
1804.0	3.0
3281.0	3.0
3344.0	3.0
2272.0	3.0
5415.0	3.0
2262.0	3.0
6715.0	3.0
1742.0	3.0
2495.0	3.0
2221.0	3.0
2104.0	3.0
3371.0	3.0
2055.0	3.0
4000.0	3.0
4160.0	3.0
2366.0	3.0
1929.0	3.0
4307.0	3.0
3238.0	3.0
3513.0	3.0
3604.0	3.0
2295.0	3.0
2263.0	3.0
2616.0	3.0
3186.0	3.0
2202.0	3.0
2590.0	3.0
1964.0	3.0
2928.0	3.0
4017.0	3.0
2779.0	3.0
3278.0	3.0
3366.0	3.0
2275.0	3.0
2895.0	3.0
5844.0	3.0
3017.0	3.0
4257.0	3.0
3714.0	3.0
1726.0	3.0
3299.0	3.0
3383.0	3.0
3946.0	3.0
2009.0	3.0
3770.0	3.0
4117.0	3.0
3873.0	3.0
2793.0	3.0
3493.0	3.0
3000.0	3.0
2043.0	3.0
1627.0	3.0
2372.0	3.0
931.0	3.0
740.0	3.0
1999.0	3.0
1290.0	3.0
1692.0	3.0
1915.0	3.0
1836.0	3.0
1960.0	3.0
2148.0	3.0
2194.0	3.0
1825.0	3.0
1774.0	3.0
1555.0	3.0
1734.0	3.0
1869.0	3.0
2376.0	3.0
2354.0	3.0
2023.0	3.0
2374.0	3.0
2338.0	3.0
2152.0	3.0
3026.0	3.0
2169.0	3.0
1973.0	3.0
2139.0	3.0
1910.0	3.0
1675.0	3.0
2075.0	3.0
2773.0	3.0
2091.0	3.0
686.0	3.0
3455.0	3.0
4159.0	3.0
5551.0	3.0
5251.0	3.0
677.0	3.0
2118.0	3.0
2161.0	2.0
2945.0	2.0
2800.0	2.0
2125.0	2.0
2656.0	2.0
2811.0	2.0
1948.0	2.0
3806.0	2.0
3554.0	2.0
3612.0	2.0
2923.0	2.0
3139.0	2.0
2563.0	2.0
2704.0	2.0
3154.0	2.0
2421.0	2.0
3171.0	2.0
5019.0	2.0
3670.0	2.0
3710.0	2.0
3878.0	2.0
3235.0	2.0
1811.0	2.0
3845.0	2.0
3892.0	2.0
3089.0	2.0
2504.0	2.0
4557.0	2.0
2490.0	2.0
2819.0	2.0
2074.0	2.0
3858.0	2.0
5581.0	2.0
2214.0	2.0
2035.0	2.0
2540.0	2.0
2190.0	2.0
2430.0	2.0
1588.0	2.0
2307.0	2.0
5349.0	2.0
2243.0	2.0
2635.0	2.0
3145.0	2.0
2676.0	2.0
2110.0	2.0
2768.0	2.0
3722.0	2.0
3551.0	2.0
3678.0	2.0
3456.0	2.0
3624.0	2.0
2625.0	2.0
3549.0	2.0
3793.0	2.0
3721.0	2.0
2183.0	2.0
2661.0	2.0
4802.0	2.0
2506.0	2.0
2176.0	2.0
2137.0	2.0
3125.0	2.0
4413.0	2.0
2483.0	2.0
3289.0	2.0
4375.0	2.0
2499.0	2.0
2477.0	2.0
2447.0	2.0
2771.0	2.0
2393.0	2.0
2309.0	2.0
2990.0	2.0
5983.0	2.0
2916.0	2.0
2653.0	2.0
3421.0	2.0
2461.0	2.0
4057.0	2.0
2757.0	2.0
3348.0	2.0
2167.0	2.0
3071.0	2.0
2593.0	2.0
2930.0	2.0
3234.0	2.0
2411.0	2.0
2175.0	2.0
2197.0	2.0
2847.0	2.0
3293.0	2.0
3963.0	2.0
2761.0	2.0
5189.0	2.0
2851.0	2.0
2149.0	2.0
3196.0	2.0
3795.0	2.0
2217.0	2.0
5187.0	2.0
3062.0	2.0
3550.0	2.0
3501.0	2.0
2666.0	2.0
2935.0	2.0
2726.0	2.0
2862.0	2.0
2834.0	2.0
4820.0	2.0
2954.0	2.0
2335.0	2.0
3098.0	2.0
2627.0	2.0
3168.0	2.0
2491.0	2.0
2592.0	2.0
3548.0	2.0
2455.0	2.0
2781.0	2.0
2226.0	2.0
2968.0	2.0
3509.0	2.0
2469.0	2.0
2567.0	2.0
2285.0	2.0
2863.0	2.0
3064.0	2.0
4172.0	2.0
1528.0	2.0
2959.0	2.0
2160.0	2.0
2887.0	2.0
2937.0	2.0
3053.0	2.0
2896.0	2.0
4937.0	2.0
3768.0	2.0
2424.0	2.0
5807.0	2.0
3222.0	2.0
2587.0	2.0
2059.0	2.0
3319.0	2.0
3232.0	2.0
3628.0	2.0
2743.0	2.0
2785.0	2.0
2541.0	2.0
3922.0	2.0
3263.0	2.0
3035.0	2.0
3277.0	2.0
2814.0	2.0
2864.0	2.0
2486.0	2.0
3282.0	2.0
4049.0	2.0
3483.0	2.0
3111.0	2.0
2964.0	2.0
2655.0	2.0
5039.0	2.0
2735.0	2.0
3288.0	2.0
2060.0	2.0
2823.0	2.0
3028.0	2.0
5154.0	2.0
2710.0	2.0
2960.0	2.0
3030.0	2.0
2929.0	2.0
3029.0	2.0
4602.0	2.0
2030.0	2.0
4431.0	2.0
3066.0	2.0
1863.0	2.0
2203.0	2.0
2901.0	2.0
2423.0	2.0
3753.0	2.0
2201.0	2.0
2300.0	2.0
3241.0	2.0
5502.0	2.0
6821.0	2.0
2155.0	2.0
2321.0	2.0
2382.0	2.0
3569.0	2.0
3601.0	2.0
3258.0	2.0
3430.0	2.0
2769.0	2.0
2924.0	2.0
3778.0	2.0
3562.0	2.0
4056.0	2.0
2806.0	2.0
2878.0	2.0
3563.0	2.0
3083.0	2.0
2395.0	2.0
3610.0	2.0
2380.0	2.0
2223.0	2.0
3346.0	2.0
3724.0	2.0
2693.0	2.0
3052.0	2.0
3441.0	2.0
2146.0	2.0
1693.0	2.0
2097.0	2.0
1939.0	2.0
1936.0	2.0
1871.0	2.0
947.0	2.0
1920.0	2.0
4979.0	2.0
2460.0	2.0
3007.0	2.0
2257.0	2.0
2818.0	2.0
1933.0	2.0
3660.0	2.0
871.0	2.0
2658.0	2.0
2135.0	2.0
2520.0	2.0
580.0	2.0
3357.0	2.0
2398.0	2.0
2349.0	2.0
3114.0	2.0
1698.0	2.0
4632.0	2.0
3069.0	2.0
3179.0	2.0
1952.0	2.0
3373.0	2.0
3916.0	2.0
2385.0	2.0
1949.0	2.0
3361.0	2.0
3050.0	2.0
3527.0	2.0
4399.0	2.0
2001.0	2.0
2225.0	2.0
2115.0	2.0
2387.0	2.0
2394.0	2.0
2557.0	2.0
1855.0	2.0
1707.0	2.0
1830.0	2.0
1751.0	2.0
1794.0	2.0
1972.0	2.0
2270.0	2.0
1897.0	2.0
2328.0	2.0
2258.0	2.0
2025.0	2.0
2053.0	2.0
2410.0	2.0
2259.0	2.0
2691.0	2.0
3704.0	2.0
2739.0	2.0
2820.0	2.0
2718.0	2.0
2358.0	2.0
2079.0	2.0
1001.0	2.0
2972.0	2.0
3285.0	2.0
3291.0	2.0
3412.0	2.0
2048.0	2.0
3198.0	2.0
3322.0	2.0
4825.0	2.0
2269.0	2.0
2852.0	2.0
3039.0	2.0
1710.0	2.0
4355.0	2.0
3693.0	2.0
2305.0	2.0
2277.0	2.0
5429.0	2.0
4379.0	2.0
2446.0	2.0
2076.0	2.0
2526.0	2.0
2000.0	2.0
3043.0	2.0
4150.0	2.0
4080.0	2.0
2488.0	2.0
3352.0	2.0
2900.0	2.0
3016.0	2.0
1848.0	2.0
2740.0	2.0
4528.0	2.0
3478.0	2.0
2433.0	2.0
2129.0	2.0
2343.0	2.0
2388.0	2.0
4662.0	2.0
3036.0	2.0
2649.0	2.0
2368.0	2.0
2723.0	2.0
1818.0	2.0
5354.0	2.0
2518.0	2.0
2304.0	2.0
3529.0	2.0
3737.0	2.0
2951.0	2.0
2849.0	2.0
3354.0	2.0
2558.0	2.0
2865.0	2.0
4200.0	2.0
1229.0	2.0
3037.0	2.0
4675.0	2.0
4043.0	2.0
2273.0	2.0
2788.0	2.0
3516.0	2.0
2909.0	2.0
3063.0	2.0
2442.0	2.0
825.0	2.0
170.0	2.0
2501.0	1.0
1988.0	1.0
2822.0	1.0
2875.0	1.0
2041.0	1.0
2329.0	1.0
2294.0	1.0
2022.0	1.0
2751.0	1.0
1865.0	1.0
2979.0	1.0
2286.0	1.0
3059.0	1.0
2242.0	1.0
2505.0	1.0
2245.0	1.0
2105.0	1.0
2069.0	1.0
32.0	1.0
2117.0	1.0
3294.0	1.0
64.0	1.0
1923.0	1.0
1773.0	1.0
1753.0	1.0
1358.0	1.0
2045.0	1.0
2289.0	1.0
324.0	1.0
4115.0	1.0
2089.0	1.0
4374.0	1.0
2054.0	1.0
1992.0	1.0
2333.0	1.0
1907.0	1.0
2677.0	1.0
2077.0	1.0
1982.0	1.0
2405.0	1.0
3031.0	1.0
2230.0	1.0
2837.0	1.0
2037.0	1.0
565.0	-1.0
3244.0	-1.0
2166.0	-1.0
3988.0	-1.0
2510.0	-1.0
509.0	-1.0
3432.0	-1.0
1937.0	-1.0
2795.0	-1.0
2914.0	-1.0
2184.0	-1.0
2707.0	-1.0
2156.0	-1.0
2946.0	-1.0
3696.0	-1.0
2745.0	-1.0
3810.0	-1.0
2591.0	-1.0
2303.0	-1.0
2619.0	-1.0
1866.0	-1.0
2425.0	-1.0
2182.0	-1.0
2826.0	-1.0
1827.0	-1.0
2552.0	-1.0
2100.0	-1.0
2254.0	-1.0
2179.0	-1.0
2193.0	-1.0
2586.0	-1.0
2061.0	-1.0
2559.0	-1.0
2260.0	-1.0
3887.0	-2.0
2861.0	-2.0
3135.0	-2.0
2832.0	-2.0
2776.0	-2.0
2741.0	-2.0
2208.0	-2.0
2855.0	-2.0
3994.0	-2.0
3587.0	-2.0
4913.0	-2.0
2626.0	-2.0
4031.0	-2.0
4135.0	-2.0
3256.0	-2.0
4348.0	-2.0
2664.0	-2.0
2250.0	-2.0
4575.0	-2.0
2292.0	-2.0
2417.0	-2.0
2774.0	-2.0
3669.0	-2.0
3881.0	-2.0
3658.0	-2.0
4545.0	-2.0
3440.0	-2.0
3140.0	-2.0
2370.0	-2.0
3324.0	-2.0
2126.0	-2.0
2791.0	-2.0
3411.0	-2.0
2144.0	-2.0
4011.0	-2.0
5898.0	-2.0
3499.0	-2.0
2989.0	-2.0
3595.0	-2.0
2752.0	-2.0
2897.0	-2.0
2706.0	-2.0
4955.0	-2.0
2482.0	-2.0
3976.0	-2.0
1904.0	-2.0
2620.0	-2.0
2390.0	-2.0
4388.0	-2.0
2622.0	-2.0
2513.0	-2.0
2721.0	-2.0
5451.0	-2.0
3188.0	-2.0
2840.0	-2.0
5541.0	-2.0
2637.0	-2.0
4858.0	-2.0
4845.0	-2.0
4290.0	-2.0
3173.0	-2.0
2412.0	-2.0
1943.0	-2.0
3401.0	-2.0
3943.0	-2.0
5396.0	-2.0
2686.0	-2.0
2809.0	-2.0
3807.0	-2.0
2755.0	-2.0
4362.0	-2.0
2580.0	-2.0
3178.0	-2.0
6322.0	-2.0
4669.0	-2.0
3272.0	-2.0
3713.0	-2.0
2585.0	-2.0
6328.0	-2.0
3130.0	-2.0
3530.0	-2.0
4343.0	-2.0
2545.0	-2.0
4389.0	-2.0
2517.0	-2.0
2574.0	-2.0
2697.0	-2.0
4938.0	-2.0
3637.0	-2.0
5399.0	-2.0
2143.0	-2.0
3254.0	-2.0
3048.0	-2.0
2905.0	-2.0
2681.0	-2.0
3073.0	-2.0
2981.0	-2.0
2487.0	-2.0
3080.0	-2.0
2056.0	-2.0
3072.0	-2.0
2782.0	-2.0
3012.0	-2.0
3572.0	-2.0
4137.0	-2.0
2644.0	-2.0
2648.0	-2.0
4486.0	-2.0
2880.0	-2.0
4876.0	-2.0
2872.0	-2.0
3307.0	-2.0
4832.0	-2.0
2687.0	-2.0
3381.0	-2.0
2984.0	-2.0
3070.0	-2.0
3389.0	-2.0
3339.0	-2.0
3051.0	-2.0
3867.0	-2.0
2347.0	-2.0
2956.0	-2.0
2317.0	-2.0
2159.0	-2.0
2515.0	-2.0
2365.0	-2.0
2345.0	-2.0
4499.0	-2.0
1879.0	-2.0
2748.0	-2.0
2404.0	-2.0
4186.0	-2.0
3081.0	-2.0
4708.0	-2.0
3364.0	-2.0
3084.0	-2.0
3447.0	-2.0
5977.0	-2.0
3025.0	-2.0
2120.0	-2.0
3507.0	-2.0
2080.0	-2.0
3311.0	-2.0
3736.0	-2.0
2348.0	-2.0
2670.0	-2.0
3002.0	-2.0
2857.0	-2.0
2428.0	-2.0
2474.0	-2.0
3363.0	-2.0
4155.0	-2.0
2641.0	-2.0
4641.0	-2.0
2634.0	-2.0
2983.0	-2.0
2975.0	-2.0
3614.0	-2.0
3187.0	-2.0
2314.0	-2.0
2094.0	-2.0
3353.0	-2.0
3151.0	-2.0
2484.0	-2.0
1806.0	-2.0
3931.0	-2.0
4387.0	-2.0
2652.0	-2.0
3306.0	-2.0
3004.0	-2.0
3142.0	-2.0
3485.0	-2.0
2639.0	-2.0
2371.0	-2.0
2099.0	-2.0
2057.0	-2.0
2651.0	-2.0
2356.0	-2.0
2114.0	-2.0
1934.0	-2.0
2124.0	-2.0
2042.0	-2.0
1946.0	-2.0
2301.0	-2.0
2672.0	-2.0
3269.0	-2.0
2002.0	-2.0
2621.0	-2.0
5569.0	-2.0
1171.0	-2.0
2608.0	-2.0
4628.0	-2.0
1894.0	-2.0
2468.0	-2.0
2440.0	-2.0
2268.0	-2.0
2713.0	-2.0
2496.0	-2.0
3439.0	-2.0
3824.0	-2.0
2908.0	-2.0
2500.0	-2.0
3970.0	-2.0
2570.0	-2.0
3110.0	-2.0
2480.0	-2.0
2521.0	-2.0
2669.0	-2.0
3210.0	-2.0
2662.0	-2.0
2246.0	-2.0
2912.0	-2.0
4560.0	-2.0
4174.0	-2.0
4218.0	-2.0
2599.0	-2.0
3309.0	-2.0
3044.0	-2.0
4587.0	-2.0
2841.0	-2.0
2728.0	-3.0
2985.0	-3.0
2957.0	-3.0
3290.0	-3.0
4816.0	-3.0
3754.0	-3.0
2224.0	-3.0
3488.0	-3.0
3837.0	-3.0
2227.0	-3.0
2525.0	-3.0
2684.0	-3.0
2416.0	-3.0
193.0	-3.0
2323.0	-3.0
2403.0	-3.0
2163.0	-3.0
2947.0	-3.0
4407.0	-3.0
2187.0	-3.0
2036.0	-3.0
1951.0	-3.0
3003.0	-3.0
2052.0	-3.0
1971.0	-3.0
2083.0	-3.0
2339.0	-3.0
4471.0	-3.0
3274.0	-3.0
4724.0	-3.0
6017.0	-3.0
3725.0	-3.0
4544.0	-3.0
2535.0	-3.0
3399.0	-3.0
2794.0	-3.0
4302.0	-3.0
3376.0	-3.0
2400.0	-3.0
2606.0	-3.0
3895.0	-3.0
3024.0	-3.0
2604.0	-3.0
2051.0	-3.0
4712.0	-3.0
2351.0	-3.0
4370.0	-3.0
2920.0	-3.0
3394.0	-3.0
2548.0	-3.0
4808.0	-3.0
3620.0	-3.0
1953.0	-3.0
2859.0	-3.0
3634.0	-3.0
4502.0	-3.0
3559.0	-3.0
2638.0	-3.0
1965.0	-3.0
2731.0	-3.0
3189.0	-3.0
2191.0	-3.0
4804.0	-3.0
3206.0	-3.0
1955.0	-3.0
2719.0	-3.0
4404.0	-3.0
3390.0	-3.0
2344.0	-3.0
2952.0	-3.0
2389.0	-4.0
1651.0	-4.0
2544.0	-4.0
2087.0	-4.0
527.0	-4.0
1880.0	-4.0
2010.0	-4.0
3588.0	-4.0
2475.0	-4.0
2352.0	-4.0
2205.0	-4.0
3270.0	-4.0
3055.0	-4.0
3060.0	-4.0
2777.0	-4.0
2413.0	-4.0
1985.0	-4.0
2618.0	-4.0
2696.0	-4.0
3305.0	-4.0
2690.0	-4.0
3077.0	-4.0
2231.0	-4.0
2642.0	-4.0
3347.0	-4.0
2836.0	-4.0
2058.0	-4.0
3333.0	-4.0
2401.0	-5.0
2172.0	-5.0
2829.0	-5.0
2613.0	-5.0
3864.0	-5.0
2939.0	-5.0
6.0	-5.0
2326.0	-5.0
2631.0	-5.0
2399.0	-5.0
3315.0	-5.0
4476.0	-6.0
3304.0	-6.0
1932.0	-6.0
1770.0	-6.0
2429.0	-7.0
2337.0	-7.0
1714.0	-10.0
