Value	Count
48.0	16831
52.0	14272
96.0	13839
88.0	13327
72.0	13138
40.0	12904
60.0	12753
76.0	12747
64.0	12548
84.0	12381
80.0	12370
24.0	12367
104.0	12116
92.0	12030
108.0	11743
32.0	11410
112.0	11107
68.0	11066
56.0	10588
36.0	10531
100.0	10279
120.0	9461
116.0	9228
124.0	8849
44.0	8732
128.0	8575
136.0	7834
132.0	7808
140.0	7704
28.0	7206
144.0	7183
152.0	6995
164.0	6907
156.0	6851
160.0	6794
224.0	6596
148.0	6579
125.0	6359
150.0	6097
172.0	6037
168.0	6023
176.0	5929
236.0	5849
179.0	5706
180.0	5615
158.0	5462
228.0	5409
191.0	5396
188.0	5250
232.0	5180
184.0	5133
196.0	4775
129.0	4597
192.0	4586
204.0	4404
284.0	4389
279.0	4356
208.0	4329
200.0	4276
212.0	4220
183.0	4198
195.0	4109
288.0	4107
216.0	3971
154.0	3953
30.0	3791
137.0	3788
220.0	3784
240.0	3702
253.0	3519
244.0	3479
226.0	3458
248.0	3429
252.0	3419
166.0	3414
205.0	3405
211.0	3379
162.0	3379
174.0	3328
213.0	3324
280.0	3313
292.0	3303
264.0	3293
308.0	3288
312.0	3277
316.0	3248
260.0	3214
134.0	3181
230.0	3162
187.0	3061
268.0	3034
138.0	3001
275.0	2998
304.0	2935
272.0	2899
245.0	2895
142.0	2885
256.0	2845
262.0	2769
259.0	2695
31.0	2679
243.0	2678
276.0	2669
270.0	2657
263.0	2650
436.0	2624
440.0	2617
271.0	2596
356.0	2574
207.0	2548
50.0	2546
267.0	2507
199.0	2499
295.0	2499
203.0	2477
54.0	2440
341.0	2426
239.0	2403
121.0	2385
133.0	2367
219.0	2296
300.0	2282
145.0	2282
372.0	2273
62.0	2265
149.0	2262
287.0	2250
306.0	2234
296.0	2231
209.0	2227
283.0	2214
141.0	2202
234.0	2160
170.0	2150
449.0	2136
201.0	2108
167.0	2103
298.0	2082
266.0	2072
299.0	2068
249.0	2062
175.0	2054
302.0	2049
163.0	2030
255.0	2018
117.0	2011
258.0	2006
171.0	2004
241.0	1996
325.0	1987
338.0	1981
376.0	1930
82.0	1910
342.0	1887
364.0	1879
360.0	1879
412.0	1876
247.0	1871
98.0	1867
90.0	1851
350.0	1836
74.0	1824
320.0	1817
387.0	1799
217.0	1784
333.0	1777
222.0	1769
337.0	1762
78.0	1757
383.0	1754
428.0	1707
336.0	1702
359.0	1682
86.0	1680
291.0	1663
324.0	1657
340.0	1655
402.0	1650
399.0	1649
66.0	1646
345.0	1641
502.0	1640
251.0	1634
385.0	1609
406.0	1596
389.0	1590
58.0	1590
349.0	1584
363.0	1579
321.0	1578
106.0	1572
346.0	1554
332.0	1552
393.0	1543
334.0	1531
344.0	1516
102.0	1501
22.0	1500
555.0	1492
432.0	1492
457.0	1489
94.0	1486
215.0	1464
53.0	1460
397.0	1451
114.0	1444
46.0	1440
70.0	1439
110.0	1434
416.0	1427
328.0	1416
38.0	1413
470.0	1396
348.0	1390
61.0	1376
20.0	1371
368.0	1370
352.0	1366
519.0	1365
294.0	1348
57.0	1339
381.0	1339
424.0	1335
444.0	1333
427.0	1327
395.0	1318
498.0	1312
662.0	1297
93.0	1296
462.0	1273
423.0	1271
506.0	1259
185.0	1258
500.0	1255
486.0	1253
73.0	1240
97.0	1222
77.0	1218
329.0	1217
415.0	1212
81.0	1202
551.0	1201
568.0	1189
504.0	1181
408.0	1179
461.0	1166
354.0	1159
584.0	1158
419.0	1154
193.0	1147
181.0	1140
517.0	1136
515.0	1134
525.0	1133
238.0	1122
126.0	1113
42.0	1104
572.0	1101
25.0	1097
458.0	1084
197.0	1075
523.0	1073
411.0	1072
776.0	1068
542.0	1064
559.0	1062
214.0	1062
122.0	1057
527.0	1057
496.0	1052
303.0	1043
69.0	1038
118.0	1035
469.0	1033
466.0	1032
388.0	1029
465.0	1028
780.0	1022
189.0	1012
539.0	1010
178.0	1009
494.0	1006
580.0	1000
153.0	999
560.0	993
547.0	993
487.0	992
26.0	989
206.0	980
127.0	967
453.0	967
49.0	966
521.0	951
445.0	950
384.0	948
65.0	942
130.0	938
182.0	934
101.0	930
483.0	930
844.0	924
479.0	917
658.0	912
105.0	910
146.0	904
190.0	903
420.0	898
605.0	895
41.0	892
492.0	887
534.0	885
602.0	883
638.0	880
642.0	878
535.0	873
186.0	872
202.0	871
482.0	869
318.0	868
45.0	867
355.0	867
157.0	861
218.0	857
509.0	852
474.0	846
400.0	843
109.0	843
297.0	840
18.0	832
194.0	830
221.0	830
588.0	824
161.0	824
330.0	823
85.0	821
165.0	821
404.0	815
836.0	813
281.0	809
274.0	807
543.0	806
210.0	803
310.0	802
784.0	790
564.0	789
317.0	784
314.0	784
277.0	781
169.0	779
617.0	776
365.0	773
89.0	773
619.0	772
139.0	771
538.0	771
242.0	770
628.0	768
113.0	767
198.0	764
396.0	759
594.0	757
646.0	757
712.0	756
720.0	755
380.0	753
361.0	753
254.0	749
173.0	748
367.0	745
246.0	744
285.0	742
611.0	736
177.0	730
601.0	727
636.0	720
598.0	720
856.0	716
513.0	714
577.0	708
632.0	704
626.0	703
16.0	700
131.0	700
475.0	699
301.0	698
227.0	698
634.0	697
357.0	693
289.0	691
223.0	691
607.0	690
666.0	686
581.0	686
589.0	684
374.0	677
741.0	677
904.0	676
233.0	672
442.0	671
225.0	664
403.0	659
737.0	658
852.0	657
733.0	656
448.0	654
235.0	653
34.0	644
327.0	643
860.0	642
237.0	639
650.0	639
231.0	639
908.0	638
257.0	635
343.0	634
615.0	631
250.0	631
446.0	631
229.0	630
613.0	627
797.0	626
414.0	624
282.0	624
630.0	618
716.0	615
585.0	612
450.0	612
278.0	610
438.0	609
888.0	608
472.0	604
490.0	601
392.0	600
1393.0	598
964.0	596
768.0	596
378.0	595
290.0	586
143.0	585
529.0	584
358.0	582
530.0	582
544.0	578
151.0	578
597.0	577
683.0	575
339.0	575
305.0	574
679.0	571
261.0	569
753.0	568
645.0	567
640.0	566
451.0	564
323.0	557
401.0	554
653.0	554
464.0	553
286.0	552
468.0	550
335.0	549
801.0	545
147.0	545
563.0	544
896.0	543
968.0	541
675.0	538
135.0	536
772.0	534
460.0	531
391.0	531
293.0	526
573.0	517
410.0	517
491.0	517
273.0	516
123.0	513
793.0	513
508.0	509
265.0	506
540.0	505
649.0	504
430.0	504
817.0	500
531.0	497
351.0	495
960.0	495
900.0	492
362.0	492
347.0	492
708.0	489
370.0	489
729.0	489
671.0	488
309.0	486
366.0	484
473.0	481
488.0	479
331.0	478
459.0	477
426.0	477
322.0	476
452.0	472
390.0	472
816.0	472
925.0	470
418.0	469
269.0	464
326.0	464
800.0	461
417.0	460
864.0	460
792.0	459
556.0	459
840.0	458
386.0	458
592.0	455
476.0	450
369.0	449
980.0	447
429.0	446
570.0	445
788.0	445
119.0	443
624.0	442
307.0	438
484.0	438
576.0	438
425.0	438
832.0	437
463.0	430
421.0	430
1044.0	429
848.0	427
353.0	422
413.0	421
6.0	419
1048.0	417
808.0	416
557.0	409
434.0	408
654.0	407
606.0	406
319.0	405
311.0	403
764.0	403
398.0	402
657.0	401
13.0	399
813.0	396
382.0	396
972.0	394
937.0	391
1052.0	390
877.0	388
159.0	386
422.0	386
892.0	384
467.0	380
313.0	380
912.0	379
796.0	378
471.0	378
916.0	378
765.0	376
749.0	375
447.0	372
489.0	371
315.0	371
989.0	370
884.0	363
394.0	363
456.0	356
481.0	356
945.0	356
873.0	356
724.0	355
480.0	355
552.0	353
821.0	352
371.0	351
536.0	351
586.0	350
641.0	348
828.0	345
553.0	344
532.0	344
812.0	341
872.0	339
562.0	339
582.0	334
574.0	334
920.0	331
373.0	329
431.0	328
933.0	328
664.0	327
600.0	326
155.0	326
590.0	324
561.0	323
485.0	322
546.0	321
566.0	320
405.0	319
997.0	319
941.0	318
618.0	318
604.0	315
33.0	314
548.0	311
541.0	310
1040.0	310
644.0	309
455.0	308
379.0	308
623.0	307
868.0	306
622.0	306
805.0	305
921.0	302
454.0	302
29.0	302
648.0	299
984.0	298
478.0	298
824.0	297
512.0	295
511.0	294
818.0	293
433.0	291
510.0	290
520.0	289
37.0	288
377.0	287
596.0	286
549.0	286
522.0	286
516.0	285
524.0	282
587.0	281
1065.0	281
985.0	280
1001.0	279
754.0	279
608.0	277
407.0	275
660.0	274
1096.0	272
761.0	272
526.0	270
614.0	269
375.0	268
1021.0	268
441.0	268
558.0	266
514.0	266
537.0	266
757.0	263
876.0	262
63.0	261
778.0	261
493.0	261
976.0	260
809.0	259
477.0	258
528.0	257
1092.0	257
676.0	257
1081.0	257
680.0	256
593.0	255
616.0	255
578.0	254
1108.0	254
518.0	252
782.0	251
668.0	250
437.0	249
603.0	249
409.0	249
814.0	249
652.0	249
620.0	247
685.0	245
1005.0	245
672.0	244
95.0	244
439.0	243
87.0	243
599.0	240
869.0	238
435.0	236
1009.0	236
579.0	236
609.0	235
1069.0	235
820.0	235
656.0	235
591.0	235
686.0	235
583.0	233
1112.0	232
533.0	232
99.0	232
545.0	232
443.0	230
565.0	230
684.0	229
575.0	229
932.0	228
1032.0	227
1168.0	224
507.0	222
1117.0	222
550.0	222
1104.0	221
647.0	220
91.0	220
766.0	219
1160.0	219
554.0	219
1176.0	219
822.0	218
55.0	215
874.0	215
1185.0	214
952.0	213
612.0	213
621.0	213
1017.0	212
928.0	211
924.0	207
495.0	204
505.0	203
681.0	201
83.0	201
670.0	199
79.0	198
770.0	198
870.0	198
51.0	196
794.0	196
690.0	196
677.0	196
67.0	194
610.0	194
1240.0	194
659.0	194
115.0	193
786.0	192
1025.0	192
595.0	192
804.0	190
1133.0	190
687.0	189
682.0	189
651.0	189
674.0	188
503.0	187
75.0	187
714.0	186
988.0	185
678.0	183
750.0	183
107.0	182
948.0	181
499.0	180
878.0	180
655.0	177
722.0	177
946.0	176
881.0	175
810.0	173
497.0	173
103.0	172
501.0	172
992.0	172
1100.0	171
59.0	171
1232.0	170
1008.0	170
1125.0	170
838.0	169
718.0	169
7.0	168
1145.0	168
643.0	166
762.0	166
1056.0	166
1036.0	164
111.0	163
27.0	163
1000.0	163
688.0	163
944.0	162
862.0	162
728.0	161
846.0	158
726.0	158
1020.0	157
1129.0	157
802.0	157
790.0	156
940.0	156
774.0	155
625.0	154
858.0	154
929.0	154
1061.0	152
1172.0	152
752.0	152
910.0	151
758.0	150
880.0	149
627.0	148
571.0	148
1073.0	147
1193.0	146
71.0	146
569.0	146
1189.0	146
854.0	145
1236.0	144
735.0	144
635.0	141
938.0	140
760.0	138
942.0	138
661.0	138
692.0	138
673.0	137
798.0	137
906.0	137
830.0	135
736.0	135
43.0	135
1004.0	135
993.0	133
639.0	132
8.0	132
882.0	132
1149.0	132
1209.0	131
1121.0	131
689.0	130
732.0	130
755.0	130
637.0	130
743.0	129
633.0	129
710.0	129
834.0	128
1066.0	128
694.0	127
1077.0	127
745.0	127
740.0	127
1197.0	127
866.0	126
756.0	126
936.0	125
890.0	125
744.0	124
739.0	124
567.0	124
738.0	123
826.0	122
667.0	122
1006.0	122
850.0	122
1224.0	120
1012.0	120
669.0	120
966.0	119
956.0	119
1022.0	119
704.0	119
39.0	118
1024.0	118
819.0	118
1002.0	116
631.0	116
698.0	116
970.0	116
1013.0	114
730.0	114
1070.0	114
1205.0	114
706.0	114
1018.0	112
9.0	111
795.0	111
746.0	111
842.0	110
1248.0	110
734.0	109
1028.0	108
825.0	107
806.0	107
47.0	106
799.0	106
902.0	106
1010.0	106
930.0	106
629.0	105
1220.0	105
894.0	104
898.0	104
769.0	103
1082.0	103
663.0	102
721.0	102
879.0	102
1300.0	101
748.0	101
705.0	101
742.0	100
35.0	100
811.0	100
23.0	99
815.0	99
700.0	99
1141.0	99
823.0	99
1016.0	99
875.0	98
1146.0	98
1164.0	97
665.0	97
922.0	97
1064.0	97
701.0	96
926.0	96
974.0	96
914.0	96
990.0	95
934.0	95
773.0	94
962.0	94
711.0	94
691.0	94
697.0	93
702.0	93
1088.0	93
693.0	93
781.0	92
803.0	91
1130.0	91
731.0	91
759.0	90
1137.0	90
1014.0	89
886.0	89
695.0	89
696.0	89
751.0	89
1068.0	88
717.0	87
986.0	87
767.0	87
723.0	87
1060.0	87
787.0	87
982.0	87
943.0	86
783.0	86
1134.0	86
1156.0	85
713.0	85
939.0	85
1113.0	85
1201.0	85
703.0	85
1252.0	84
1292.0	84
1269.0	83
1074.0	83
1084.0	83
1062.0	83
1296.0	82
950.0	82
727.0	81
725.0	81
1072.0	81
709.0	81
715.0	80
918.0	79
1273.0	79
949.0	78
1257.0	78
699.0	78
1317.0	78
779.0	77
707.0	77
1050.0	76
719.0	76
1395.0	76
857.0	75
775.0	75
763.0	75
885.0	74
1313.0	73
1085.0	72
1080.0	72
1244.0	72
1026.0	72
1277.0	71
927.0	71
1116.0	71
947.0	70
807.0	69
1321.0	68
1003.0	68
833.0	67
841.0	67
785.0	67
996.0	66
845.0	66
1360.0	65
1210.0	65
21.0	65
837.0	64
1046.0	64
829.0	64
861.0	64
1397.0	64
954.0	64
978.0	64
1140.0	63
791.0	63
865.0	63
853.0	62
1206.0	62
1076.0	62
931.0	62
1228.0	62
1265.0	62
1150.0	62
1071.0	62
1174.0	61
1142.0	61
771.0	60
901.0	60
1180.0	60
1312.0	60
1242.0	60
1304.0	60
889.0	60
15.0	60
923.0	60
1364.0	60
1333.0	59
1128.0	59
10.0	59
998.0	59
1098.0	59
1030.0	58
839.0	58
1148.0	58
1213.0	58
789.0	58
909.0	57
747.0	57
1118.0	57
999.0	57
1067.0	57
1144.0	57
777.0	57
1178.0	57
897.0	56
935.0	56
1019.0	56
991.0	56
849.0	56
1337.0	55
1102.0	55
1054.0	55
1058.0	55
19.0	55
1042.0	55
1075.0	55
1034.0	55
905.0	55
953.0	54
1078.0	54
1281.0	54
1170.0	54
1253.0	54
827.0	53
1127.0	53
1258.0	53
1138.0	53
987.0	53
883.0	53
1380.0	53
1136.0	52
994.0	52
871.0	52
855.0	52
1120.0	51
1194.0	51
893.0	51
1110.0	50
1261.0	50
1184.0	50
1094.0	50
1033.0	50
965.0	50
1038.0	50
867.0	50
899.0	49
1308.0	49
907.0	49
1090.0	49
1029.0	49
973.0	49
1198.0	49
1266.0	48
1208.0	48
1147.0	48
835.0	48
977.0	48
958.0	47
1007.0	47
1106.0	47
1376.0	47
969.0	46
1152.0	46
831.0	46
851.0	46
1250.0	46
17.0	46
1053.0	46
961.0	46
843.0	46
1135.0	46
891.0	45
1122.0	45
863.0	45
1124.0	45
1093.0	45
1157.0	45
1214.0	44
1011.0	44
1217.0	43
1162.0	42
1187.0	42
903.0	42
917.0	42
1132.0	42
1119.0	42
1023.0	42
1131.0	41
1086.0	41
957.0	41
847.0	41
887.0	41
859.0	41
1202.0	40
1188.0	40
1282.0	39
1063.0	39
919.0	39
1329.0	39
1234.0	38
913.0	38
1372.0	38
1045.0	38
1031.0	38
1212.0	38
1270.0	37
1278.0	37
1342.0	37
14.0	37
911.0	37
1268.0	37
1389.0	37
1153.0	36
1037.0	36
1221.0	36
1114.0	36
1166.0	35
1177.0	35
1398.0	35
1196.0	35
1204.0	35
1105.0	35
1192.0	35
1207.0	35
1027.0	35
1385.0	35
967.0	34
895.0	34
1326.0	34
1322.0	34
971.0	34
915.0	33
1143.0	33
1256.0	33
1158.0	33
1254.0	33
1399.0	33
1325.0	33
1083.0	33
1374.0	33
951.0	33
1041.0	32
1169.0	32
1161.0	32
1199.0	32
1051.0	32
1109.0	32
1049.0	32
1341.0	32
1272.0	32
1349.0	32
1298.0	31
1015.0	31
1334.0	31
1097.0	30
995.0	30
963.0	30
1274.0	30
1402.0	30
959.0	30
1154.0	30
1284.0	29
1057.0	29
1394.0	29
1126.0	29
1035.0	29
1396.0	29
1182.0	28
983.0	28
1200.0	28
1222.0	28
1123.0	28
979.0	28
1275.0	28
1163.0	28
1101.0	28
1418.0	28
1195.0	27
1047.0	27
975.0	27
1309.0	27
1055.0	27
1216.0	27
1079.0	27
12.0	26
1091.0	26
1260.0	26
1401.0	26
1356.0	26
1203.0	25
1323.0	25
1271.0	25
1338.0	25
1316.0	25
1238.0	25
1111.0	24
1346.0	24
1290.0	24
1384.0	24
1259.0	24
1218.0	24
981.0	24
11.0	24
1151.0	24
1186.0	23
1332.0	23
1324.0	23
1190.0	23
1095.0	23
1262.0	23
1226.0	23
1294.0	23
1320.0	23
1237.0	23
1173.0	22
1191.0	22
1039.0	22
1366.0	22
1215.0	22
1241.0	22
1350.0	22
1087.0	22
1368.0	22
1310.0	21
1245.0	21
1276.0	21
1059.0	21
1139.0	21
1318.0	21
1363.0	21
1288.0	21
1302.0	20
1404.0	20
1211.0	20
1330.0	20
1408.0	20
1344.0	20
1286.0	19
1155.0	19
1421.0	19
1422.0	19
1246.0	19
1279.0	19
1287.0	19
1229.0	19
1327.0	19
1225.0	19
1365.0	19
1424.0	19
1400.0	19
955.0	19
1428.0	18
1426.0	18
1103.0	18
1230.0	18
1159.0	18
1311.0	18
1107.0	18
1340.0	18
1336.0	18
1305.0	18
1115.0	18
1165.0	18
1348.0	18
1263.0	17
1181.0	17
1386.0	17
1167.0	17
1297.0	17
1502.0	17
1357.0	17
1299.0	17
1179.0	17
1285.0	17
1335.0	17
1370.0	17
1099.0	16
1219.0	16
1416.0	16
1239.0	16
1382.0	16
1243.0	16
1362.0	16
1251.0	16
1383.0	16
1043.0	16
1466.0	15
1437.0	15
1283.0	15
1089.0	15
1468.0	15
1233.0	15
1616.0	15
1235.0	15
1410.0	15
1293.0	15
1412.0	14
1358.0	14
1375.0	14
1379.0	14
1289.0	14
1314.0	14
1420.0	14
1536.0	14
1328.0	14
1352.0	14
1267.0	14
1171.0	14
1540.0	14
1519.0	14
1438.0	14
1390.0	14
1343.0	14
1405.0	14
1432.0	14
1494.0	14
1436.0	14
1378.0	14
1351.0	13
1355.0	13
1280.0	13
1610.0	13
1440.0	13
1301.0	13
1430.0	13
1474.0	13
1387.0	13
1264.0	13
1433.0	13
1520.0	13
1306.0	13
1514.0	13
1458.0	13
1560.0	12
1319.0	12
1291.0	12
1476.0	12
1501.0	12
1407.0	12
1464.0	12
1470.0	12
1518.0	12
1498.0	12
1339.0	12
1485.0	12
1459.0	12
1448.0	12
1315.0	12
1255.0	12
1445.0	12
1227.0	12
1586.0	11
1353.0	11
1223.0	11
1450.0	11
1503.0	11
1471.0	11
1488.0	11
1175.0	11
1392.0	11
1249.0	11
1634.0	11
1388.0	11
1597.0	11
1425.0	11
1345.0	11
1307.0	11
1594.0	11
1377.0	11
1545.0	11
1369.0	11
1347.0	10
1456.0	10
1499.0	10
1462.0	10
1653.0	10
1493.0	10
1373.0	10
1409.0	10
1441.0	10
1331.0	10
1510.0	10
1444.0	10
1512.0	10
1542.0	10
1561.0	10
1574.0	10
1487.0	10
1926.0	10
1541.0	10
1367.0	10
1442.0	10
1231.0	10
1423.0	10
1453.0	10
1460.0	10
1496.0	10
1381.0	10
1247.0	10
1391.0	10
1724.0	9
1740.0	9
1535.0	9
1630.0	9
1578.0	9
1449.0	9
1361.0	9
1183.0	9
1648.0	9
1547.0	9
1354.0	9
1555.0	9
1732.0	9
1447.0	9
1923.0	9
1427.0	9
1548.0	9
1303.0	9
1429.0	9
1896.0	9
1413.0	9
1439.0	9
1792.0	9
1406.0	8
1605.0	8
1504.0	8
1490.0	8
1553.0	8
1495.0	8
1642.0	8
1737.0	8
1461.0	8
1434.0	8
1505.0	8
1534.0	8
1625.0	8
1517.0	8
1469.0	8
1463.0	8
1562.0	8
1411.0	8
1465.0	8
1452.0	8
1754.0	8
1601.0	8
1694.0	8
1497.0	8
1591.0	8
1419.0	8
1608.0	8
1414.0	8
1532.0	7
1828.0	7
1435.0	7
1539.0	7
1933.0	7
1569.0	7
1525.0	7
1764.0	7
1528.0	7
1443.0	7
1619.0	7
1700.0	7
1603.0	7
1705.0	7
1477.0	7
1552.0	7
1592.0	7
1506.0	7
1712.0	7
1524.0	7
1454.0	7
1473.0	7
1707.0	7
1451.0	7
1703.0	7
1481.0	7
1874.0	7
1877.0	7
2137.0	7
1550.0	7
1674.0	7
1565.0	7
1728.0	7
1580.0	7
1666.0	7
1613.0	7
1431.0	7
1486.0	7
2600.0	6
1598.0	6
1798.0	6
1709.0	6
1990.0	6
1523.0	6
1576.0	6
1640.0	6
1658.0	6
1838.0	6
1556.0	6
1599.0	6
1417.0	6
1492.0	6
1359.0	6
1546.0	6
1531.0	6
2246.0	6
2628.0	6
2090.0	6
1558.0	6
1669.0	6
1637.0	6
1834.0	6
1875.0	6
1489.0	6
1522.0	6
1697.0	6
1684.0	6
1602.0	6
1668.0	6
1483.0	6
1673.0	6
1626.0	6
1543.0	6
1861.0	6
1973.0	6
1500.0	6
1645.0	6
1480.0	6
1570.0	6
1774.0	6
1538.0	6
1557.0	6
1482.0	6
1403.0	6
1475.0	6
1967.0	6
1295.0	6
1944.0	6
1652.0	6
2078.0	6
1758.0	5
1508.0	5
1617.0	5
1971.0	5
1588.0	5
1731.0	5
1928.0	5
2240.0	5
1800.0	5
1678.0	5
1491.0	5
1701.0	5
1567.0	5
2568.0	5
2100.0	5
1904.0	5
1573.0	5
2038.0	5
1936.0	5
1582.0	5
1693.0	5
2027.0	5
1415.0	5
1676.0	5
2004.0	5
1723.0	5
1581.0	5
1681.0	5
2030.0	5
1725.0	5
2002.0	5
1721.0	5
1853.0	5
1940.0	5
1845.0	5
1457.0	5
1777.0	5
2074.0	5
1526.0	5
1595.0	5
2841.0	5
1516.0	5
1772.0	5
1702.0	5
1529.0	5
1761.0	5
1807.0	5
1606.0	5
1568.0	5
2288.0	5
1643.0	5
1577.0	5
2020.0	5
1554.0	5
1817.0	5
2034.0	5
1752.0	5
1564.0	5
2092.0	5
1686.0	5
1981.0	5
1715.0	5
1614.0	5
2097.0	5
1865.0	5
1511.0	5
2253.0	5
1769.0	4
1999.0	4
1689.0	4
1635.0	4
1730.0	4
1649.0	4
4709.0	4
1958.0	4
2377.0	4
2024.0	4
1623.0	4
1566.0	4
2334.0	4
1890.0	4
1945.0	4
2289.0	4
1750.0	4
2199.0	4
1472.0	4
1836.0	4
2131.0	4
1738.0	4
1895.0	4
1660.0	4
1757.0	4
1813.0	4
2633.0	4
1646.0	4
1624.0	4
2014.0	4
1949.0	4
1590.0	4
1680.0	4
2088.0	4
1479.0	4
1706.0	4
2436.0	4
1781.0	4
1589.0	4
1771.0	4
1968.0	4
1527.0	4
2204.0	4
1748.0	4
1868.0	4
1530.0	4
1810.0	4
1959.0	4
2462.0	4
1908.0	4
2173.0	4
2134.0	4
1632.0	4
2128.0	4
1833.0	4
1820.0	4
1615.0	4
1663.0	4
1860.0	4
1745.0	4
1593.0	4
1916.0	4
1854.0	4
1628.0	4
1776.0	4
1667.0	4
2009.0	4
2275.0	4
1782.0	4
1696.0	4
1844.0	4
2388.0	4
1478.0	4
1842.0	4
1671.0	4
1779.0	4
1549.0	4
2132.0	4
1909.0	4
1521.0	4
2596.0	4
2352.0	4
1784.0	4
1446.0	4
1629.0	4
2482.0	4
1824.0	4
1851.0	4
1866.0	4
2086.0	4
1773.0	4
1793.0	4
1884.0	4
1902.0	4
1639.0	4
1741.0	4
1641.0	4
2142.0	4
1886.0	4
1609.0	4
1690.0	3
1744.0	3
1647.0	3
1883.0	3
2113.0	3
1906.0	3
1507.0	3
2161.0	3
2120.0	3
1644.0	3
2064.0	3
2000.0	3
1656.0	3
2164.0	3
2226.0	3
2270.0	3
1571.0	3
2214.0	3
1679.0	3
2066.0	3
2223.0	3
1859.0	3
2235.0	3
1627.0	3
1650.0	3
2242.0	3
1832.0	3
1611.0	3
1692.0	3
1664.0	3
2541.0	3
1726.0	3
1780.0	3
1699.0	3
1765.0	3
1811.0	3
2001.0	3
1938.0	3
1986.0	3
2123.0	3
1742.0	3
2797.0	3
1563.0	3
1584.0	3
1677.0	3
2093.0	3
2063.0	3
2948.0	3
2285.0	3
2324.0	3
1579.0	3
1953.0	3
1826.0	3
1852.0	3
2265.0	3
1794.0	3
2554.0	3
1809.0	3
2230.0	3
2946.0	3
1756.0	3
1955.0	3
1513.0	3
2059.0	3
2385.0	3
1837.0	3
1802.0	3
2143.0	3
2301.0	3
1371.0	3
2697.0	3
2202.0	3
1766.0	3
2322.0	3
1796.0	3
2229.0	3
2227.0	3
2080.0	3
1585.0	3
1898.0	3
1934.0	3
2011.0	3
2076.0	3
1636.0	3
1804.0	3
1840.0	3
2025.0	3
2152.0	3
1596.0	3
1698.0	3
1867.0	3
2236.0	3
1638.0	3
1847.0	3
3055.0	3
2276.0	3
2892.0	3
2017.0	3
2225.0	3
2111.0	3
2243.0	3
1770.0	3
2441.0	3
1651.0	3
2431.0	3
2264.0	3
2589.0	3
2475.0	3
1797.0	3
1688.0	3
1633.0	3
1970.0	3
2499.0	3
1957.0	3
2012.0	3
1716.0	3
1604.0	3
1818.0	3
2035.0	3
1455.0	3
2224.0	3
2279.0	3
1760.0	3
2363.0	3
1965.0	3
1621.0	3
1803.0	3
1559.0	3
2188.0	3
2594.0	3
1948.0	3
2263.0	3
2150.0	3
1856.0	3
1719.0	3
2041.0	3
1551.0	3
1930.0	3
1821.0	3
3034.0	3
2075.0	3
1733.0	3
2348.0	3
1515.0	3
1683.0	3
2008.0	3
2656.0	3
2079.0	3
1960.0	3
2921.0	2
2395.0	2
3808.0	2
2943.0	2
2130.0	2
2005.0	2
2433.0	2
2876.0	2
3300.0	2
2129.0	2
1872.0	2
2446.0	2
1988.0	2
2356.0	2
2944.0	2
2372.0	2
2248.0	2
2821.0	2
2256.0	2
1907.0	2
2681.0	2
1919.0	2
2087.0	2
1788.0	2
1972.0	2
1682.0	2
1858.0	2
2566.0	2
2349.0	2
1814.0	2
1871.0	2
1687.0	2
1735.0	2
2095.0	2
3149.0	2
2213.0	2
2358.0	2
3352.0	2
2706.0	2
1739.0	2
2396.0	2
3458.0	2
2743.0	2
1950.0	2
2959.0	2
2069.0	2
3427.0	2
3373.0	2
3201.0	2
1685.0	2
2206.0	2
1785.0	2
2763.0	2
2533.0	2
2638.0	2
1749.0	2
2250.0	2
1747.0	2
1956.0	2
2781.0	2
1831.0	2
3076.0	2
1969.0	2
2241.0	2
2413.0	2
3085.0	2
4852.0	2
2434.0	2
3546.0	2
1805.0	2
2459.0	2
1978.0	2
1899.0	2
3744.0	2
2679.0	2
4478.0	2
2906.0	2
1583.0	2
2028.0	2
2198.0	2
1894.0	2
2607.0	2
2115.0	2
2247.0	2
1888.0	2
2312.0	2
2887.0	2
1786.0	2
2466.0	2
2083.0	2
1661.0	2
2762.0	2
4112.0	2
2266.0	2
1722.0	2
2488.0	2
2124.0	2
1544.0	2
1901.0	2
2133.0	2
1612.0	2
2364.0	2
3216.0	2
2751.0	2
4838.0	2
3065.0	2
2114.0	2
1893.0	2
1587.0	2
1665.0	2
2537.0	2
2148.0	2
1572.0	2
1790.0	2
1974.0	2
2081.0	2
1762.0	2
2187.0	2
2725.0	2
3025.0	2
3142.0	2
2267.0	2
1924.0	2
2353.0	2
2197.0	2
1714.0	2
1951.0	2
1791.0	2
2139.0	2
1736.0	2
1717.0	2
1900.0	2
2112.0	2
1484.0	2
1939.0	2
2217.0	2
2044.0	2
3971.0	2
1912.0	2
2195.0	2
2194.0	2
1892.0	2
2295.0	2
1467.0	2
2154.0	2
3445.0	2
2252.0	2
3126.0	2
1729.0	2
1931.0	2
3608.0	2
2056.0	2
2574.0	2
2437.0	2
2185.0	2
2577.0	2
2506.0	2
1600.0	2
1631.0	2
2309.0	2
2046.0	2
2966.0	2
2262.0	2
2037.0	2
1622.0	2
2703.0	2
3505.0	2
1920.0	2
1620.0	2
4055.0	2
1998.0	2
1799.0	2
1655.0	2
2617.0	2
2196.0	2
3074.0	2
3137.0	2
2201.0	2
1734.0	2
1941.0	2
2794.0	2
2190.0	2
1889.0	2
1989.0	2
1751.0	2
2648.0	2
2237.0	2
2221.0	2
2401.0	2
3050.0	2
1783.0	2
1708.0	2
2359.0	2
3030.0	2
2029.0	2
2817.0	2
2234.0	2
1885.0	2
2595.0	2
1806.0	2
2637.0	2
2238.0	2
2954.0	2
2969.0	2
2440.0	2
1917.0	2
1704.0	2
2793.0	2
2018.0	2
3524.0	2
2335.0	2
3038.0	2
2734.0	2
2101.0	2
1659.0	2
2360.0	2
3372.0	2
3150.0	2
2209.0	2
2616.0	2
2732.0	2
2192.0	2
3063.0	2
2687.0	2
1767.0	2
2118.0	2
1778.0	2
2055.0	2
1607.0	2
1710.0	2
1618.0	2
2268.0	2
1848.0	2
2427.0	2
2305.0	2
2649.0	2
1935.0	2
1864.0	2
1825.0	2
1657.0	2
3552.0	2
1789.0	2
3724.0	2
2211.0	1
2259.0	1
2321.0	1
2787.0	1
3183.0	1
1575.0	1
1980.0	1
3735.0	1
2050.0	1
2668.0	1
2147.0	1
2404.0	1
1816.0	1
3129.0	1
2283.0	1
3392.0	1
1850.0	1
2424.0	1
2043.0	1
2136.0	1
2272.0	1
2085.0	1
2045.0	1
1670.0	1
2714.0	1
2690.0	1
2212.0	1
2867.0	1
3144.0	1
2153.0	1
3306.0	1
2752.0	1
2126.0	1
3578.0	1
2099.0	1
1753.0	1
3661.0	1
1943.0	1
2168.0	1
2077.0	1
3340.0	1
2443.0	1
3123.0	1
4158.0	1
2910.0	1
2023.0	1
2411.0	1
4327.0	1
2536.0	1
3224.0	1
2757.0	1
2477.0	1
2175.0	1
3136.0	1
2067.0	1
2071.0	1
2507.0	1
3695.0	1
2526.0	1
2658.0	1
2146.0	1
3765.0	1
3349.0	1
1675.0	1
2868.0	1
2303.0	1
3338.0	1
3593.0	1
2015.0	1
1961.0	1
4998.0	1
2304.0	1
2862.0	1
2026.0	1
2468.0	1
2886.0	1
2096.0	1
2094.0	1
2805.0	1
2091.0	1
1775.0	1
3223.0	1
2941.0	1
1880.0	1
1787.0	1
2255.0	1
3251.0	1
2310.0	1
2618.0	1
2051.0	1
2450.0	1
2585.0	1
2548.0	1
3281.0	1
2487.0	1
1994.0	1
2564.0	1
3879.0	1
2210.0	1
2426.0	1
2755.0	1
1829.0	1
2647.0	1
2610.0	1
2313.0	1
3960.0	1
2518.0	1
2742.0	1
3336.0	1
3213.0	1
3056.0	1
2170.0	1
2327.0	1
2274.0	1
2122.0	1
3107.0	1
1947.0	1
2728.0	1
2278.0	1
2604.0	1
3325.0	1
2293.0	1
1763.0	1
2726.0	1
2163.0	1
1927.0	1
3717.0	1
2061.0	1
2171.0	1
2653.0	1
2626.0	1
2788.0	1
3154.0	1
2319.0	1
3521.0	1
1975.0	1
2882.0	1
3230.0	1
2251.0	1
3620.0	1
2620.0	1
2486.0	1
1863.0	1
2922.0	1
2013.0	1
2345.0	1
2368.0	1
1755.0	1
3098.0	1
3279.0	1
2764.0	1
2062.0	1
5911.0	1
2940.0	1
1823.0	1
2661.0	1
1819.0	1
2296.0	1
2398.0	1
2384.0	1
1857.0	1
2160.0	1
2065.0	1
2032.0	1
2323.0	1
2366.0	1
2180.0	1
3161.0	1
2106.0	1
2605.0	1
1841.0	1
2294.0	1
3095.0	1
2053.0	1
1952.0	1
3178.0	1
2048.0	1
2498.0	1
2280.0	1
2623.0	1
2102.0	1
1925.0	1
1830.0	1
3681.0	1
2724.0	1
2720.0	1
2281.0	1
2695.0	1
2925.0	1
2167.0	1
3225.0	1
2284.0	1
1929.0	1
2916.0	1
3723.0	1
3202.0	1
2298.0	1
2936.0	1
2158.0	1
2977.0	1
3313.0	1
3104.0	1
3052.0	1
2529.0	1
2145.0	1
3145.0	1
2513.0	1
2511.0	1
2926.0	1
1509.0	1
2636.0	1
2016.0	1
2315.0	1
2859.0	1
2116.0	1
2444.0	1
5927.0	1
1891.0	1
1962.0	1
1801.0	1
2515.0	1
2033.0	1
1942.0	1
3382.0	1
2021.0	1
1869.0	1
2818.0	1
2615.0	1
2127.0	1
2467.0	1
3746.0	1
2481.0	1
1903.0	1
3596.0	1
2875.0	1
1743.0	1
2135.0	1
2676.0	1
2172.0	1
2138.0	1
1910.0	1
4164.0	1
2586.0	1
2587.0	1
1882.0	1
3138.0	1
4502.0	1
3141.0	1
2601.0	1
2098.0	1
2193.0	1
1695.0	1
4000.0	1
1993.0	1
3051.0	1
2643.0	1
1897.0	1
3007.0	1
2216.0	1
3337.0	1
1997.0	1
3321.0	1
3490.0	1
2501.0	1
2290.0	1
2888.0	1
4609.0	1
3666.0	1
1718.0	1
2052.0	1
1533.0	1
2082.0	1
2860.0	1
4462.0	1
2837.0	1
2155.0	1
2674.0	1
1846.0	1
2412.0	1
2233.0	1
2766.0	1
3028.0	1
3006.0	1
2060.0	1
4348.0	1
2931.0	1
1537.0	1
2415.0	1
2611.0	1
2698.0	1
2865.0	1
2678.0	1
2878.0	1
1727.0	1
2346.0	1
1976.0	1
1654.0	1
2362.0	1
2665.0	1
2228.0	1
2357.0	1
3092.0	1
2333.0	1
2282.0	1
2492.0	1
2339.0	1
1905.0	1
2176.0	1
2332.0	1
2220.0	1
1881.0	1
2169.0	1
1835.0	1
3827.0	1
3985.0	1
2827.0	1
2254.0	1
3434.0	1
2010.0	1
2464.0	1
1711.0	1
1991.0	1
2445.0	1
2003.0	1
2494.0	1
1887.0	1
5226.0	1
2741.0	1
2846.0	1
3068.0	1
2942.0	1
4300.0	1
2657.0	1
2592.0	1
3194.0	1
2073.0	1
2705.0	1
4440.0	1
5577.0	1
3478.0	1
1849.0	1
2144.0	1
2408.0	1
2373.0	1
2553.0	1
3127.0	1
4004.0	1
2995.0	1
1922.0	1
4814.0	1
3176.0	1
1954.0	1
2717.0	1
1746.0	1
2561.0	1
2924.0	1
2671.0	1
3269.0	1
