Value	Count
3.0	26485
24.0	23480
2.0	21447
40.0	18417
48.0	17919
32.0	16279
72.0	16065
64.0	15227
88.0	15189
36.0	15098
56.0	14691
92.0	14432
80.0	14374
52.0	13397
68.0	13378
104.0	13311
96.0	12773
76.0	12201
60.0	11968
84.0	11961
108.0	11792
120.0	11609
112.0	11576
28.0	11370
44.0	11070
19.0	10983
12.0	10498
124.0	10353
116.0	10259
128.0	10111
100.0	9399
136.0	9131
132.0	9004
140.0	8637
6.0	8334
144.0	8296
13.0	8279
152.0	7677
18.0	7591
156.0	7522
148.0	7272
30.0	7184
164.0	7152
160.0	6984
8.0	6696
172.0	6374
176.0	6150
180.0	6070
168.0	6041
25.0	6027
49.0	5925
188.0	5728
57.0	5700
184.0	5562
192.0	5052
196.0	5028
10.0	4855
5.0	4739
204.0	4529
200.0	4452
81.0	4403
208.0	4394
4.0	4391
212.0	4385
73.0	4222
224.0	4078
216.0	3923
220.0	3753
228.0	3654
240.0	3443
232.0	3385
252.0	3324
236.0	3292
97.0	3176
248.0	3140
244.0	3124
260.0	2964
264.0	2950
31.0	2870
256.0	2712
268.0	2595
65.0	2501
284.0	2474
89.0	2450
272.0	2437
276.0	2430
105.0	2426
14.0	2254
53.0	2248
292.0	2233
280.0	2214
300.0	2029
61.0	1979
296.0	1948
288.0	1934
41.0	1878
93.0	1863
9.0	1828
129.0	1806
20.0	1762
26.0	1759
69.0	1705
77.0	1690
113.0	1677
304.0	1651
308.0	1636
45.0	1621
121.0	1615
312.0	1581
316.0	1499
320.0	1389
109.0	1363
101.0	1350
324.0	1334
7.0	1321
58.0	1314
85.0	1222
37.0	1209
50.0	1194
336.0	1140
29.0	1132
117.0	1116
332.0	1100
328.0	1089
137.0	1073
125.0	1058
153.0	1040
82.0	1008
157.0	1005
145.0	985
340.0	979
74.0	971
33.0	964
11.0	962
15.0	944
133.0	941
66.0	937
149.0	904
161.0	880
169.0	869
141.0	852
90.0	845
165.0	840
98.0	839
348.0	827
21.0	799
173.0	794
185.0	770
344.0	765
189.0	759
54.0	705
177.0	684
197.0	663
106.0	662
356.0	657
193.0	656
114.0	654
352.0	632
181.0	622
201.0	597
78.0	597
27.0	594
42.0	593
360.0	590
62.0	578
22.0	560
122.0	560
51.0	538
225.0	521
35.0	509
205.0	509
94.0	508
364.0	508
209.0	499
38.0	499
70.0	488
229.0	484
221.0	483
213.0	483
233.0	476
110.0	474
83.0	473
368.0	461
59.0	460
102.0	451
86.0	449
217.0	440
91.0	433
46.0	430
372.0	428
253.0	414
130.0	404
138.0	401
126.0	396
237.0	391
118.0	390
376.0	388
245.0	382
134.0	381
67.0	378
261.0	376
241.0	373
75.0	371
162.0	370
34.0	369
43.0	365
257.0	364
265.0	356
150.0	340
39.0	334
16.0	332
249.0	330
158.0	328
99.0	324
142.0	323
55.0	322
269.0	321
380.0	319
388.0	316
71.0	312
281.0	312
107.0	309
146.0	309
384.0	309
154.0	308
174.0	304
17.0	300
273.0	298
166.0	293
285.0	286
79.0	284
63.0	283
289.0	282
301.0	276
95.0	275
277.0	267
293.0	266
47.0	262
123.0	257
103.0	254
87.0	253
170.0	250
115.0	249
392.0	239
178.0	236
190.0	235
111.0	234
186.0	234
206.0	232
297.0	232
194.0	224
309.0	223
305.0	222
131.0	216
210.0	215
182.0	214
119.0	211
317.0	210
313.0	209
135.0	204
143.0	203
325.0	201
198.0	201
321.0	196
396.0	195
202.0	186
139.0	185
127.0	185
400.0	185
226.0	171
151.0	168
329.0	165
222.0	164
238.0	162
333.0	159
163.0	159
242.0	157
214.0	155
218.0	153
23.0	153
183.0	152
234.0	146
179.0	145
155.0	145
246.0	144
254.0	143
159.0	141
408.0	141
230.0	140
258.0	140
171.0	139
147.0	136
167.0	136
412.0	136
404.0	135
341.0	131
345.0	129
270.0	128
266.0	124
353.0	124
337.0	124
262.0	122
175.0	121
357.0	119
416.0	119
191.0	116
349.0	113
187.0	111
365.0	110
199.0	110
278.0	105
195.0	105
282.0	101
424.0	101
274.0	100
420.0	99
302.0	96
219.0	96
373.0	94
369.0	94
432.0	93
250.0	92
235.0	92
227.0	91
211.0	91
306.0	89
207.0	87
215.0	86
223.0	85
247.0	84
239.0	84
203.0	82
361.0	81
231.0	80
286.0	79
310.0	79
440.0	79
298.0	79
255.0	78
428.0	77
290.0	76
436.0	76
294.0	76
318.0	67
456.0	66
389.0	64
322.0	61
385.0	61
397.0	61
334.0	60
366.0	59
251.0	58
381.0	58
464.0	57
401.0	57
314.0	56
267.0	56
326.0	55
444.0	55
263.0	54
393.0	53
452.0	53
287.0	52
448.0	52
354.0	52
476.0	52
342.0	52
330.0	52
413.0	51
271.0	50
409.0	50
417.0	49
460.0	49
377.0	49
291.0	48
243.0	48
279.0	47
508.0	47
315.0	45
259.0	45
295.0	45
350.0	45
480.0	44
275.0	43
421.0	43
303.0	41
283.0	41
370.0	41
358.0	40
405.0	39
484.0	39
496.0	39
426.0	38
437.0	36
338.0	35
492.0	35
425.0	35
378.0	35
468.0	34
331.0	34
429.0	32
323.0	32
335.0	32
488.0	30
441.0	30
414.0	30
374.0	29
339.0	29
509.0	29
359.0	29
445.0	28
485.0	28
346.0	28
453.0	28
327.0	27
351.0	27
472.0	27
307.0	26
433.0	26
299.0	26
382.0	26
473.0	26
311.0	26
461.0	26
457.0	25
469.0	25
489.0	24
465.0	24
390.0	24
362.0	24
434.0	24
363.0	24
386.0	22
319.0	22
449.0	22
430.0	22
355.0	22
477.0	21
343.0	21
347.0	21
512.0	20
375.0	20
505.0	19
406.0	19
394.0	19
379.0	19
497.0	19
528.0	19
504.0	19
383.0	19
524.0	18
410.0	18
500.0	18
552.0	18
481.0	18
529.0	18
418.0	18
367.0	17
520.0	17
569.0	17
510.0	17
371.0	17
462.0	17
513.0	17
446.0	17
522.0	16
544.0	16
516.0	16
422.0	16
506.0	15
568.0	15
470.0	15
402.0	15
561.0	15
548.0	14
556.0	14
474.0	14
403.0	14
458.0	14
454.0	14
554.0	14
557.0	14
399.0	13
530.0	13
463.0	13
450.0	13
415.0	13
398.0	13
592.0	13
577.0	12
423.0	12
493.0	12
540.0	12
467.0	12
541.0	12
609.0	12
532.0	12
491.0	11
560.0	11
518.0	11
466.0	11
564.0	11
494.0	11
498.0	11
558.0	11
439.0	11
517.0	11
537.0	11
471.0	11
427.0	10
580.0	10
525.0	10
487.0	10
419.0	10
438.0	10
624.0	10
570.0	10
553.0	10
636.0	10
442.0	10
600.0	10
478.0	9
507.0	9
594.0	9
455.0	9
546.0	9
598.0	9
495.0	9
576.0	9
574.0	9
696.0	9
431.0	9
395.0	8
632.0	8
475.0	8
545.0	8
501.0	8
538.0	8
391.0	8
459.0	8
618.0	8
551.0	8
626.0	8
411.0	8
644.0	8
483.0	8
616.0	8
486.0	8
490.0	8
503.0	8
593.0	8
443.0	8
628.0	8
451.0	8
588.0	8
387.0	8
565.0	7
674.0	7
407.0	7
612.0	7
589.0	7
606.0	7
502.0	7
572.0	7
581.0	7
732.0	7
604.0	7
584.0	7
521.0	7
536.0	7
482.0	7
511.0	7
526.0	6
543.0	6
629.0	6
591.0	6
645.0	6
705.0	6
514.0	6
542.0	6
573.0	6
610.0	6
575.0	6
677.0	6
646.0	6
533.0	6
549.0	6
676.0	5
633.0	5
535.0	5
587.0	5
692.0	5
666.0	5
623.0	5
845.0	5
710.0	5
680.0	5
627.0	5
657.0	5
673.0	5
608.0	5
519.0	5
683.0	5
738.0	5
582.0	5
730.0	5
729.0	5
602.0	5
614.0	5
578.0	5
550.0	4
531.0	4
662.0	4
678.0	4
686.0	4
770.0	4
595.0	4
744.0	4
621.0	4
702.0	4
752.0	4
723.0	4
693.0	4
634.0	4
694.0	4
599.0	4
688.0	4
648.0	4
527.0	4
597.0	4
665.0	4
601.0	4
534.0	4
479.0	4
637.0	4
539.0	4
607.0	4
741.0	4
731.0	4
435.0	4
555.0	4
684.0	3
622.0	3
523.0	3
499.0	3
959.0	3
667.0	3
716.0	3
620.0	3
649.0	3
718.0	3
566.0	3
590.0	3
671.0	3
650.0	3
823.0	3
748.0	3
647.0	3
842.0	3
779.0	3
638.0	3
794.0	3
661.0	3
822.0	3
717.0	3
749.0	3
679.0	3
643.0	3
769.0	3
788.0	3
833.0	3
754.0	3
952.0	3
697.0	3
669.0	3
798.0	3
751.0	3
664.0	3
740.0	3
745.0	3
772.0	3
585.0	3
583.0	3
699.0	3
631.0	2
619.0	2
712.0	2
828.0	2
763.0	2
791.0	2
714.0	2
814.0	2
934.0	2
721.0	2
672.0	2
806.0	2
835.0	2
759.0	2
896.0	2
720.0	2
658.0	2
861.0	2
447.0	2
781.0	2
742.0	2
615.0	2
767.0	2
1021.0	2
820.0	2
722.0	2
659.0	2
789.0	2
834.0	2
889.0	2
764.0	2
701.0	2
969.0	2
813.0	2
1081.0	2
559.0	2
886.0	2
862.0	2
737.0	2
762.0	2
792.0	2
812.0	2
515.0	2
707.0	2
724.0	2
804.0	2
875.0	2
1319.0	2
776.0	2
711.0	2
777.0	2
640.0	2
1054.0	2
830.0	2
703.0	2
641.0	2
981.0	2
758.0	2
838.0	2
950.0	2
768.0	2
1028.0	2
807.0	2
635.0	2
1040.0	2
817.0	2
579.0	2
668.0	2
687.0	2
796.0	2
1025.0	2
815.0	2
848.0	2
1063.0	2
999.0	1
603.0	1
773.0	1
547.0	1
1001.0	1
1432.0	1
690.0	1
727.0	1
660.0	1
860.0	1
786.0	1
895.0	1
803.0	1
867.0	1
805.0	1
617.0	1
915.0	1
567.0	1
925.0	1
801.0	1
708.0	1
994.0	1
932.0	1
746.0	1
562.0	1
1495.0	1
1438.0	1
941.0	1
871.0	1
725.0	1
706.0	1
809.0	1
974.0	1
681.0	1
1150.0	1
914.0	1
1024.0	1
1174.0	1
879.0	1
757.0	1
685.0	1
853.0	1
1026.0	1
1000.0	1
1022.0	1
841.0	1
825.0	1
797.0	1
992.0	1
653.0	1
884.0	1
824.0	1
656.0	1
1452.0	1
682.0	1
945.0	1
977.0	1
898.0	1
808.0	1
1086.0	1
782.0	1
847.0	1
663.0	1
625.0	1
1090.0	1
743.0	1
942.0	1
1125.0	1
966.0	1
670.0	1
873.0	1
586.0	1
1097.0	1
799.0	1
605.0	1
894.0	1
655.0	1
1234.0	1
734.0	1
810.0	1
709.0	1
996.0	1
949.0	1
1483.0	1
611.0	1
1007.0	1
869.0	1
753.0	1
1103.0	1
955.0	1
940.0	1
698.0	1
851.0	1
908.0	1
1065.0	1
596.0	1
858.0	1
846.0	1
918.0	1
719.0	1
991.0	1
784.0	1
755.0	1
787.0	1
1198.0	1
1187.0	1
713.0	1
715.0	1
