Value	Count
3.0	26694
6.0	22449
2.0	20955
7.0	17878
52.0	17437
48.0	15876
60.0	15396
4.0	15118
8.0	14372
64.0	13453
30.0	11996
72.0	11893
84.0	11464
96.0	11247
5.0	10939
76.0	10875
14.0	10516
80.0	10016
124.0	9738
88.0	8670
100.0	8556
9.0	8018
108.0	7587
136.0	7395
148.0	7296
112.0	7070
156.0	6797
116.0	6777
33.0	6512
104.0	6484
160.0	6247
164.0	6054
176.0	5679
172.0	5608
128.0	5507
208.0	5491
132.0	5403
144.0	5263
180.0	5255
120.0	5189
188.0	4937
140.0	4817
248.0	4768
220.0	4759
56.0	4709
196.0	4603
20.0	4523
192.0	4516
92.0	4370
204.0	4274
240.0	4184
232.0	4126
152.0	4086
200.0	4040
216.0	3762
168.0	3750
68.0	3681
244.0	3485
184.0	3430
228.0	3429
256.0	3411
288.0	3370
264.0	3151
224.0	3142
268.0	3030
272.0	2977
308.0	2944
236.0	2872
280.0	2788
276.0	2768
316.0	2667
292.0	2558
328.0	2433
252.0	2410
296.0	2407
360.0	2361
300.0	2357
260.0	2333
332.0	2320
212.0	2265
304.0	2262
340.0	2201
312.0	2162
344.0	2119
348.0	2095
12.0	2026
380.0	2004
320.0	1999
388.0	1975
324.0	1959
352.0	1953
18.0	1952
392.0	1919
284.0	1915
364.0	1895
368.0	1879
372.0	1858
336.0	1834
376.0	1746
384.0	1670
412.0	1647
408.0	1614
416.0	1607
400.0	1557
440.0	1555
420.0	1544
356.0	1506
424.0	1483
396.0	1479
404.0	1477
452.0	1444
456.0	1428
428.0	1411
432.0	1404
472.0	1278
468.0	1273
10.0	1260
504.0	1232
480.0	1220
444.0	1219
496.0	1219
460.0	1170
464.0	1161
520.0	1123
484.0	1079
436.0	1078
488.0	1049
528.0	1036
512.0	1023
524.0	1013
476.0	1007
448.0	998
536.0	980
568.0	944
508.0	924
584.0	908
552.0	902
492.0	894
544.0	888
532.0	871
564.0	848
600.0	837
548.0	835
500.0	832
516.0	819
556.0	767
612.0	766
592.0	754
540.0	752
560.0	741
576.0	738
604.0	712
628.0	706
616.0	686
11.0	672
644.0	672
652.0	668
572.0	666
580.0	650
632.0	639
624.0	639
588.0	632
608.0	621
620.0	617
656.0	607
596.0	598
672.0	584
636.0	575
640.0	561
16.0	558
44.0	526
660.0	520
684.0	519
664.0	519
676.0	474
22.0	453
688.0	451
700.0	446
21.0	444
708.0	420
668.0	419
648.0	411
696.0	409
692.0	386
704.0	386
680.0	379
728.0	375
720.0	369
716.0	359
736.0	354
724.0	349
732.0	328
40.0	328
712.0	320
740.0	308
748.0	302
744.0	279
764.0	275
752.0	263
756.0	256
760.0	241
776.0	227
15.0	224
1020.0	220
772.0	212
768.0	210
780.0	206
792.0	192
24.0	190
788.0	190
796.0	187
55.0	185
13.0	183
27.0	178
808.0	177
78.0	176
90.0	170
828.0	167
800.0	165
784.0	161
820.0	158
36.0	155
63.0	151
67.0	149
114.0	144
804.0	140
844.0	138
816.0	137
66.0	134
812.0	134
824.0	133
836.0	125
860.0	117
28.0	117
126.0	114
87.0	113
138.0	112
82.0	110
106.0	108
102.0	107
198.0	105
54.0	104
130.0	103
110.0	101
79.0	100
86.0	100
162.0	99
75.0	98
150.0	98
59.0	95
118.0	95
17.0	95
94.0	92
852.0	92
174.0	90
840.0	89
832.0	89
83.0	89
74.0	89
864.0	88
98.0	87
166.0	87
122.0	87
58.0	87
91.0	87
186.0	87
51.0	87
70.0	86
158.0	82
182.0	80
856.0	80
71.0	79
848.0	78
178.0	78
154.0	77
222.0	77
62.0	75
134.0	75
872.0	74
142.0	71
190.0	71
888.0	70
95.0	69
246.0	68
884.0	67
19.0	67
146.0	66
194.0	66
34.0	66
250.0	65
868.0	65
37.0	64
50.0	63
876.0	63
26.0	63
880.0	63
270.0	62
210.0	60
115.0	60
242.0	59
99.0	59
127.0	58
234.0	57
23.0	57
258.0	57
202.0	57
103.0	56
900.0	55
32.0	55
170.0	55
896.0	53
920.0	53
912.0	53
214.0	53
131.0	52
81.0	52
218.0	49
107.0	49
278.0	49
294.0	48
940.0	48
282.0	48
936.0	48
206.0	47
139.0	46
908.0	46
111.0	46
39.0	46
230.0	45
151.0	44
916.0	43
892.0	41
306.0	41
274.0	39
238.0	39
179.0	39
155.0	38
302.0	38
904.0	37
366.0	37
266.0	37
414.0	37
956.0	37
251.0	37
119.0	36
326.0	36
73.0	35
105.0	35
226.0	35
85.0	35
960.0	34
147.0	34
47.0	34
924.0	34
948.0	33
298.0	33
135.0	33
262.0	32
159.0	32
65.0	32
342.0	31
113.0	31
163.0	31
53.0	31
932.0	31
370.0	31
330.0	31
964.0	31
394.0	30
338.0	30
38.0	29
117.0	29
101.0	29
286.0	29
35.0	29
235.0	29
97.0	28
314.0	28
322.0	28
254.0	28
402.0	28
203.0	28
69.0	28
290.0	27
976.0	27
334.0	27
171.0	27
125.0	27
93.0	27
318.0	27
133.0	27
25.0	27
123.0	27
57.0	26
265.0	26
996.0	26
358.0	26
988.0	26
474.0	26
187.0	26
143.0	25
378.0	25
1008.0	24
438.0	24
89.0	24
952.0	24
972.0	24
231.0	24
279.0	24
223.0	24
167.0	24
310.0	24
527.0	23
183.0	23
498.0	23
1012.0	23
145.0	23
157.0	23
968.0	23
350.0	22
199.0	22
253.0	22
398.0	22
354.0	22
944.0	22
195.0	21
175.0	21
1000.0	21
570.0	21
153.0	21
149.0	21
229.0	21
161.0	21
283.0	21
984.0	21
928.0	20
77.0	20
215.0	20
980.0	20
390.0	20
374.0	19
169.0	19
426.0	19
382.0	19
406.0	19
575.0	19
247.0	19
211.0	19
271.0	19
213.0	18
109.0	18
462.0	18
450.0	18
311.0	18
181.0	18
379.0	18
259.0	17
482.0	17
386.0	17
546.0	17
346.0	17
42.0	17
129.0	17
1004.0	17
446.0	16
1016.0	16
191.0	16
141.0	16
165.0	16
430.0	16
227.0	16
551.0	16
992.0	16
225.0	15
550.0	15
458.0	15
137.0	15
631.0	15
193.0	15
466.0	15
726.0	14
197.0	14
315.0	14
470.0	14
121.0	14
643.0	14
185.0	14
41.0	14
61.0	14
43.0	14
510.0	14
383.0	14
217.0	14
442.0	13
291.0	13
1068.0	13
526.0	13
387.0	13
543.0	13
422.0	13
630.0	13
221.0	13
362.0	13
563.0	13
347.0	13
1040.0	13
506.0	13
454.0	13
634.0	12
710.0	12
1128.0	12
486.0	12
647.0	12
494.0	12
1224.0	12
566.0	12
514.0	12
518.0	12
201.0	12
337.0	12
502.0	12
658.0	12
395.0	12
542.0	12
319.0	12
1032.0	12
287.0	12
281.0	12
1064.0	12
555.0	11
559.0	11
371.0	11
702.0	11
614.0	11
487.0	11
1052.0	11
439.0	11
547.0	11
674.0	11
623.0	11
233.0	11
567.0	11
642.0	11
409.0	11
663.0	11
335.0	11
207.0	11
562.0	11
534.0	11
1080.0	11
275.0	11
359.0	10
522.0	10
762.0	10
654.0	10
774.0	10
345.0	10
1044.0	10
325.0	10
219.0	10
241.0	10
173.0	10
433.0	10
303.0	10
622.0	10
255.0	10
299.0	10
46.0	10
277.0	10
606.0	10
1088.0	10
307.0	10
603.0	10
503.0	10
627.0	10
29.0	10
739.0	9
1196.0	9
393.0	9
427.0	9
1216.0	9
381.0	9
177.0	9
485.0	9
746.0	9
385.0	9
331.0	9
831.0	9
205.0	9
451.0	9
690.0	9
530.0	9
249.0	9
297.0	9
610.0	9
49.0	9
243.0	9
491.0	9
239.0	9
267.0	9
418.0	9
1176.0	9
730.0	9
459.0	9
679.0	8
375.0	8
571.0	8
339.0	8
678.0	8
447.0	8
189.0	8
431.0	8
558.0	8
578.0	8
411.0	8
667.0	8
301.0	8
626.0	8
313.0	8
369.0	8
635.0	8
1056.0	8
618.0	8
602.0	8
595.0	8
269.0	8
483.0	8
441.0	8
639.0	8
686.0	8
351.0	8
531.0	8
655.0	8
343.0	8
1036.0	8
1084.0	8
295.0	8
582.0	8
257.0	8
1024.0	8
743.0	8
443.0	8
333.0	8
327.0	8
465.0	7
594.0	7
425.0	7
367.0	7
586.0	7
321.0	7
1156.0	7
1136.0	7
714.0	7
421.0	7
758.0	7
1236.0	7
515.0	7
1168.0	7
323.0	7
317.0	7
918.0	7
434.0	7
1396.0	7
719.0	7
423.0	7
1140.0	7
786.0	7
1284.0	7
723.0	7
417.0	7
535.0	7
619.0	7
798.0	7
329.0	7
403.0	7
377.0	7
583.0	7
591.0	6
858.0	6
1212.0	6
598.0	6
755.0	6
1076.0	6
1108.0	6
419.0	6
401.0	6
349.0	6
675.0	6
405.0	6
237.0	6
437.0	6
1172.0	6
273.0	6
353.0	6
391.0	6
609.0	6
599.0	6
754.0	6
449.0	6
209.0	6
731.0	6
687.0	6
694.0	6
407.0	6
435.0	6
882.0	6
429.0	6
1048.0	6
1124.0	6
633.0	6
845.0	5
735.0	5
389.0	5
495.0	5
847.0	5
683.0	5
1104.0	5
834.0	5
1208.0	5
1116.0	5
490.0	5
870.0	5
802.0	5
641.0	5
590.0	5
1022.0	5
759.0	5
361.0	5
415.0	5
1164.0	5
263.0	5
1132.0	5
1096.0	5
990.0	5
846.0	5
341.0	5
659.0	5
906.0	5
587.0	5
898.0	5
1028.0	5
1152.0	5
455.0	5
822.0	5
517.0	5
878.0	5
261.0	5
399.0	5
1184.0	5
574.0	5
1292.0	5
1112.0	5
711.0	5
914.0	5
289.0	5
1006.0	5
826.0	5
1092.0	5
805.0	5
285.0	5
373.0	4
883.0	4
709.0	4
469.0	4
413.0	4
657.0	4
245.0	4
471.0	4
646.0	4
638.0	4
410.0	4
682.0	4
1324.0	4
305.0	4
499.0	4
699.0	4
778.0	4
966.0	4
478.0	4
475.0	4
903.0	4
1332.0	4
738.0	4
1256.0	4
363.0	4
894.0	4
467.0	4
453.0	4
691.0	4
1188.0	4
525.0	4
1050.0	4
1268.0	4
650.0	4
854.0	4
637.0	4
930.0	4
661.0	4
707.0	4
751.0	4
978.0	4
489.0	4
839.0	4
806.0	4
397.0	4
850.0	4
685.0	4
523.0	4
509.0	4
1248.0	4
838.0	4
1023.0	4
1026.0	3
479.0	3
662.0	3
722.0	3
1316.0	3
1276.0	3
554.0	3
1344.0	3
1148.0	3
463.0	3
734.0	3
1038.0	3
749.0	3
695.0	3
697.0	3
1320.0	3
1254.0	3
601.0	3
815.0	3
818.0	3
579.0	3
45.0	3
810.0	3
1220.0	3
670.0	3
1280.0	3
793.0	3
705.0	3
365.0	3
779.0	3
355.0	3
565.0	3
1608.0	3
607.0	3
1530.0	3
715.0	3
725.0	3
1264.0	3
770.0	3
1492.0	3
309.0	3
1544.0	3
677.0	3
727.0	3
501.0	3
681.0	3
1580.0	3
629.0	3
1018.0	3
611.0	3
1748.0	3
1170.0	3
889.0	3
1180.0	3
954.0	3
795.0	3
1192.0	3
986.0	3
871.0	3
1120.0	3
866.0	3
794.0	3
807.0	3
1368.0	3
617.0	3
461.0	3
1308.0	3
538.0	3
1200.0	3
849.0	3
1400.0	3
521.0	3
1552.0	3
651.0	3
973.0	3
666.0	3
293.0	3
775.0	3
1508.0	2
809.0	2
953.0	2
1548.0	2
863.0	2
1968.0	2
689.0	2
1424.0	2
1440.0	2
1288.0	2
1618.0	2
985.0	2
1144.0	2
457.0	2
785.0	2
1272.0	2
827.0	2
1315.0	2
997.0	2
790.0	2
862.0	2
1139.0	2
1100.0	2
1794.0	2
909.0	2
1072.0	2
1071.0	2
974.0	2
1160.0	2
533.0	2
750.0	2
1612.0	2
649.0	2
665.0	2
1019.0	2
766.0	2
927.0	2
1232.0	2
1260.0	2
539.0	2
625.0	2
693.0	2
1029.0	2
842.0	2
569.0	2
561.0	2
1073.0	2
493.0	2
507.0	2
851.0	2
843.0	2
1127.0	2
1206.0	2
357.0	2
995.0	2
763.0	2
874.0	2
1078.0	2
1388.0	2
994.0	2
907.0	2
2116.0	2
1704.0	2
797.0	2
814.0	2
886.0	2
597.0	2
1034.0	2
1864.0	2
1456.0	2
718.0	2
513.0	2
669.0	2
497.0	2
1240.0	2
477.0	2
1114.0	2
1468.0	2
1253.0	2
1053.0	2
581.0	2
1696.0	2
621.0	2
1788.0	2
671.0	2
771.0	2
1471.0	2
557.0	2
1472.0	2
1512.0	2
811.0	2
1590.0	2
773.0	2
1460.0	2
1448.0	2
1312.0	2
541.0	2
783.0	2
865.0	2
1015.0	2
701.0	2
545.0	2
615.0	2
1521.0	2
922.0	2
1464.0	2
1376.0	2
1364.0	2
767.0	2
1062.0	2
1238.0	2
1524.0	2
1005.0	2
1252.0	2
31.0	2
519.0	2
1616.0	2
1060.0	2
698.0	2
782.0	2
1716.0	2
1384.0	2
585.0	2
829.0	1
933.0	1
993.0	1
553.0	1
910.0	1
653.0	1
1436.0	1
1660.0	1
2316.0	1
1089.0	1
605.0	1
577.0	1
721.0	1
1348.0	1
799.0	1
1584.0	1
1444.0	1
1480.0	1
1027.0	1
1398.0	1
1121.0	1
859.0	1
971.0	1
1199.0	1
741.0	1
957.0	1
1728.0	1
833.0	1
729.0	1
1572.0	1
1496.0	1
830.0	1
511.0	1
1346.0	1
1992.0	1
890.0	1
1118.0	1
787.0	1
1868.0	1
733.0	1
2202.0	1
1031.0	1
946.0	1
857.0	1
1293.0	1
1392.0	1
573.0	1
473.0	1
1037.0	1
1650.0	1
855.0	1
717.0	1
747.0	1
673.0	1
823.0	1
1418.0	1
1087.0	1
1090.0	1
445.0	1
1367.0	1
1372.0	1
1865.0	1
1017.0	1
977.0	1
757.0	1
1059.0	1
2092.0	1
2368.0	1
549.0	1
1057.0	1
781.0	1
915.0	1
1542.0	1
835.0	1
1452.0	1
1507.0	1
1201.0	1
1010.0	1
1702.0	1
1336.0	1
991.0	1
970.0	1
926.0	1
1239.0	1
706.0	1
1047.0	1
983.0	1
1432.0	1
1122.0	1
901.0	1
1356.0	1
1194.0	1
1836.0	1
979.0	1
2431.0	1
1684.0	1
769.0	1
777.0	1
1234.0	1
1380.0	1
1722.0	1
1644.0	1
998.0	1
934.0	1
895.0	1
959.0	1
481.0	1
505.0	1
589.0	1
737.0	1
801.0	1
