Value	Count
4.0	62030
2.0	30452
3.0	26278
8.0	20525
7.0	17045
6.0	14050
5.0	13980
10.0	11665
14.0	11119
20.0	9204
9.0	7802
13.0	7779
12.0	7760
148.0	7447
24.0	7240
15.0	7187
124.0	6417
28.0	6238
16.0	6151
18.0	5773
176.0	5437
11.0	5396
29.0	5356
128.0	5292
21.0	5253
132.0	5059
188.0	4856
30.0	4781
136.0	4638
140.0	4518
268.0	4386
200.0	4333
208.0	4217
19.0	4199
220.0	4171
156.0	3841
22.0	3830
32.0	3814
152.0	3797
25.0	3734
224.0	3673
236.0	3565
160.0	3480
164.0	3411
232.0	3383
17.0	3342
168.0	3337
248.0	3330
244.0	3277
252.0	3261
27.0	3224
23.0	3157
304.0	3141
260.0	3118
172.0	3117
256.0	3114
180.0	2857
26.0	2839
276.0	2806
316.0	2800
38.0	2751
184.0	2708
272.0	2699
42.0	2620
280.0	2602
40.0	2514
332.0	2508
192.0	2481
328.0	2479
284.0	2451
196.0	2416
288.0	2360
204.0	2327
376.0	2294
340.0	2274
300.0	2257
292.0	2257
296.0	2251
348.0	2229
216.0	2202
352.0	2188
228.0	2176
212.0	2114
308.0	2092
48.0	2057
52.0	1997
240.0	1943
312.0	1943
368.0	1938
360.0	1936
324.0	1928
54.0	1908
50.0	1882
364.0	1846
412.0	1831
320.0	1807
380.0	1805
384.0	1706
336.0	1686
424.0	1633
396.0	1615
388.0	1610
344.0	1597
264.0	1590
392.0	1578
432.0	1560
400.0	1545
468.0	1523
440.0	1521
404.0	1500
452.0	1493
488.0	1488
356.0	1474
87.0	1473
408.0	1464
372.0	1417
420.0	1417
456.0	1403
416.0	1394
496.0	1382
472.0	1372
144.0	1364
460.0	1360
428.0	1259
480.0	1250
444.0	1249
504.0	1238
90.0	1167
436.0	1159
484.0	1147
448.0	1143
532.0	1123
520.0	1098
508.0	1091
528.0	1070
1020.0	1061
540.0	1033
464.0	1031
512.0	1009
564.0	1005
584.0	996
552.0	991
560.0	982
476.0	975
592.0	958
544.0	951
568.0	947
604.0	931
524.0	930
572.0	920
516.0	906
576.0	887
536.0	877
612.0	866
628.0	846
492.0	846
596.0	844
500.0	836
644.0	826
548.0	818
600.0	791
608.0	777
556.0	773
652.0	754
624.0	744
588.0	732
616.0	727
636.0	725
632.0	710
580.0	707
672.0	703
656.0	683
684.0	682
620.0	677
668.0	660
700.0	658
708.0	641
680.0	637
664.0	637
724.0	617
648.0	606
696.0	605
716.0	586
728.0	577
688.0	574
704.0	573
660.0	570
732.0	569
676.0	549
712.0	536
36.0	530
748.0	526
640.0	518
744.0	514
796.0	513
692.0	509
60.0	507
720.0	504
740.0	503
58.0	497
736.0	476
31.0	474
780.0	469
752.0	467
784.0	455
760.0	449
788.0	438
768.0	436
808.0	432
756.0	427
776.0	426
772.0	426
46.0	417
764.0	407
804.0	401
342.0	397
792.0	396
318.0	394
126.0	393
330.0	389
334.0	388
350.0	387
800.0	380
820.0	370
828.0	368
812.0	361
306.0	360
378.0	356
844.0	351
836.0	344
852.0	339
864.0	337
44.0	333
832.0	323
362.0	323
370.0	321
816.0	320
386.0	312
326.0	310
34.0	309
426.0	305
354.0	305
876.0	304
414.0	298
840.0	293
824.0	289
322.0	285
860.0	280
298.0	279
888.0	277
390.0	277
454.0	275
872.0	273
442.0	272
338.0	272
358.0	270
856.0	268
290.0	267
346.0	267
410.0	266
394.0	265
382.0	265
366.0	264
398.0	263
406.0	262
56.0	257
286.0	257
294.0	256
848.0	252
402.0	249
434.0	247
470.0	247
374.0	247
314.0	245
302.0	241
490.0	239
134.0	239
462.0	237
498.0	236
146.0	234
908.0	233
458.0	232
310.0	230
892.0	225
138.0	225
422.0	224
130.0	222
474.0	217
418.0	217
900.0	214
896.0	210
884.0	209
438.0	207
868.0	204
142.0	202
33.0	196
912.0	193
430.0	189
916.0	188
466.0	187
920.0	184
522.0	184
904.0	180
482.0	179
924.0	179
158.0	177
446.0	177
486.0	174
880.0	174
282.0	172
546.0	170
948.0	170
150.0	168
518.0	165
450.0	162
506.0	162
530.0	159
510.0	158
542.0	157
526.0	155
57.0	155
478.0	154
154.0	154
936.0	152
928.0	148
514.0	145
81.0	143
534.0	142
494.0	141
964.0	141
940.0	139
932.0	138
39.0	134
944.0	125
78.0	123
960.0	121
1024.0	119
502.0	119
63.0	117
538.0	116
162.0	115
956.0	114
972.0	113
35.0	112
952.0	112
166.0	107
178.0	106
984.0	104
996.0	97
62.0	96
170.0	94
976.0	94
72.0	94
174.0	92
968.0	91
75.0	90
980.0	90
45.0	85
37.0	85
84.0	84
1000.0	83
992.0	82
190.0	80
66.0	80
602.0	80
1022.0	79
606.0	79
222.0	79
554.0	78
562.0	77
550.0	76
630.0	75
598.0	72
988.0	70
1008.0	69
194.0	69
638.0	69
64.0	68
570.0	68
610.0	68
1012.0	68
558.0	67
278.0	67
1016.0	66
582.0	66
590.0	65
226.0	64
198.0	64
182.0	64
186.0	64
614.0	62
41.0	62
51.0	62
566.0	61
594.0	60
1004.0	60
218.0	57
69.0	57
116.0	57
674.0	57
706.0	57
574.0	56
214.0	56
206.0	56
230.0	56
634.0	56
262.0	55
210.0	55
202.0	55
578.0	54
710.0	54
662.0	53
646.0	53
702.0	53
622.0	53
658.0	52
686.0	51
76.0	51
238.0	51
670.0	51
47.0	49
91.0	49
254.0	49
626.0	49
654.0	49
258.0	48
94.0	48
274.0	48
722.0	47
155.0	47
698.0	47
650.0	47
234.0	46
53.0	46
618.0	46
714.0	46
266.0	46
43.0	45
250.0	45
270.0	44
96.0	44
242.0	44
120.0	44
68.0	43
766.0	42
666.0	42
690.0	42
726.0	42
730.0	42
678.0	42
682.0	41
55.0	40
586.0	40
754.0	38
167.0	37
246.0	37
151.0	37
49.0	37
786.0	36
798.0	36
139.0	36
718.0	36
367.0	36
694.0	36
67.0	35
642.0	35
746.0	34
814.0	34
742.0	34
838.0	34
135.0	33
108.0	33
866.0	33
65.0	32
80.0	32
778.0	31
734.0	31
131.0	30
159.0	30
750.0	30
770.0	30
143.0	30
738.0	30
287.0	30
70.0	29
834.0	29
104.0	29
850.0	29
61.0	29
758.0	28
846.0	28
92.0	28
818.0	28
343.0	27
179.0	27
59.0	27
830.0	27
822.0	27
1028.0	27
894.0	27
878.0	27
762.0	27
147.0	26
862.0	26
782.0	26
197.0	26
112.0	26
403.0	25
171.0	25
195.0	25
291.0	25
191.0	25
810.0	25
1040.0	25
185.0	24
938.0	24
854.0	24
163.0	24
886.0	24
339.0	23
183.0	23
153.0	23
890.0	23
201.0	23
175.0	23
133.0	22
898.0	22
83.0	22
315.0	22
127.0	22
391.0	22
842.0	22
1044.0	22
359.0	22
347.0	21
802.0	21
181.0	21
1026.0	21
331.0	21
100.0	21
311.0	21
85.0	21
371.0	20
229.0	20
874.0	20
323.0	20
247.0	20
958.0	20
774.0	20
295.0	20
826.0	20
974.0	19
137.0	19
161.0	19
307.0	19
363.0	19
193.0	19
305.0	19
351.0	19
187.0	19
882.0	19
303.0	19
74.0	19
269.0	19
954.0	18
790.0	18
806.0	18
211.0	18
1056.0	18
79.0	18
1032.0	18
1023.0	18
237.0	18
82.0	18
93.0	18
215.0	17
145.0	17
383.0	17
89.0	17
223.0	17
966.0	17
319.0	17
177.0	17
239.0	17
149.0	16
1030.0	16
942.0	16
235.0	16
141.0	16
335.0	16
173.0	16
375.0	16
157.0	16
1072.0	16
914.0	16
233.0	16
1048.0	15
858.0	15
982.0	15
439.0	15
255.0	15
355.0	15
443.0	15
207.0	15
389.0	15
411.0	15
95.0	15
245.0	15
169.0	15
902.0	15
88.0	14
209.0	14
870.0	14
165.0	14
447.0	14
910.0	14
203.0	14
387.0	14
353.0	14
1168.0	14
794.0	14
345.0	14
333.0	14
1108.0	14
381.0	14
283.0	14
205.0	13
281.0	13
219.0	13
267.0	13
435.0	13
978.0	13
1132.0	13
189.0	13
994.0	13
213.0	13
71.0	13
379.0	13
257.0	13
98.0	13
419.0	13
129.0	12
385.0	12
231.0	12
615.0	12
1036.0	12
349.0	12
595.0	12
407.0	12
397.0	12
413.0	12
399.0	12
313.0	12
950.0	12
263.0	12
251.0	12
199.0	12
423.0	12
1212.0	12
543.0	12
934.0	11
373.0	11
421.0	11
299.0	11
998.0	11
1216.0	11
301.0	11
437.0	11
1112.0	11
329.0	11
271.0	11
791.0	11
507.0	11
86.0	11
930.0	11
279.0	11
473.0	11
357.0	11
325.0	11
1100.0	11
922.0	11
327.0	10
277.0	10
341.0	10
603.0	10
463.0	10
361.0	10
265.0	10
487.0	10
451.0	10
1046.0	10
467.0	10
926.0	10
415.0	10
1034.0	10
249.0	10
1156.0	10
110.0	10
489.0	10
547.0	10
471.0	10
1120.0	9
619.0	9
395.0	9
427.0	9
77.0	9
1240.0	9
111.0	9
755.0	9
431.0	9
1104.0	9
579.0	9
1018.0	9
243.0	9
221.0	9
906.0	9
525.0	9
227.0	9
459.0	9
1188.0	9
118.0	8
225.0	8
259.0	8
505.0	8
393.0	8
479.0	8
1182.0	8
1204.0	8
1006.0	8
1078.0	8
990.0	8
1080.0	8
549.0	8
321.0	8
309.0	8
567.0	8
515.0	8
503.0	8
1010.0	8
275.0	8
365.0	8
499.0	8
555.0	8
441.0	8
1060.0	8
599.0	8
491.0	8
1228.0	8
1064.0	8
409.0	8
1052.0	8
1027.0	8
475.0	8
369.0	8
377.0	8
1116.0	8
114.0	8
583.0	8
1136.0	8
1260.0	7
97.0	7
1076.0	7
918.0	7
115.0	7
517.0	7
405.0	7
509.0	7
1068.0	7
73.0	7
465.0	7
539.0	7
1062.0	7
293.0	7
571.0	7
535.0	7
1042.0	7
289.0	7
495.0	7
241.0	7
613.0	7
102.0	7
485.0	7
217.0	7
1264.0	7
559.0	6
481.0	6
531.0	6
425.0	6
297.0	6
1320.0	6
1096.0	6
285.0	6
617.0	6
1292.0	6
747.0	6
659.0	6
649.0	6
1160.0	6
607.0	6
1049.0	6
455.0	6
553.0	6
461.0	6
657.0	6
561.0	6
623.0	6
1380.0	6
1014.0	6
1288.0	6
639.0	6
803.0	6
453.0	6
986.0	6
1202.0	6
1038.0	6
429.0	6
1312.0	6
1344.0	6
1128.0	6
783.0	6
1196.0	6
545.0	6
1244.0	6
779.0	6
493.0	6
1432.0	6
1152.0	6
733.0	6
611.0	5
1164.0	5
673.0	5
1192.0	5
1248.0	5
633.0	5
1124.0	5
122.0	5
1424.0	5
519.0	5
829.0	5
939.0	5
1050.0	5
1184.0	5
1500.0	5
477.0	5
1084.0	5
641.0	5
523.0	5
946.0	5
970.0	5
529.0	5
273.0	5
513.0	5
711.0	5
1224.0	5
1200.0	5
709.0	5
527.0	5
253.0	5
563.0	5
1760.0	5
1276.0	5
1266.0	5
1148.0	5
575.0	5
1596.0	5
1092.0	5
689.0	5
823.0	5
719.0	5
1208.0	5
1468.0	5
593.0	5
1256.0	5
895.0	5
635.0	5
537.0	5
1176.0	5
1035.0	5
1033.0	5
1180.0	5
759.0	5
831.0	5
1041.0	4
771.0	4
1140.0	4
861.0	4
1364.0	4
1158.0	4
1190.0	4
1252.0	4
807.0	4
551.0	4
1486.0	4
1162.0	4
597.0	4
541.0	4
1348.0	4
1372.0	4
483.0	4
1037.0	4
261.0	4
1768.0	4
497.0	4
1066.0	4
1592.0	4
1280.0	4
587.0	4
103.0	4
995.0	4
609.0	4
1340.0	4
845.0	4
693.0	4
1070.0	4
715.0	4
631.0	4
1086.0	4
565.0	4
1272.0	4
1045.0	4
1054.0	4
1186.0	4
1392.0	4
1448.0	4
975.0	4
901.0	4
795.0	4
681.0	4
1144.0	4
337.0	4
735.0	4
591.0	4
869.0	4
1932.0	3
1106.0	3
1460.0	3
887.0	3
1302.0	3
1232.0	3
417.0	3
1039.0	3
757.0	3
119.0	3
1860.0	3
107.0	3
1608.0	3
1198.0	3
1442.0	3
679.0	3
867.0	3
725.0	3
106.0	3
629.0	3
521.0	3
663.0	3
1412.0	3
671.0	3
843.0	3
1122.0	3
857.0	3
573.0	3
1088.0	3
569.0	3
777.0	3
1220.0	3
2236.0	3
1576.0	3
769.0	3
1524.0	3
1464.0	3
1304.0	3
109.0	3
1444.0	3
1284.0	3
1492.0	3
469.0	3
581.0	3
1378.0	3
1025.0	3
753.0	3
101.0	3
1356.0	3
1634.0	3
1430.0	3
751.0	3
501.0	3
605.0	3
945.0	3
1294.0	3
1082.0	3
105.0	3
1166.0	3
811.0	3
863.0	3
821.0	3
1300.0	3
815.0	3
1268.0	3
1324.0	3
1420.0	3
1580.0	3
991.0	3
651.0	3
1452.0	3
1520.0	3
1061.0	3
2268.0	2
1890.0	2
1362.0	2
1226.0	2
775.0	2
1130.0	2
875.0	2
1734.0	2
789.0	2
1453.0	2
1242.0	2
1368.0	2
1672.0	2
1011.0	2
1436.0	2
943.0	2
891.0	2
1556.0	2
511.0	2
1564.0	2
1652.0	2
117.0	2
125.0	2
1641.0	2
645.0	2
987.0	2
121.0	2
913.0	2
1118.0	2
1568.0	2
1233.0	2
743.0	2
589.0	2
625.0	2
799.0	2
1728.0	2
2798.0	2
1306.0	2
871.0	2
745.0	2
785.0	2
1150.0	2
533.0	2
675.0	2
825.0	2
677.0	2
951.0	2
737.0	2
1904.0	2
1648.0	2
1772.0	2
1246.0	2
449.0	2
1219.0	2
2705.0	2
1390.0	2
1310.0	2
839.0	2
1400.0	2
1484.0	2
819.0	2
1254.0	2
1214.0	2
713.0	2
691.0	2
723.0	2
1138.0	2
1578.0	2
1135.0	2
893.0	2
1680.0	2
1107.0	2
2172.0	2
701.0	2
665.0	2
969.0	2
1640.0	2
721.0	2
1710.0	2
433.0	2
965.0	2
937.0	2
123.0	2
1968.0	2
1560.0	2
1328.0	2
1332.0	2
841.0	2
1085.0	2
1428.0	2
445.0	2
1404.0	2
959.0	2
1102.0	2
923.0	2
1278.0	2
1019.0	2
1406.0	2
1684.0	2
1114.0	2
787.0	2
835.0	2
1234.0	2
1554.0	2
1336.0	2
577.0	2
773.0	2
2033.0	2
1207.0	2
1863.0	2
1808.0	2
457.0	2
1654.0	2
879.0	2
962.0	2
2328.0	2
1800.0	2
2428.0	2
99.0	2
627.0	2
1508.0	2
1440.0	2
1154.0	2
637.0	2
1074.0	2
1692.0	2
1007.0	2
1416.0	2
1157.0	2
763.0	2
731.0	2
1536.0	2
717.0	2
655.0	2
317.0	2
1342.0	2
697.0	2
695.0	2
1126.0	1
2282.0	1
1322.0	1
1075.0	1
1142.0	1
979.0	1
1098.0	1
699.0	1
805.0	1
1347.0	1
1367.0	1
1752.0	1
1588.0	1
1313.0	1
667.0	1
851.0	1
1172.0	1
2326.0	1
989.0	1
925.0	1
1834.0	1
1866.0	1
1764.0	1
1582.0	1
727.0	1
669.0	1
1366.0	1
703.0	1
1047.0	1
837.0	1
1013.0	1
1670.0	1
767.0	1
1700.0	1
1137.0	1
1236.0	1
585.0	1
1470.0	1
1003.0	1
1645.0	1
1732.0	1
1472.0	1
2481.0	1
1229.0	1
997.0	1
685.0	1
849.0	1
1839.0	1
921.0	1
1418.0	1
1206.0	1
741.0	1
1210.0	1
1551.0	1
1458.0	1
1624.0	1
1426.0	1
801.0	1
1984.0	1
1886.0	1
643.0	1
1330.0	1
1539.0	1
621.0	1
1155.0	1
1478.0	1
1530.0	1
949.0	1
881.0	1
1250.0	1
1327.0	1
1095.0	1
1021.0	1
1295.0	1
1450.0	1
1743.0	1
957.0	1
683.0	1
781.0	1
2312.0	1
661.0	1
1316.0	1
1532.0	1
687.0	1
973.0	1
729.0	1
1290.0	1
1668.0	1
865.0	1
877.0	1
1262.0	1
1053.0	1
2102.0	1
601.0	1
1562.0	1
1296.0	1
1584.0	1
1612.0	1
1094.0	1
653.0	1
907.0	1
931.0	1
885.0	1
1750.0	1
983.0	1
1055.0	1
1916.0	1
919.0	1
1502.0	1
2176.0	1
647.0	1
981.0	1
1099.0	1
999.0	1
1816.0	1
1376.0	1
1089.0	1
1736.0	1
1211.0	1
1437.0	1
1153.0	1
2478.0	1
1308.0	1
897.0	1
1398.0	1
1360.0	1
707.0	1
1230.0	1
1538.0	1
1922.0	1
2936.0	1
1912.0	1
1708.0	1
1059.0	1
2612.0	1
955.0	1
